trade_date,ts_code,open,high,low,close,pre_close,change,pct_chg,vol,amount,turnover_rate,volume_ratio,ma5,ma_v_5,ma10,ma_v_10,ma13,ma_v_13,ma21,ma_v_21,ma30,ma_v_30,ma60,ma_v_60,ma120,ma_v_120
20110104,002418.SZ,4.4126,4.5307,4.4046,4.5187,4.4026,0.11610000000000031,2.6371,12609.19,28261.513,3.5026,1.37,,,,,,,,,,,,,,
20110105,002418.SZ,4.5047,4.5427,4.4667,4.5067,4.5187,-0.011999999999999567,-0.2656,9683.41,21848.1835,2.6898,1.11,,,,,,,,,,,,,,
20110106,002418.SZ,4.5187,4.5227,4.4527,4.5047,4.5067,-0.002000000000000668,-0.0444,9464.51,21221.5537,2.629,1.09,,,,,,,,,,,,,,
20110107,002418.SZ,4.4847,4.5027,4.3786,4.3826,4.5047,-0.12209999999999965,-2.7105,12093.9,26802.2913,3.3594,1.34,,,,,,,,,,,,,,
20110110,002418.SZ,4.3426,4.3786,4.2506,4.2726,4.3826,-0.11000000000000032,-2.5099,8486.66,18252.2777,2.3574,0.83,4.4371,10467.534,,,,,,,,,,,,
20110111,002418.SZ,4.2726,4.2826,4.1725,4.2285,4.2726,-0.04409999999999936,-1.0322,8184.9,17225.5524,2.2736,0.78,4.379,9582.676,,,,,,,,,,,,
20110112,002418.SZ,4.2425,4.2606,4.1525,4.2125,4.2285,-0.016000000000000014,-0.3784,6284.32,13199.8968,1.7456,0.66,4.3202,8902.858,,,,,,,,,,,,
20110113,002418.SZ,4.2125,4.2546,4.1845,4.2385,4.2125,0.0259999999999998,0.6172,4910.66,10364.5327,1.3641,0.55,4.2669,7992.088,,,,,,,,,,,,
20110114,002418.SZ,4.2065,4.2165,4.0664,4.0744,4.2385,-0.16410000000000036,-3.8717,8466.38,17406.1317,2.3518,1.06,4.2053,7266.584,,,,,,,,,,,,
20110117,002418.SZ,4.0244,4.0724,3.9304,3.9484,4.0744,-0.1259999999999999,-3.0925,6113.9,12158.4848,1.6983,0.84,4.1405,6792.032,4.2888,8629.783,,,,,,,,,,
20110118,002418.SZ,3.9484,3.9884,3.9324,3.9624,3.9484,0.014000000000000234,0.3546,2983.59,5898.9018,0.8288,0.44,4.0872,5751.77,4.2331,7667.223,,,,,,,,,,
20110119,002418.SZ,3.9624,4.0524,3.9424,4.0524,3.9624,0.08999999999999941,2.2714,4597.33,9188.0607,1.277,0.8,4.0552,5414.372,4.1877,7158.615,,,,,,,,,,
20110120,002418.SZ,4.0504,4.0504,3.8423,3.8423,4.0524,-0.21009999999999973,-5.1846,7322.3,14346.1016,2.034,1.35,3.976,5896.7,4.1215,6944.394,4.2111,7784.6962,,,,,,,,
20110121,002418.SZ,3.8423,3.9143,3.8023,3.8783,3.8423,0.03600000000000003,0.9369,5649.8,10874.2947,1.5694,0.96,3.9368,5333.384,4.071,6299.984,4.1619,7249.3585,,,,,,,,
20110124,002418.SZ,3.8783,4.0024,3.8583,3.8823,3.8783,0.0040000000000000036,0.1031,6948.66,13731.4318,1.9302,1.3,3.9235,5500.336,4.032,6146.184,4.1138,7038.9931,,,,,,,,
20110125,002418.SZ,3.8843,3.9424,3.8623,3.8983,3.8823,0.016000000000000014,0.4121,3148.29,6129.5215,0.8745,0.57,3.9107,5533.276,3.999,5642.523,4.0672,6553.13,,,,,,,,
20110126,002418.SZ,3.8983,3.9604,3.8983,3.9404,3.8983,0.042100000000000026,1.08,2577.3,5072.4803,0.7159,0.47,3.8883,5129.27,3.9718,5271.821,4.0332,5821.0838,,,,,,,,
20110127,002418.SZ,3.9404,3.9944,3.9043,3.9784,3.9404,0.038000000000000256,0.9644,4188.68,8306.9495,1.1635,0.82,3.9155,4502.546,3.9458,5199.623,4.0105,5490.47,,,,,,,,
20110128,002418.SZ,3.9624,4.0024,3.9544,3.9964,3.9784,0.017999999999999794,0.4524,3637.99,7228.002,1.0106,0.81,3.9392,4100.184,3.938,4716.784,3.9927,5140.7077,,,,,,,,
20110131,002418.SZ,3.9984,4.0064,3.9664,4.0064,3.9964,0.010000000000000231,0.2502,4329.65,8639.0957,1.2027,1.06,3.964,3576.382,3.9438,4538.359,3.9768,4990.3485,,,,,,,,
20110201,002418.SZ,4.0064,4.0144,3.9524,3.9704,4.0064,-0.03600000000000003,-0.8986,3643.59,7242.2364,1.0121,1.02,3.9784,3675.442,3.9446,4604.359,3.9562,4892.8815,4.1093,6444.0481,,,,,,
20110209,002418.SZ,3.9524,3.9884,3.9043,3.9143,3.9704,-0.05610000000000026,-1.413,3613.39,7115.4157,1.0037,0.98,3.9732,3882.66,3.9308,4505.965,3.9439,4519.5746,4.0805,6015.6767,,,,,,
20110210,002418.SZ,3.9123,4.0164,3.9043,4.0124,3.9143,0.09810000000000052,2.5062,4499.32,8928.5897,1.2498,1.16,3.98,3944.788,3.9478,4223.667,3.9488,4395.3762,4.057,5768.8152,,,,,,
20110211,002418.SZ,3.9924,4.1205,3.9704,4.0945,4.0124,0.08209999999999962,2.0462,7874.75,15998.5174,2.1874,2.0,3.9996,4792.14,3.9694,4446.162,3.959,4771.6192,4.0375,5693.1124,,,,,,
20110214,002418.SZ,4.0945,4.1565,4.0744,4.1565,4.0945,0.06200000000000028,1.5142,9859.86,20271.533,2.7389,2.06,4.0296,5898.182,3.9968,4737.282,3.967,5176.4292,4.0267,5586.7295,,,,,,
20110215,002418.SZ,4.1585,4.1725,4.1245,4.1265,4.1565,-0.03000000000000025,-0.7218,8462.92,17553.7568,2.3508,1.43,4.0608,6862.048,4.0196,5268.745,3.9889,5264.1692,4.0197,5585.599,,,,,,
20110216,002418.SZ,4.1265,4.2145,4.1245,4.2125,4.1265,0.0860000000000003,2.0841,7657.55,15973.3803,2.1271,1.12,4.1205,7670.88,4.0468,5776.77,4.0146,5418.6115,4.019,5560.4871,,,,,,
20110217,002418.SZ,4.1945,4.2365,4.1525,4.2345,4.2125,0.021999999999999353,0.5223,7436.37,15576.1633,2.0657,0.97,4.1649,8258.29,4.0724,6101.539,4.0417,5456.1277,4.02,5615.3467,,,,,,
20110218,002418.SZ,4.2325,4.2966,4.1785,4.1865,4.2345,-0.04800000000000004,-1.1335,7719.13,16313.755,2.1442,0.93,4.1833,8227.166,4.0915,6509.653,4.0638,5807.7308,4.0175,5749.0833,,,,,,
20110221,002418.SZ,4.1945,4.2966,4.1885,4.2946,4.1865,0.10810000000000031,2.5821,7896.15,16783.5714,2.1934,0.96,4.2109,7834.424,4.1203,6866.303,4.0911,6216.8731,4.028,5721.9295,4.1176,6678.1483,,,,
20110222,002418.SZ,4.2946,4.2946,4.1165,4.1225,4.2946,-0.17210000000000036,-4.0074,8734.01,18244.9396,2.4261,1.11,4.2101,7888.642,4.1355,7375.345,4.1022,6566.5138,4.0363,5846.6967,4.1044,6548.9757,,,,
20110223,002418.SZ,4.1045,4.1905,4.1045,4.1525,4.1225,0.03000000000000025,0.7277,5513.76,11440.7898,1.5316,0.7,4.1981,7459.884,4.1593,7565.382,4.1142,6710.8038,4.0454,5967.181,4.0926,6409.9873,,,,
20110224,002418.SZ,4.1325,4.1885,4.0604,4.1885,4.1525,0.036000000000000476,0.8669,17745.5,36498.0892,4.9293,2.38,4.1889,9521.71,4.1769,8890.0,4.1282,7742.7923,4.0519,6593.2843,4.082,6686.0203,,,,
20110225,002418.SZ,4.1625,4.3186,4.0945,4.3166,4.1885,0.12809999999999988,3.0584,25653.28,53542.5065,7.1259,2.69,4.2149,13108.54,4.1991,10667.853,4.1548,9435.8454,4.0744,7466.1881,4.0798,7137.9997,,,,
20110228,002418.SZ,4.3026,4.4527,4.2025,4.4046,4.3166,0.08800000000000008,2.0386,38208.31,83745.8819,10.6134,2.91,4.2369,19170.972,4.2239,13502.698,4.1925,12096.9931,4.0995,9016.5933,4.0842,8128.7213,,,,
20110301,002418.SZ,4.3986,4.3986,4.3226,4.3646,4.4046,-0.040000000000000036,-0.9081,16627.5,36195.9375,4.6188,0.87,4.2854,20749.67,4.2477,14319.156,4.2196,13029.93,4.1225,9477.4905,4.0888,8410.1413,,,,
20110302,002418.SZ,4.3506,4.3746,4.2465,4.3126,4.3646,-0.05200000000000049,-1.1914,12530.66,26833.9603,3.4807,0.6,4.3174,22153.05,4.2578,14806.467,4.2364,13388.0769,4.1422,9924.27,4.0921,8618.3527,,,,
20110303,002418.SZ,4.3086,4.3506,4.2105,4.2185,4.3126,-0.09410000000000007,-2.182,10330.0,21995.4998,2.8694,0.47,4.3234,20669.95,4.2562,15095.83,4.2412,13424.2415,4.1554,10293.4462,4.0914,8798.9973,,,,
20110304,002418.SZ,4.2165,4.2866,4.2025,4.2646,4.2185,0.04610000000000003,1.0928,7554.6,16006.2592,2.0985,0.37,4.313,17050.214,4.264,15079.377,4.2518,13354.3708,4.1691,10453.7281,4.0978,8768.6047,,,,
20110307,002418.SZ,4.2646,4.3026,4.2485,4.2986,4.2646,0.034000000000000696,0.7973,9712.03,20748.5933,2.6978,0.57,4.2918,11350.958,4.2644,15260.965,4.2584,13512.4077,4.1835,10742.9681,4.1095,8888.5423,,,,
20110308,002418.SZ,4.2926,4.3086,4.2626,4.3006,4.2986,0.0019999999999997797,0.0465,7964.74,17065.8359,2.2124,0.7,4.279,9618.406,4.2822,15184.038,4.2635,13553.0515,4.1975,10916.0676,4.1207,9054.5807,,,,
20110309,002418.SZ,4.2986,4.3026,4.2465,4.2926,4.3006,-0.008000000000000007,-0.186,7942.81,16991.6323,2.2063,0.83,4.275,8700.836,4.2962,15426.943,4.2716,13570.2577,4.2128,11120.7924,4.1287,9166.0967,,,,
20110310,002418.SZ,4.2806,4.2926,4.2205,4.2205,4.2926,-0.07209999999999983,-1.6796,12303.86,26118.9029,3.4177,1.41,4.2754,9095.608,4.2994,14882.779,4.2659,13909.3123,4.2274,11534.6243,4.1414,9332.1487,,,,
20110311,002418.SZ,4.2125,4.2586,4.1965,4.2125,4.2205,-0.008000000000000007,-0.1896,12392.83,26169.7296,3.4425,1.36,4.265,10063.254,4.289,13556.734,4.2729,14190.76,4.2369,11910.5057,4.1525,9556.9163,,,,
20110314,002418.SZ,4.2045,4.3606,4.2025,4.3186,4.2125,0.10609999999999964,2.5187,21401.91,45779.7509,5.945,2.13,4.269,12401.23,4.2804,11876.094,4.2856,15412.9254,4.2476,12554.6562,4.167,10038.6913,,,,
20110315,002418.SZ,4.3306,4.3306,4.2025,4.2826,4.3186,-0.03599999999999959,-0.8336,15388.41,32836.0731,4.2746,1.24,4.2654,13885.964,4.2722,11752.185,4.2929,15231.6108,4.2536,12817.9205,4.1798,10446.6953,,,,
20110316,002418.SZ,4.2866,4.3406,4.2746,4.3326,4.2826,0.04999999999999982,1.1675,15636.82,33669.9645,4.3436,1.13,4.2734,15424.766,4.2742,12062.801,4.2941,14461.1138,4.2634,13159.5348,4.1929,10882.0127,,,,
20110317,002418.SZ,4.2986,4.3766,4.2846,4.3226,4.3326,-0.009999999999999787,-0.2308,16711.12,36224.0684,4.642,1.08,4.2938,16306.218,4.2846,12700.913,4.2878,12807.4838,4.2687,13590.6571,4.2044,11299.4273,,,,
20110318,002418.SZ,4.3426,4.4987,4.3306,4.4647,4.3226,0.14209999999999923,3.2874,30758.1,68159.7337,8.5439,1.89,4.3442,19979.272,4.3046,15021.263,4.2955,13894.4531,4.2796,14701.2157,4.22,12203.431,,,,
20110321,002418.SZ,4.4607,4.5047,4.3186,4.3186,4.4647,-0.14609999999999967,-3.2723,25400.07,56008.9564,7.0556,1.27,4.3442,20778.904,4.3066,16590.067,4.296,14884.4077,4.2859,15543.1652,4.2304,12905.7783,,,,
20110322,002418.SZ,4.4126,4.4607,4.3126,4.3266,4.3186,0.008000000000000007,0.1852,24646.69,53846.4068,6.8463,1.19,4.353,22630.56,4.3092,18258.262,4.3043,15985.6915,4.2874,16340.81,4.2423,13605.8817,,,,
20110323,002418.SZ,4.3266,4.4126,4.3226,4.4066,4.3266,0.08000000000000007,1.849,16285.78,35704.5026,4.5238,0.72,4.3678,22760.352,4.3206,19092.559,4.3152,16657.3208,4.301,16700.4181,4.2587,14028.2947,,,,
20110324,002418.SZ,4.4126,4.5027,4.4066,4.4166,4.4066,0.009999999999999787,0.2269,17258.63,38384.9157,4.7941,0.76,4.3866,22869.854,4.3402,19588.036,4.3243,17237.8285,4.3135,17259.6976,4.2722,14453.605,,,,
20110325,002418.SZ,4.4126,4.4647,4.3946,4.4227,4.4166,0.006099999999999994,0.1381,13452.31,29732.5885,3.7368,0.59,4.3782,19408.696,4.3612,19693.984,4.3337,17659.9492,4.3247,17055.26,4.2831,14639.5237,,,,
20110328,002418.SZ,4.4227,4.4547,4.3406,4.3566,4.4227,-0.0660999999999996,-1.4946,17965.13,39405.9449,4.9903,0.93,4.3858,17921.708,4.365,19350.306,4.3386,18430.8969,4.3266,16689.1576,4.2898,14909.6993,,,,
20110329,002418.SZ,4.3566,4.3586,4.2245,4.2265,4.3566,-0.13010000000000055,-2.9863,15585.12,33326.6084,4.3292,0.87,4.3658,16109.394,4.3594,19369.977,4.3391,18683.3015,4.3181,15611.8629,4.2931,15147.106,,,,
20110330,002418.SZ,4.2265,4.2626,4.2105,4.2425,4.2265,0.016000000000000014,0.3786,7558.26,15996.9452,2.0995,0.47,4.333,14363.89,4.3504,18562.121,4.3414,18311.4115,4.3123,15179.9943,4.2941,15143.7963,,,,
20110331,002418.SZ,4.2946,4.3926,4.2526,4.2906,4.2425,0.0481000000000007,1.1338,10967.31,23646.692,3.0465,0.76,4.3078,13105.626,4.3472,17987.74,4.3392,17508.75,4.3113,15105.549,4.296,15261.4943,,,,
20110401,002418.SZ,4.3306,4.3306,4.2485,4.2986,4.2906,0.008000000000000007,0.1865,6011.59,12866.4595,1.6699,0.46,4.283,11617.482,4.3306,15513.089,4.3404,16787.4562,4.3151,14899.9105,4.2997,15204.5763,,,,
20110406,002418.SZ,4.3206,4.3206,4.2145,4.2445,4.2986,-0.05410000000000004,-1.2585,9568.46,20301.832,2.6579,0.82,4.2605,9938.148,4.3232,13929.928,4.3337,16320.6592,4.3141,14995.8086,4.298,15260.32,4.2078,10969.2342,,
20110407,002418.SZ,4.2345,4.3026,4.2265,4.3026,4.2445,0.058099999999999596,1.3688,7005.79,14916.2423,1.9461,0.7,4.2758,8222.282,4.3208,12165.838,4.3321,15574.0954,4.3143,14866.94,4.304,15202.7127,4.2042,10875.8442,,
20110408,002418.SZ,4.2946,4.3126,4.2626,4.3086,4.3026,0.006000000000000227,0.1395,7071.31,15187.7962,1.9643,0.86,4.289,8124.892,4.311,11244.391,4.3201,13752.0346,4.3147,14824.3957,4.3092,15254.631,4.2009,10832.3092,,
20110411,002418.SZ,4.3026,4.3066,4.2225,4.2385,4.3086,-0.07010000000000005,-1.627,6744.63,14378.9953,1.8735,0.83,4.2786,7280.356,4.2932,10192.991,4.314,12317.0008,4.3121,14767.3395,4.3109,14887.9353,4.1965,10786.9778,,
20110412,002418.SZ,4.2385,4.2606,4.2005,4.2145,4.2385,-0.02400000000000002,-0.5662,6153.76,13009.8772,1.7094,0.85,4.2617,7308.79,4.2724,9463.136,4.3053,10894.4677,4.3118,14474.4776,4.3075,14237.9513,4.1937,10687.9755,,
20110413,002418.SZ,4.2125,4.2566,4.1865,4.2526,4.2145,0.03810000000000002,0.904,4575.88,9668.9267,1.2711,0.63,4.2634,6310.274,4.262,8124.211,4.2935,9993.7062,4.3137,14102.2419,4.3024,13116.8703,4.1933,10622.7958,,
20110414,002418.SZ,4.2566,4.2586,4.2125,4.2225,4.2526,-0.030100000000000016,-0.7078,5468.13,11555.9187,1.5189,0.87,4.2473,6002.742,4.2616,7112.512,4.2786,9086.7446,4.3092,13343.4905,4.2977,12744.8913,4.1932,10577.5163,,
20110418,002418.SZ,4.2385,4.2445,4.1785,4.1825,4.2225,-0.040000000000000036,-0.9473,7238.59,15195.5575,2.0107,1.21,4.2221,6036.198,4.2556,7080.545,4.2601,8608.7662,4.3044,12955.4038,4.2934,12568.489,4.1927,10593.4208,,
20110419,002418.SZ,4.1825,4.2005,4.0624,4.0784,4.1825,-0.10409999999999986,-2.4889,8648.87,17736.2798,2.4025,1.43,4.1901,6417.046,4.2343,6848.701,4.2387,7892.1308,4.2923,12622.6443,4.2887,12512.4513,4.1901,10655.7243,,
20110420,002418.SZ,4.1025,4.1325,4.0845,4.1185,4.0784,0.0400999999999998,0.9832,4306.41,8847.5617,1.1962,0.67,4.1709,6047.576,4.2163,6678.183,4.2304,7024.5377,4.2826,12031.9438,4.2838,12404.1783,4.1908,10586.3915,,
20110421,002418.SZ,4.1025,4.1785,4.0885,4.1725,4.1185,0.05400000000000027,1.3112,9423.54,19432.6061,2.6177,1.56,4.1549,7017.108,4.2091,6663.691,4.225,7168.0208,4.2686,11016.0124,4.2796,12394.562,4.1945,10641.5522,,
20110422,002418.SZ,4.1665,4.1745,4.1025,4.1105,4.1725,-0.06200000000000028,-1.4859,5412.09,11173.2016,1.5034,0.77,4.1325,7005.9,4.1899,6504.321,4.2111,6740.6962,4.2587,10064.2038,4.2733,12309.4737,4.197,10682.0272,,
20110425,002418.SZ,4.0985,4.0985,3.9884,3.9984,4.1105,-0.11209999999999987,-2.7272,7929.52,15997.7006,2.2026,1.13,4.0957,7144.086,4.1589,6590.142,4.188,6888.2292,4.2431,9268.1481,4.2635,12309.0307,4.1961,10737.5637,,
20110426,002418.SZ,3.9844,3.9884,3.9063,3.9444,3.9984,-0.05400000000000027,-1.3505,5910.11,11670.7622,1.6417,0.83,4.0689,6596.334,4.1295,6506.69,4.165,6606.8177,4.2211,8774.0686,4.2543,12095.9057,4.1978,10714.0272,,
20110427,002418.SZ,3.9584,3.9784,3.8723,3.8823,3.9444,-0.062100000000000044,-1.5744,4661.1,9130.4315,1.2948,0.71,4.0216,6667.272,4.0963,6357.424,4.1326,6426.4569,4.1957,8174.1862,4.2433,11838.1813,4.1979,10697.5488,,
20110428,002418.SZ,3.9163,3.9184,3.7322,3.7342,3.8823,-0.1480999999999999,-3.8147,5864.76,11253.9145,1.6291,0.88,3.934,5955.516,4.0444,6486.312,4.0884,6333.6454,4.1629,7812.8743,4.2238,11320.2763,4.1954,10679.4838,,
20110429,002418.SZ,3.7523,3.7983,3.7422,3.7983,3.7342,0.06409999999999982,1.7166,2566.68,4845.4529,0.713,0.43,3.8715,5386.434,4.002,6196.167,4.0546,6012.2646,4.1363,7079.6148,4.2077,10892.8853,4.1937,10669.7903,,
20110503,002418.SZ,3.7923,3.8283,3.7683,3.8283,3.7983,0.03000000000000025,0.7898,3394.1,6449.7508,0.9428,0.63,3.8375,4479.35,3.9666,5811.718,4.0249,5799.9831,4.1173,6499.09,4.1908,10484.7947,4.1919,10683.4037,,
20110504,002418.SZ,3.8303,3.8783,3.8023,3.8083,3.8283,-0.020000000000000018,-0.5224,7294.9,14018.9012,2.0264,1.63,3.8103,4756.308,3.9396,5676.321,3.9907,6009.1385,4.0966,6486.549,4.1737,10170.9207,4.189,10735.174,,
20110505,002418.SZ,3.8023,3.8443,3.8023,3.8283,3.8083,0.020000000000000018,0.5252,2402.32,4599.5038,0.6673,0.51,3.7995,4304.552,3.9106,5485.912,3.9604,5773.3069,4.0746,6078.6924,4.1525,9225.728,4.1862,10714.5795,,
20110506,002418.SZ,3.8123,3.8563,3.8023,3.8463,3.8283,0.017999999999999794,0.4702,2923.76,5600.6276,0.8122,0.68,3.8219,3716.352,3.8779,4835.934,3.9345,5441.3969,4.0531,5931.6529,4.1367,8476.5177,4.1836,10691.148,,
20110509,002418.SZ,3.8483,3.9143,3.8403,3.9123,3.8463,0.06600000000000028,1.7159,4868.65,9466.6143,1.3524,1.31,3.8447,4176.746,3.8581,4781.59,3.9217,5150.6108,4.0373,5707.8524,4.1229,7817.2497,4.1826,10711.5657,,
20110510,002418.SZ,3.9123,3.9704,3.8883,3.9404,3.9123,0.028099999999999792,0.7182,4376.63,8596.7434,1.2157,1.05,3.8671,4373.252,3.8523,4426.301,3.908,5156.0123,4.02,5582.6543,4.1074,7420.278,4.183,10724.2863,,
20110511,002418.SZ,3.9444,3.9444,3.8883,3.9023,3.9404,-0.03810000000000002,-0.9669,4578.4,8938.6623,1.2718,1.05,3.8859,3829.952,3.8481,4293.13,3.8873,4783.3092,4.0007,5463.9443,4.0902,6997.6037,4.1812,10725.6043,,
20110512,002418.SZ,3.9023,3.9163,3.8603,3.8663,3.9023,-0.03600000000000003,-0.9225,3517.95,6829.7212,0.9772,0.92,3.8935,4053.078,3.8465,4178.815,3.8685,4637.6062,3.983,5310.2929,4.0717,6666.4583,4.1774,10652.991,,
20110513,002418.SZ,3.8603,3.9604,3.8603,3.9224,3.8663,0.05610000000000026,1.451,5343.8,10469.3271,1.4844,1.32,3.9087,4537.086,3.8653,4126.719,3.8626,4438.7046,3.969,5271.7233,4.0572,6245.7473,4.1735,10577.7233,,
20110516,002418.SZ,3.9344,3.9424,3.8863,3.8983,3.9224,-0.024100000000000232,-0.6144,2266.85,4417.2403,0.6297,0.5,3.9059,4016.726,3.8753,4096.736,3.8591,4158.4538,3.9522,5161.7695,4.0463,5801.805,4.1697,10474.4555,,
20110517,002418.SZ,3.8983,3.9184,3.8083,3.8783,3.8983,-0.020000000000000018,-0.513,3329.9,6436.844,0.925,0.83,3.8935,3807.38,3.8803,4090.316,3.8588,4056.0538,3.9358,5059.949,4.0341,5660.8597,4.1641,10402.328,,
20110518,002418.SZ,3.8643,3.8943,3.8643,3.8783,3.8783,0.0,0.0,2062.62,3999.298,0.573,0.54,3.8887,3304.224,3.8873,3567.088,3.8699,3763.5815,3.9213,4813.4743,4.0204,5364.0367,4.1582,10312.7655,,
20110519,002418.SZ,3.8823,3.8923,3.8203,3.8283,3.8783,-0.04999999999999982,-1.2892,3631.18,6978.3314,1.0087,1.1,3.8811,3326.87,3.8873,3689.974,3.8722,3845.4662,3.9094,4574.5367,4.0047,5284.6897,4.1522,10244.633,,
20110520,002418.SZ,3.8223,3.8343,3.7743,3.7803,3.8283,-0.04800000000000004,-1.2538,2652.7,5037.4653,0.7369,0.8,3.8527,2788.65,3.8807,3662.868,3.8685,3788.4354,3.8933,4495.7886,3.9893,5054.1643,4.1437,10157.2422,,
20110523,002418.SZ,3.7643,3.7783,3.5681,3.6002,3.7803,-0.18009999999999993,-4.7642,4982.0,9116.849,1.3839,1.79,3.7931,3331.68,3.8495,3674.203,3.8525,3610.52,3.866,4284.2867,3.9658,4986.7047,4.1349,10094.7087,,
20110524,002418.SZ,3.5721,3.6702,3.5721,3.6242,3.6002,0.02400000000000002,0.6666,3698.62,6677.0497,1.0274,1.11,3.7423,3405.424,3.8179,3606.402,3.8368,3710.2354,3.8429,4202.6929,3.943,4874.2817,4.1261,10064.4563,,
20110525,002418.SZ,3.6242,3.6702,3.6022,3.6122,3.6242,-0.01200000000000001,-0.3311,2595.41,4718.8392,0.7209,0.76,3.689,3511.982,3.7889,3408.103,3.8188,3684.9777,3.8245,3948.6876,3.9222,4735.9743,4.1165,9811.9548,,
20110526,002418.SZ,3.6182,3.6482,3.5721,3.5801,3.6122,-0.03210000000000024,-0.8887,2939.0,5312.1043,0.8164,0.84,3.6394,3373.546,3.7603,3350.208,3.7932,3536.5431,3.8071,3807.2062,3.901,4628.8157,4.1043,9433.3835,,
20110527,002418.SZ,3.5801,3.5842,3.382,3.382,3.5801,-0.19809999999999972,-5.5334,4136.0,7146.035,1.1489,1.23,3.5597,3670.206,3.7062,3229.428,3.7502,3518.0331,3.7833,3782.2014,3.872,4614.153,4.0872,8865.5117,,
20110530,002418.SZ,3.376,3.4181,3.342,3.344,3.382,-0.038000000000000256,-1.1236,3137.01,5297.2215,0.8714,0.85,3.5085,3301.208,3.6508,3316.444,3.7073,3407.1569,3.7647,3652.3086,3.8427,4536.449,4.0702,8640.6702,,
20110531,002418.SZ,3.344,3.398,3.322,3.38,3.344,0.03600000000000003,1.0766,4124.13,6922.7479,1.1456,1.25,3.4597,3386.31,3.601,3395.867,3.6699,3453.7862,3.7448,3726.4729,3.816,4432.6337,4.0547,8500.5613,,
20110601,002418.SZ,3.362,3.4241,3.354,3.402,3.38,0.02200000000000024,0.6509,3741.02,6351.8877,0.35,1.1,3.4176,3615.432,3.5533,3563.707,3.6299,3330.4954,3.7245,3742.9929,3.7934,4269.0387,4.0411,8390.745,,
20110602,002418.SZ,3.392,3.4521,3.382,3.398,3.402,-0.0040000000000000036,-0.1176,4266.41,7295.6036,0.3991,1.18,3.3812,3880.914,3.5103,3627.23,3.5914,3484.3077,3.705,3598.779,3.7694,4267.7053,4.0266,8335.9418,,
20110603,002418.SZ,3.404,3.4201,3.376,3.4201,3.398,0.02210000000000001,0.6504,5905.29,10040.114,0.5525,1.52,3.3888,4234.772,3.4743,3952.489,3.5561,3682.4146,3.6855,3765.5871,3.7443,4150.4303,4.012,8272.4962,,
20110608,002418.SZ,3.4241,3.4821,3.398,3.4361,3.4201,0.016000000000000014,0.4678,7748.86,13276.1959,0.725,1.83,3.4072,5157.142,3.4579,4229.175,3.5221,4119.8177,3.666,3995.3538,3.7218,4228.3227,3.9976,8268.8982,,
20110609,002418.SZ,3.416,3.4341,3.342,3.372,3.4361,-0.06410000000000027,-1.8655,7826.86,13241.7378,0.7323,1.52,3.4056,5897.688,3.4327,4641.999,3.487,4442.5623,3.6403,4136.221,3.7009,4224.9007,3.9822,8266.9657,,
20110610,002418.SZ,3.3494,3.3494,3.175,3.2655,3.3721,-0.10660000000000025,-3.1612,7910.84,7940.3986,0.4626,1.34,3.3783,6731.652,3.398,5173.542,3.4474,4847.0346,3.6081,4304.5167,3.6783,4291.5917,3.9663,8193.7487,,
20110613,002418.SZ,3.2558,3.2558,3.146,3.2202,3.2655,-0.045299999999999674,-1.3872,3938.39,3906.1812,0.2303,0.59,3.3428,6666.048,3.362,5273.481,3.4182,4766.7569,3.5757,4274.04,3.6562,4267.5013,3.9498,8052.8413,,
20110614,002418.SZ,3.2235,3.2558,3.1944,3.2461,3.2202,0.025900000000000034,0.8043,5939.25,5946.3864,0.3473,0.89,3.308,6672.84,3.3484,5453.806,3.3891,4939.1131,3.5461,4389.34,3.64,4269.9843,3.9319,7795.1303,,
20110615,002418.SZ,3.2299,3.2719,3.217,3.259,3.2461,0.01289999999999969,0.3974,9122.18,9169.9921,0.5334,1.37,3.2726,6947.504,3.3399,6052.323,3.3619,5441.1723,3.5145,4569.2629,3.622,4488.501,3.9148,7690.6932,,
20110616,002418.SZ,3.2299,3.259,3.1976,3.2073,3.259,-0.05169999999999986,-1.5864,7031.89,7005.0631,0.4112,1.01,3.2396,6788.51,3.3226,6343.099,3.3333,5756.01,3.4816,4796.1695,3.6013,4609.7607,3.8961,7547.2777,,
20110617,002418.SZ,3.2073,3.2493,3.1847,3.2041,3.2073,-0.0032000000000000917,-0.0998,6808.5,6795.8595,0.3981,1.0,3.2273,6568.042,3.3028,6649.847,3.3196,5961.5869,3.4495,4961.8171,3.5812,4593.5473,3.8774,7382.234,,
20110620,002418.SZ,3.2041,3.2106,3.104,3.1234,3.2041,-0.08069999999999977,-2.5186,6510.87,6332.6886,0.3807,0.99,3.208,7082.538,3.2754,6874.293,3.3026,6221.1146,3.4136,5173.6386,3.5577,4730.499,3.8551,6978.1135,,
20110621,002418.SZ,3.1621,3.2202,3.1169,3.2202,3.1234,0.0968,3.0992,7754.32,7600.5903,0.4534,1.09,3.2028,7445.552,3.2554,7059.196,3.2903,6500.36,3.3846,5369.9786,3.5368,4891.5177,3.8368,6684.0177,,
20110622,002418.SZ,3.2138,3.3107,3.2073,3.301,3.2202,0.08079999999999998,2.5092,17901.21,18082.0329,1.0467,2.4,3.2112,9201.358,3.2419,8074.431,3.2825,7589.6054,3.3618,6096.0981,3.5164,5325.9363,3.8197,6571.593,,
20110623,002418.SZ,3.3042,3.343,3.2493,3.343,3.301,0.041999999999999815,1.2723,13295.75,13604.2813,0.7774,1.44,3.2383,10454.13,3.239,8621.32,3.2783,8284.17,3.3495,6491.991,3.4965,5623.2403,3.802,6521.7592,,
20110624,002418.SZ,3.3301,3.469,3.3042,3.4496,3.343,0.10660000000000025,3.1888,27120.74,28704.076,1.5858,2.59,3.2874,14516.578,3.2574,10542.31,3.2806,9916.1277,3.3412,7607.33,3.4814,6374.6517,3.7858,6686.1277,,
20110627,002418.SZ,3.5206,3.7952,3.4625,3.6886,3.4496,0.23899999999999988,6.9283,70646.99,80029.786,4.1309,4.87,3.4005,27343.802,3.3042,17213.17,3.3,14754.4454,3.3449,10847.8814,3.4755,8612.2863,3.7736,7639.3723,,
20110628,002418.SZ,3.7144,3.779,3.5755,3.6983,3.6886,0.009700000000000042,0.263,66174.16,75654.1034,3.8694,2.42,3.4961,39027.77,3.3495,23236.661,3.3251,19242.6992,3.3505,13859.0795,3.468,10639.965,3.7626,8442.8562,,
20110629,002418.SZ,3.7306,3.7919,3.624,3.708,3.6983,0.009700000000000042,0.2623,55861.17,64201.7299,3.2664,1.43,3.5775,46619.762,3.3944,27910.56,3.3591,22931.1862,3.366,16322.1829,3.4617,12426.4423,3.754,9114.1237,,
20110630,002418.SZ,3.7177,3.7887,3.6078,3.6531,3.708,-0.05490000000000039,-1.4806,43876.94,49881.3396,2.5656,0.94,3.6395,52736.0,3.4389,31595.065,3.3924,26003.3823,3.3807,18262.1795,3.4542,13778.0103,3.7442,9719.435,,
20110701,002418.SZ,3.6498,3.6498,3.5465,3.5626,3.6531,-0.09049999999999958,-2.4773,20648.12,22972.3108,1.2074,0.39,3.6621,51441.476,3.4748,32979.027,3.4168,27134.8338,3.3894,19049.0362,3.4436,14397.527,3.732,9880.7818,,
20110704,002418.SZ,3.5626,3.6563,3.5626,3.6401,3.5626,0.07749999999999968,2.1754,17839.21,19945.6318,1.0431,0.35,3.6524,40879.92,3.5265,34111.861,3.4461,27805.3746,3.4008,19720.3786,3.4374,14871.128,3.7211,10077.9088,,
20110705,002418.SZ,3.6401,3.6595,3.6046,3.6175,3.6401,-0.02259999999999973,-0.6209,15183.6,17056.1674,0.8878,0.37,3.6363,30681.808,3.5662,34854.789,3.4777,28432.4292,3.4112,20240.2448,3.432,15288.8247,3.7106,10171.4945,3.9592,10570.3643
20110706,002418.SZ,3.6175,3.6175,3.5336,3.5691,3.6175,-0.0484,-1.3379,18737.02,20689.9323,1.0956,0.61,3.6085,23256.978,3.593,34938.37,3.5057,29350.0077,3.4183,20851.2795,3.4309,15747.3253,3.6984,10367.015,3.9513,10621.4296
20110707,002418.SZ,3.5529,3.5885,3.54,3.5497,3.5691,-0.019400000000000084,-0.5436,18049.09,19914.4136,1.0554,0.78,3.5878,18091.408,3.6137,35413.704,3.5385,30237.5631,3.4237,21341.7667,3.4284,16225.6743,3.6857,10549.978,3.9433,10691.1436
20110708,002418.SZ,3.5529,3.6111,3.5206,3.5852,3.5497,0.035499999999999865,1.0001,10513.54,11590.1773,0.6148,0.58,3.5923,16064.492,3.6272,33752.984,3.5666,30449.8108,3.4339,21469.7038,3.4275,16489.612,3.6748,10612.7932,3.9357,10699.8855
20110711,002418.SZ,3.582,3.6143,3.5497,3.5691,3.5852,-0.01609999999999978,-0.4491,12496.79,13866.0372,0.7307,0.78,3.5781,14996.008,3.6153,27937.964,3.5872,30034.0862,3.4483,21688.0824,3.4272,16808.205,3.6641,10718.5103,3.9289,10703.2429
20110712,002418.SZ,3.5594,3.5594,3.4431,3.4496,3.5691,-0.11949999999999994,-3.3482,12561.8,13603.9176,0.7345,0.84,3.5445,14471.648,3.5904,22576.728,3.5954,29977.6285,3.4593,22098.721,3.4294,17089.065,3.6507,10851.609,3.922,10737.2024
20110713,002418.SZ,3.4237,3.5271,3.4237,3.5239,3.4496,0.07429999999999959,2.1539,8896.8,9617.9797,0.5202,0.61,3.5355,12503.604,3.572,17880.291,3.6011,28575.7869,3.4725,22239.5567,3.4354,17281.058,3.6391,10908.7535,3.9162,10743.1349
20110714,002418.SZ,3.5239,3.582,3.4883,3.582,3.5239,0.05810000000000004,1.6487,16067.28,17604.6041,0.9395,1.29,3.542,12107.242,3.5649,15099.325,3.5929,24377.3477,3.4879,22570.2757,3.4421,17679.163,3.6291,11055.8983,3.9109,10824.6596
20110715,002418.SZ,3.6175,3.7306,3.6175,3.6434,3.582,0.06140000000000034,1.7141,26796.85,30450.6625,1.5669,2.21,3.5536,15363.904,3.573,15714.198,3.5887,21348.3238,3.5086,23511.4643,3.4502,18447.6907,3.6218,11358.3647,3.9059,11007.0445
20110718,002418.SZ,3.6272,3.6821,3.6111,3.6434,3.6434,0.0,0.0,14350.11,16188.837,0.8391,0.93,3.5685,15734.568,3.5733,15365.288,3.5837,18155.1654,3.5296,23870.5886,3.4584,18783.814,3.6139,11525.7597,3.9023,11056.0756
20110719,002418.SZ,3.6434,3.6434,3.5465,3.5465,3.6434,-0.09690000000000021,-2.6596,12157.18,13470.3667,0.7109,0.77,3.5878,15653.644,3.5662,15062.646,3.5755,15715.1838,3.5497,24139.4605,3.4626,18992.2103,3.6034,11571.3203,3.899,11106.4363
20110720,002418.SZ,3.5755,3.5982,3.5013,3.5239,3.5465,-0.022600000000000176,-0.6372,8765.75,9598.4074,0.5126,0.56,3.5878,15627.434,3.5617,14065.519,3.5726,14801.1554,3.5642,24187.6238,3.4655,19026.1067,3.5937,11627.2147,3.8953,11154.6209
20110721,002418.SZ,3.4916,3.5368,3.4722,3.4722,3.5239,-0.05169999999999986,-1.4671,7522.5,8158.212,0.4399,0.48,3.5659,13918.478,3.5539,13012.86,3.5597,14007.5623,3.5723,23693.3995,3.4689,19015.9613,3.5849,11620.431,3.8905,11178.9973
20110722,002418.SZ,3.498,3.5206,3.4625,3.4722,3.4722,0.0,0.0,6264.05,6760.2104,0.3663,0.45,3.5316,9811.918,3.5426,12587.911,3.5485,13321.4431,3.5785,23358.5567,3.4757,18961.0683,3.577,11626.33,3.8874,11170.1786
20110725,002418.SZ,3.469,3.469,3.2235,3.2299,3.4722,-0.24229999999999974,-6.9783,12367.99,12701.6461,0.7232,1.26,3.4489,9415.494,3.5087,12575.031,3.5224,12831.5177,3.568,22656.0448,3.4761,19242.055,3.5662,11754.7782,3.882,11226.1635
20110726,002418.SZ,3.2267,3.2493,3.2009,3.2364,3.2299,0.00649999999999995,0.2012,6721.18,6721.8526,0.393,0.71,3.3869,8328.294,3.4874,11990.969,3.4983,11960.14,3.5465,19611.9586,3.4757,19268.1193,3.5579,11769.0518,3.8766,11224.2678
20110727,002418.SZ,3.217,3.3042,3.1718,3.2784,3.2364,0.041999999999999815,1.2977,9972.69,10114.9191,0.5831,1.2,3.3378,8569.682,3.4628,12098.558,3.4747,11918.5362,3.5265,16935.6981,3.4764,19296.4697,3.5492,11892.4853,3.8715,11281.1378
20110728,002418.SZ,3.2299,3.2784,3.2073,3.2461,3.2784,-0.03229999999999977,-0.9852,7996.66,8031.2961,0.4676,0.93,3.2926,8664.514,3.4292,11291.496,3.4498,11572.3723,3.5045,14656.4357,3.4777,19328.6287,3.5395,11969.1947,3.8657,11326.2992
20110729,002418.SZ,3.2881,3.4334,3.2429,3.3753,3.2461,0.12919999999999998,3.9802,22845.83,23747.9552,1.3359,2.64,3.2732,11980.87,3.4024,10896.394,3.4441,12363.4515,3.4913,13654.9543,3.4834,19863.2063,3.5323,12228.3768,3.8607,11481.7754
20110801,002418.SZ,3.3624,3.4237,3.3204,3.343,3.3753,-0.03230000000000022,-0.957,11789.65,12255.3144,0.6894,0.98,3.2958,11865.202,3.3724,10640.348,3.4302,12585.9785,3.4808,13233.1224,3.4907,20039.1657,3.5242,12384.8323,3.8552,11549.7059
20110802,002418.SZ,3.343,3.343,3.2202,3.2816,3.343,-0.0613999999999999,-1.8367,14213.31,14287.8653,0.8311,1.2,3.3049,13363.628,3.3459,10845.961,3.4071,12443.3654,3.4637,13060.4605,3.4928,20254.4653,3.5148,12572.9915,3.8492,11632.0698
20110803,002418.SZ,3.2429,3.3139,3.2138,3.2945,3.2816,0.012900000000000134,0.3931,10843.35,11017.2436,0.634,0.81,3.3081,13537.76,3.323,11053.721,3.3803,11216.1731,3.4484,12853.7819,3.4925,20019.2033,3.5045,12672.5698,3.8435,11692.0678
20110804,002418.SZ,3.3204,3.3979,3.2784,3.3947,3.2945,0.10019999999999962,3.0414,19612.33,20368.2021,1.1468,1.45,3.3378,15860.894,3.3152,12262.704,3.3611,11620.9592,3.44,12895.4633,3.4943,20229.756,3.4954,12926.4982,3.8392,11825.3923
20110805,002418.SZ,3.2945,3.3656,3.2493,3.3656,3.3947,-0.02909999999999968,-0.8572,18601.51,19184.5596,1.0877,1.17,3.3359,15012.03,3.3046,13496.45,3.3472,12116.6769,3.4313,12921.769,3.4915,19945.7817,3.4864,13160.2167,3.8338,11942.9105
20110808,002418.SZ,3.3268,3.343,3.1653,3.2073,3.3656,-0.1583000000000001,-4.7035,18722.47,18879.4396,1.0948,1.25,3.3087,16398.594,3.3023,14131.898,3.3229,12882.5785,3.4133,13312.6705,3.4754,18214.9643,3.4755,13413.6253,3.8264,12033.3082
20110809,002418.SZ,3.1201,3.2073,2.9102,3.2073,3.2073,0.0,0.0,16852.0,16225.9547,0.9854,1.03,3.2939,16926.332,3.2994,15144.98,3.3025,13600.2323,3.3961,13520.0614,3.4591,16570.8923,3.4635,13605.4287,3.8185,12091.576
20110810,002418.SZ,3.2558,3.3591,3.2235,3.3591,3.2073,0.15180000000000016,4.733,19793.35,20230.1127,1.1574,1.17,3.3068,18716.332,3.3075,16127.046,3.2938,14640.9477,3.3917,13864.421,3.4474,15368.6317,3.4546,13897.537,3.8121,12185.9963
20110811,002418.SZ,3.2978,3.414,3.2784,3.4044,3.3591,0.045299999999999674,1.3486,14540.14,15160.6766,0.8502,0.78,3.3087,17701.894,3.3233,16781.394,3.3072,14808.0362,3.3861,14133.1514,3.4391,14390.7383,3.4467,14084.3743,3.8054,12243.3512
20110812,002418.SZ,3.3914,3.4722,3.3914,3.4399,3.4044,0.03550000000000031,1.0428,16226.48,17318.726,0.9488,0.92,3.3236,17226.888,3.3297,16119.459,3.3229,15539.2131,3.3793,14140.7324,3.435,14243.3503,3.4393,14320.4387,3.7988,12316.6021
20110815,002418.SZ,3.4754,3.7823,3.3979,3.7177,3.4399,0.2777999999999996,8.0758,99092.57,111495.8637,5.7942,5.75,3.4257,33300.908,3.3672,24849.751,3.3567,22394.5885,3.3828,17583.3857,3.4376,16951.7957,3.4375,15911.4618,3.7949,13078.0474
20110816,002418.SZ,3.7241,3.8146,3.6046,3.7144,3.7177,-0.0032999999999998586,-0.0888,97975.38,112042.6006,5.7289,2.94,3.5271,49525.584,3.4105,33225.958,3.3927,29316.0285,3.3862,21565.5414,3.4409,19711.5217,3.4364,17500.1732,3.79,13828.7077
20110817,002418.SZ,3.821,3.821,3.582,3.5982,3.7144,-0.11620000000000008,-3.1284,81534.38,92818.1287,4.7675,1.65,3.5749,61873.79,3.4409,40295.061,3.4098,33830.5323,3.3887,24869.2176,3.4418,21804.767,3.4364,18776.0462,3.7857,14435.3774
20110818,002418.SZ,3.6789,3.6789,3.4302,3.5336,3.5982,-0.06459999999999999,-1.7953,47461.68,51807.7829,2.7752,0.77,3.6008,68458.098,3.4548,43079.996,3.4245,36574.5346,3.3891,26711.881,3.4413,22785.1867,3.4349,19505.4305,3.7805,14784.9434
20110819,002418.SZ,3.4851,3.6337,3.3914,3.4851,3.5336,-0.048499999999999766,-1.3725,41773.82,44919.1458,2.4426,0.61,3.6098,73567.566,3.4667,45397.227,3.4401,38694.5738,3.3897,28342.8962,3.438,23827.196,3.4327,20158.404,3.7746,14985.1794
20110822,002418.SZ,3.4334,3.4883,3.3785,3.3785,3.4851,-0.10660000000000025,-3.0587,20792.87,22041.5712,1.3962,0.28,3.542,57907.626,3.4838,45604.267,3.4466,39459.9215,3.3853,29034.7448,3.4316,24103.732,3.4294,20455.9685,3.7668,14944.676
20110823,002418.SZ,3.385,3.414,3.3333,3.3979,3.3785,0.019400000000000084,0.5742,14931.6,15586.9862,1.0026,0.26,3.4787,41298.87,3.5029,45412.227,3.4468,39099.8654,3.3933,29156.8214,3.4299,24182.7253,3.4296,20635.8952,3.7584,14750.7034
20110824,002418.SZ,3.4076,3.4786,3.4076,3.4496,3.3979,0.0517000000000003,1.5215,28480.01,30421.3078,1.9124,0.69,3.4489,30687.996,3.5119,46280.893,3.4533,39859.75,3.4034,30192.9562,3.4274,24835.499,3.4314,21058.2785,3.7508,14849.4743
20110825,002418.SZ,3.4593,3.498,3.427,3.4948,3.4496,0.04519999999999991,1.3103,26502.3,28424.6655,1.7796,0.86,3.4412,26496.12,3.521,47477.109,3.4754,40458.1985,3.4137,30980.0805,3.4245,25183.333,3.4333,21431.248,3.744,14965.9047
20110826,002418.SZ,3.4948,3.4948,3.4334,3.4625,3.4948,-0.03230000000000022,-0.9242,17421.13,18674.9574,1.1698,0.66,3.4367,21625.582,3.5232,47596.574,3.4951,40501.9777,3.424,31428.8648,3.4185,24870.809,3.4343,21659.2498,3.7377,15024.9974
20110829,002418.SZ,3.469,3.4819,3.3591,3.3785,3.4625,-0.08400000000000007,-2.426,14162.48,14955.0413,0.951,0.65,3.4367,20299.504,3.4893,39103.565,3.4965,40068.8338,3.4242,31015.3719,3.4096,24864.5547,3.434,21824.1843,3.7303,15080.0631
20110830,002418.SZ,3.4173,3.4237,3.3204,3.3398,3.3785,-0.03869999999999996,-1.1455,14122.52,14771.5163,0.9483,0.7,3.425,20137.688,3.4519,30718.279,3.4916,40036.7092,3.424,31126.461,3.4027,24930.066,3.4327,21961.1382,3.7223,15116.8172
20110831,002418.SZ,3.3365,3.3624,3.2881,3.3075,3.3398,-0.03229999999999977,-0.9671,8917.56,9163.1769,0.5988,0.44,3.3966,16225.198,3.4228,23456.597,3.4814,39474.4846,3.4253,30874.2824,3.3955,24935.1263,3.4305,21980.6165,3.714,15124.7573
20110901,002418.SZ,3.3139,3.3656,3.3139,3.3462,3.3075,0.03869999999999996,1.1701,6910.05,7153.4535,0.464,0.43,3.3669,12306.748,3.404,19401.434,3.4528,32383.5215,3.4277,30686.9824,3.3913,24914.7113,3.4301,21965.3363,3.7062,15116.151
20110902,002418.SZ,3.2978,3.3398,3.2525,3.2687,3.3462,-0.07750000000000012,-2.3161,7158.8,7269.9796,0.4807,0.58,3.3281,10254.282,3.3824,15939.932,3.4185,25397.6308,3.4217,30093.9571,3.3845,24944.5363,3.4301,21952.8023,3.6982,15073.2755
20110905,002418.SZ,3.2332,3.2364,3.1718,3.175,3.2687,-0.09370000000000012,-2.8666,8749.38,8655.1826,0.5875,0.85,3.2874,9171.662,3.3621,14735.583,3.386,19798.7846,3.4127,29624.8081,3.3827,24823.916,3.4294,22032.9855,3.6896,15042.9134
20110906,002418.SZ,3.1621,3.1879,3.1137,3.1524,3.175,-0.02259999999999973,-0.7118,7369.8,7195.2272,0.4949,0.8,3.25,7821.118,3.3375,13979.403,3.3567,16714.7938,3.4101,29084.2048,3.3799,24845.5367,3.4278,22056.828,3.6799,14925.9792
20110907,002418.SZ,3.1653,3.217,3.1621,3.217,3.1524,0.06459999999999999,2.0492,8505.59,8405.1791,0.5711,1.09,3.2319,7738.724,3.3142,11981.961,3.336,14155.6992,3.4105,28686.7567,3.3779,24796.6333,3.4271,22046.5515,3.671,14868.6223
20110908,002418.SZ,3.2299,3.2364,3.1815,3.1815,3.217,-0.035499999999999865,-1.1035,7971.16,7928.9661,0.5352,1.03,3.1989,7950.946,3.2829,10128.847,3.3209,13169.4138,3.4021,28123.7952,3.3757,24795.7833,3.4267,22062.206,3.6614,14804.7418
20110909,002418.SZ,3.1976,3.2106,3.1169,3.1524,3.1815,-0.029100000000000126,-0.9147,6783.7,6643.6144,0.4555,0.85,3.1757,7875.926,3.2519,9065.104,3.302,12542.6523,3.3901,27754.441,3.3683,24260.379,3.4258,22061.7927,3.6516,14722.0133
20110913,002418.SZ,3.104,3.1137,3.062,3.0652,3.1524,-0.08720000000000017,-2.7661,8194.8,7802.6501,0.5503,1.04,3.1537,7765.01,3.2206,8468.336,3.2724,10982.2515,3.3722,27371.98,3.359,24140.5507,3.4249,22089.8582,3.64,14533.9858
20110914,002418.SZ,3.0781,3.0911,3.0394,3.0749,3.0652,0.009700000000000042,0.3165,5567.94,5296.6197,0.3739,0.72,3.1382,7404.638,3.1941,7612.878,3.2401,9371.9162,3.3416,22918.4262,3.3521,23852.3717,3.4224,22053.4185,3.6296,14368.7181
20110915,002418.SZ,3.0846,3.1266,3.0684,3.0814,3.0749,0.00649999999999995,0.2114,8225.53,7889.028,0.5523,1.11,3.1111,7348.626,3.1715,7543.675,3.2108,8664.5623,3.3115,18644.6238,3.345,23765.111,3.4188,21892.1572,3.6192,14231.8751
20110916,002418.SZ,3.1169,3.1169,3.0814,3.0846,3.0814,0.0032000000000000917,0.1038,4791.07,4586.5257,0.3217,0.65,3.0917,6712.608,3.1453,7331.777,3.1882,7943.6846,3.287,14990.1805,3.3347,23271.069,3.4145,21750.4125,3.6082,14136.0858
20110919,002418.SZ,3.0846,3.0846,3.0071,3.0103,3.0846,-0.07430000000000003,-2.4087,4743.71,4442.3379,0.3185,0.71,3.0633,6304.61,3.1195,7090.268,3.1629,7222.2377,3.2621,12955.9914,3.3229,22809.1423,3.4072,21377.462,3.5965,14031.7948
20110920,002418.SZ,3.0103,3.0394,2.9974,3.0135,3.0103,0.0032000000000000917,0.1063,4196.39,3918.0084,0.2818,0.67,3.0529,5504.928,3.1033,6634.969,3.1402,6859.0708,3.2396,11166.59,3.3164,22324.9397,3.3959,20269.952,3.5848,13954.6622
20110921,002418.SZ,3.0135,3.1137,3.0006,3.0975,3.0135,0.08400000000000007,2.7875,13088.0,12453.0878,0.8788,2.38,3.0575,7008.94,3.0978,7206.789,3.1211,7334.2977,3.2262,10799.6914,3.3127,22199.473,3.3859,19385.1827,3.5743,13914.0194
20110922,002418.SZ,3.0717,3.0814,2.9812,2.9877,3.0975,-0.10980000000000034,-3.5448,7258.59,6831.6244,0.4874,1.04,3.0387,6815.552,3.0749,7082.089,3.0995,7341.9738,3.2067,10434.31,3.3004,21781.6477,3.3739,18575.1397,3.5639,13844.6317
20110923,002418.SZ,2.9619,2.9877,2.9134,2.9651,2.9877,-0.02259999999999973,-0.7564,7063.09,6458.1926,0.4743,1.04,3.0148,7269.956,3.0533,6991.282,3.0833,7212.2592,3.1836,9414.4567,3.2857,21532.4127,3.3624,17961.5755,3.5533,13840.5053
20110926,002418.SZ,2.9715,3.0006,2.9231,2.9296,2.9651,-0.035499999999999865,-1.1973,5842.29,5344.5837,0.3923,0.8,2.9987,7489.672,3.031,6897.141,3.0662,7094.7585,3.1567,8430.6467,3.2687,21186.273,3.3519,17714.8117,3.542,13797.7968
20110927,002418.SZ,2.9457,2.9554,2.9069,2.9328,2.9296,0.0031999999999996476,0.1092,6985.99,6327.7459,0.4691,0.93,2.9825,8047.592,3.0177,6776.26,3.0443,6977.8662,3.1315,7933.7352,3.2425,18116.0537,3.3401,17533.9247,3.5306,13805.9168
20110928,002418.SZ,2.9457,2.9489,2.8811,2.8908,2.9328,-0.041999999999999815,-1.4321,5728.6,5185.8258,0.3847,0.71,2.9412,6575.712,2.9993,6792.326,3.022,6805.3615,3.1083,7532.1219,3.2151,15041.161,3.328,17376.3413,3.5193,13773.9179
20110929,002418.SZ,2.9199,2.9263,2.781,2.7842,2.8908,-0.10660000000000025,-3.6876,7459.55,6553.9491,0.5009,1.13,2.9005,6615.904,2.9696,6715.728,2.9937,6857.35,3.0818,7214.8376,3.188,12572.0,3.3149,17188.3835,3.5066,13777.6993
20110930,002418.SZ,2.81,2.8197,2.7777,2.7939,2.7842,0.009700000000000042,0.3484,4542.96,3926.598,0.305,0.69,2.8663,6111.878,2.9405,6690.917,2.9728,6576.4392,3.0574,7006.5233,3.1633,11141.376,3.3023,16963.2813,3.494,13756.6297
20111010,002418.SZ,2.8165,2.8262,2.7777,2.7874,2.7939,-0.00649999999999995,-0.2326,2846.8,2462.127,0.1912,0.47,2.8378,5512.78,2.9183,6501.226,2.9507,6367.1208,3.0308,6813.0352,3.14,9843.8087,3.289,16835.5023,3.4819,13724.1478
20111011,002418.SZ,2.8585,2.8973,2.7487,2.7681,2.7874,-0.019299999999999873,-0.6924,6243.29,5450.604,0.4192,1.13,2.8049,5364.24,2.8937,6705.916,2.9266,6214.6408,3.0069,6769.4395,3.1197,9358.8227,3.2756,16731.2773,3.4699,13724.8938
20111012,002418.SZ,2.7519,2.8553,2.7454,2.8456,2.7681,0.07750000000000012,2.7998,12603.59,11044.322,0.8463,2.35,2.7958,6739.238,2.8685,6657.475,2.9082,6815.6038,2.9912,6952.9733,3.1013,9281.2223,3.2656,16731.9738,3.4581,13791.7914
20111013,002418.SZ,2.8359,2.9328,2.8262,2.9263,2.8456,0.08069999999999977,2.836,14760.25,13250.0867,0.9911,2.19,2.8243,8199.378,2.8624,7407.641,2.9017,7586.1069,2.9805,7304.8995,3.0838,8823.897,3.2556,16829.698,3.4473,13869.2258
20111014,002418.SZ,2.9069,2.9296,2.8714,2.9102,2.9263,-0.01609999999999978,-0.5502,6942.29,6229.9739,0.4662,0.85,2.8475,8679.244,2.8569,7395.561,2.8938,7797.33,2.9659,7230.4567,3.0644,8171.8967,3.2444,16677.6148,3.4367,13866.7566
20111017,002418.SZ,2.9134,2.9263,2.8617,2.8843,2.9102,-0.025900000000000034,-0.89,11284.24,10100.2017,0.7577,1.3,2.8669,10366.732,2.8524,7939.756,2.8774,7658.5792,2.9517,7388.2224,3.0451,7967.3337,3.2318,16419.0713,3.4268,13888.718
20111018,002418.SZ,2.8811,2.8811,2.8359,2.8391,2.8843,-0.04519999999999991,-1.5671,7757.1,6860.8996,0.5209,0.75,2.8811,10669.494,2.843,8016.867,2.866,7696.9262,2.9368,7434.5748,3.0271,7753.821,3.2184,16309.1878,3.4161,13917.4738
20111019,002418.SZ,2.8423,2.8585,2.8133,2.8456,2.8391,0.00649999999999995,0.2289,4309.34,3783.6803,0.2894,0.4,2.8811,9010.644,2.8385,7874.941,2.8568,7485.0992,2.9263,7249.5529,3.0106,7426.715,3.2067,16178.3905,3.4051,13874.8554
20111021,002418.SZ,2.7648,2.7777,2.6905,2.6905,2.8456,-0.15510000000000002,-5.4505,5842.29,4931.303,0.3923,0.65,2.8339,7227.052,2.8291,7713.215,2.8384,7485.0992,2.908,7262.6171,2.9901,7324.206,3.1928,16129.6662,3.3932,13878.4404
20111024,002418.SZ,2.6905,2.6938,2.584,2.6808,2.6905,-0.009700000000000042,-0.3605,9351.52,7664.6381,0.6279,1.29,2.7881,7708.898,2.8178,8194.071,2.819,7667.0631,2.8889,7316.2357,2.9679,7405.5883,3.1796,16160.1498,3.3823,13890.2904
20111025,002418.SZ,2.6905,2.739,2.655,2.7325,2.6808,0.05169999999999986,1.9285,12264.69,10301.4817,0.8235,1.59,2.7577,7904.988,2.8123,9135.86,2.8068,8169.8392,2.8722,7672.1224,2.95,7575.7847,3.1673,16260.1605,3.3722,13943.2453
20111026,002418.SZ,2.7131,2.781,2.7131,2.7648,2.7325,0.03230000000000022,1.1821,12631.03,10765.5985,0.8481,1.6,2.7428,8879.774,2.812,9774.634,2.8053,8567.6454,2.8605,8047.709,2.9363,7705.173,3.1595,16264.5445,3.3628,14009.6613
20111027,002418.SZ,2.7454,2.7842,2.7358,2.7422,2.7648,-0.022600000000000176,-0.8174,10344.43,8826.612,0.6946,1.16,2.7222,10086.792,2.8016,9548.718,2.8013,9013.9123,2.8476,8340.4729,2.9227,7804.3273,3.1513,16324.932,3.3546,14046.9919
20111028,002418.SZ,2.7681,2.8036,2.7487,2.8036,2.7422,0.0613999999999999,2.2391,12276.6,10560.4444,0.8243,1.22,2.7448,11373.654,2.7894,9300.353,2.8026,9739.2815,2.8336,8301.8348,2.9089,7930.0277,3.1434,16363.3305,3.3463,14127.9079
20111031,002418.SZ,2.81,2.8327,2.7874,2.823,2.8036,0.019400000000000084,0.692,11211.32,9755.3211,0.7528,0.99,2.7732,11745.614,2.7806,9727.256,2.8068,10121.4377,2.8257,8490.06,2.8969,8038.033,3.1363,16416.9082,3.3379,14193.0514
20111101,002418.SZ,2.8068,2.8327,2.7842,2.8036,2.823,-0.019400000000000084,-0.6872,9872.7,8581.2786,0.6629,0.84,2.7874,11267.216,2.7726,9586.102,2.8036,9911.3692,2.818,8623.851,2.8853,8140.9997,3.1268,16200.6893,3.3295,14214.5331
20111102,002418.SZ,2.7713,2.8391,2.7358,2.8391,2.8036,0.03550000000000031,1.2662,23578.58,20397.4253,1.5832,2.09,2.8023,13456.726,2.7726,11168.25,2.7969,10589.7023,2.8137,9468.4362,2.8778,8653.7923,3.1184,16397.1715,3.3213,14391.0019
20111103,002418.SZ,2.8423,2.9328,2.8423,2.8973,2.8391,0.05819999999999981,2.0499,36165.48,32336.3647,2.4284,2.69,2.8333,18620.936,2.7777,14353.864,2.7959,12837.64,2.812,10857.9357,2.8718,9673.7103,3.112,16763.041,3.3134,14668.0163
20111104,002418.SZ,2.8973,2.9522,2.8682,2.9166,2.8973,0.019299999999999873,0.6661,26643.29,23954.2531,1.789,1.43,2.8559,21494.274,2.8004,16433.964,2.7984,14019.1054,2.8133,11853.8733,2.8664,10287.6357,3.1057,17026.3733,3.3051,14849.4716
20111107,002418.SZ,2.9231,2.9231,2.852,2.8585,2.9166,-0.05810000000000004,-1.992,21250.19,18975.0075,1.4269,0.99,2.863,23502.048,2.8181,17623.831,2.7999,15057.0354,2.8168,12510.5705,2.8588,10836.273,3.0968,17053.671,3.2961,14990.0846
20111108,002418.SZ,2.8843,2.9102,2.8262,2.8294,2.8585,-0.02909999999999968,-1.018,21595.85,19199.8578,1.4501,0.92,2.8682,25846.678,2.8278,18556.947,2.7986,16386.7669,2.8185,13322.6129,2.8528,11398.011,3.0878,17103.5767,3.2871,15131.8967
20111109,002418.SZ,2.8456,2.8714,2.8036,2.8714,2.8294,0.041999999999999815,1.4844,23479.38,20692.1841,1.5766,0.91,2.8746,25826.838,2.8385,19641.782,2.8125,17743.4662,2.8225,14305.1167,2.848,12040.7773,3.0822,17182.8585,3.2788,15298.2419
20111110,002418.SZ,2.8488,2.8714,2.823,2.8391,2.8714,-0.03229999999999977,-1.1249,18441.36,16245.502,1.2383,0.71,2.863,22282.014,2.8482,20451.475,2.8247,18442.6846,2.8259,14885.9771,2.8394,12219.2227,3.0761,17209.3478,3.2698,15407.3883
20111111,002418.SZ,2.8391,2.8682,2.8197,2.852,2.8391,0.01289999999999969,0.4544,16012.59,14129.2547,1.0752,0.72,2.8501,20155.874,2.853,20825.074,2.8339,18730.9846,2.8262,15048.3105,2.8349,12511.0227,3.0676,17146.3352,3.2611,15521.9361
20111114,002418.SZ,2.8682,2.9328,2.8682,2.9231,2.852,0.07109999999999994,2.493,30445.84,27428.5113,2.0444,1.51,2.863,21995.004,2.863,22748.526,2.8461,20101.3546,2.826,15795.2433,2.8335,13290.4477,3.0596,17411.4302,3.2531,15747.9023
20111115,002418.SZ,2.9199,2.9263,2.8843,2.9199,2.9231,-0.0031999999999996476,-0.1095,23563.87,21219.3781,1.5822,1.07,2.8811,22388.608,2.8746,24117.643,2.8597,21118.2346,2.8265,16586.7471,2.8332,13881.167,3.0509,17533.72,3.2451,15927.0793
20111116,002418.SZ,2.9263,2.9328,2.823,2.8423,2.9199,-0.07760000000000034,-2.6576,27930.12,24824.5504,1.8754,1.25,2.8753,23278.756,2.875,24552.797,2.8627,22322.3515,2.8245,17379.4081,2.8302,14579.3047,3.0364,16347.6792,3.2369,16129.5705
20111117,002418.SZ,2.8456,2.865,2.8036,2.8327,2.8423,-0.009599999999999831,-0.3378,16262.34,14274.9562,1.092,0.7,2.874,22842.952,2.8685,22562.483,2.8635,22710.8915,2.8242,17784.4195,2.8282,14930.4293,3.0217,14985.7952,3.229,16242.9842
20111118,002418.SZ,2.8197,2.8197,2.7035,2.7196,2.8327,-0.1131000000000002,-3.9927,17063.69,14582.3666,1.1458,0.75,2.8475,23053.172,2.8488,21604.523,2.857,23264.0446,2.8182,18391.7695,2.8261,15250.5673,3.007,13911.2837,3.2217,16343.6649
20111121,002418.SZ,2.7067,2.7358,2.6873,2.7164,2.7196,-0.0031999999999996476,-0.1177,6415.44,5387.3809,0.4308,0.28,2.8062,18247.092,2.8346,20121.048,2.8476,21943.8031,2.8194,18419.0624,2.8235,15312.9833,2.9934,13227.1797,3.2141,16366.3051
20111122,002418.SZ,2.7293,2.7358,2.6905,2.7228,2.7164,0.006399999999999739,0.2356,7841.94,6594.3202,0.5266,0.43,2.7668,15102.706,2.8239,18745.657,2.8341,19765.0692,2.8214,18347.1776,2.8213,15479.488,2.9807,12661.6483,3.2067,16410.0262
20111123,002418.SZ,2.7228,2.7422,2.6647,2.6712,2.7228,-0.05160000000000009,-1.8951,14486.6,12107.8741,0.9727,0.96,2.7325,12414.002,2.8039,17846.379,2.8153,18829.9392,2.8185,18452.9829,2.8181,15754.265,2.9689,12556.5438,3.1991,16506.2562
20111124,002418.SZ,2.6421,2.6744,2.6162,2.655,2.6712,-0.016199999999999992,-0.6065,9687.09,7930.7062,0.6505,0.78,2.697,11098.952,2.7855,16970.952,2.7996,17940.47,2.8133,18312.7952,2.8118,15657.0483,2.9565,12469.1353,3.1931,16552.5153
20111125,002418.SZ,2.6453,2.6679,2.6389,2.6453,2.655,-0.009699999999999598,-0.3653,8809.01,7230.8279,0.5915,0.79,2.6821,9448.016,2.7648,16250.594,2.7854,16956.8669,2.8087,18239.68,2.8024,15458.6737,2.9431,12141.2853,3.1873,16599.7819
20111128,002418.SZ,2.655,2.6582,2.6324,2.6518,2.6453,0.00649999999999995,0.2457,10048.37,8222.611,0.6747,1.06,2.6692,10174.602,2.7377,14210.847,2.7686,15923.7123,2.8014,18133.5738,2.7938,15562.2097,2.9291,11867.0532,3.1812,16649.1506
20111129,002418.SZ,2.6776,2.6938,2.6518,2.6905,2.6518,0.03869999999999996,1.4594,20291.19,16776.6303,1.3625,1.99,2.6628,12664.452,2.7148,13883.579,2.7571,16066.0069,2.7951,18565.9486,2.7873,15862.4413,2.9162,11914.8875,3.1753,16787.0687
20111130,002418.SZ,2.6808,2.6808,2.5,2.5194,2.6905,-0.17110000000000003,-6.3594,23239.56,18611.0197,1.5605,1.84,2.6324,14415.044,2.6825,13414.523,2.7315,16621.9277,2.7816,19202.4657,2.7767,16378.5233,2.9019,12066.1722,3.1679,16945.1783
20111201,002418.SZ,2.5872,2.6001,2.5549,2.5646,2.5194,0.04519999999999991,1.7941,29646.29,23675.3381,1.9907,2.06,2.6143,18406.884,2.6557,14752.918,2.704,16560.4238,2.7685,19491.4043,2.7673,17223.0883,2.889,12324.9017,3.1608,17143.0199
20111202,002418.SZ,2.5452,2.5581,2.4483,2.5,2.5646,-0.06459999999999999,-2.5189,18017.37,13919.4284,1.2098,0.98,2.5853,20248.556,2.6337,14848.286,2.6717,16133.77,2.7496,18627.2086,2.761,17628.9243,2.8755,12476.5652,3.153,17228.5908
20111205,002418.SZ,2.4774,2.4871,2.4128,2.416,2.5,-0.08400000000000007,-3.36,10226.4,7747.695,0.6867,0.51,2.5381,20284.162,2.6037,15229.382,2.6389,14771.9454,2.7258,17845.4519,2.7521,17658.087,2.86,12531.8377,3.145,17248.587
20111206,002418.SZ,2.4225,2.4354,2.3805,2.4225,2.416,0.00649999999999995,0.269,9345.45,6976.5683,0.6275,0.46,2.4845,18095.014,2.5736,15379.733,2.6073,14239.8769,2.705,17278.5595,2.7418,17560.779,2.8459,12568.2818,3.138,17260.5421
20111207,002418.SZ,2.4225,2.4451,2.3998,2.4321,2.4225,0.009600000000000275,0.3963,11293.48,8487.5202,0.7583,0.62,2.467,15705.798,2.5497,15060.421,2.5852,13796.0146,2.6861,16787.9705,2.7307,17516.194,2.8335,12610.6835,3.1315,17321.8345
20111208,002418.SZ,2.4386,2.4838,2.3772,2.458,2.4321,0.025900000000000034,1.0649,17533.43,13251.2781,1.1773,1.12,2.4457,13283.226,2.53,15845.055,2.5653,14651.2446,2.6664,16504.83,2.7212,17755.8273,2.8219,12780.0773,3.1249,17418.4527
20111209,002418.SZ,2.4354,2.4677,2.4192,2.458,2.458,0.0,0.0,10092.98,7628.2818,0.6777,0.76,2.4373,11698.348,2.5113,15973.452,2.545,14824.4015,2.6482,16107.2881,2.7097,17683.04,2.8093,12806.5338,3.1182,17426.5427
20111212,002418.SZ,2.458,2.4677,2.4063,2.416,2.458,-0.04200000000000026,-1.7087,6590.28,4967.128,0.4425,0.56,2.4373,10971.124,2.4877,15627.643,2.5253,14216.9923,2.6275,15658.6067,2.6961,17529.0053,2.7965,12783.5192,3.1116,17422.8626
20111213,002418.SZ,2.3934,2.4128,2.3126,2.3159,2.416,-0.10009999999999986,-4.1432,10268.0,7450.3875,0.6895,0.94,2.416,11155.634,2.4503,14625.324,2.4992,14261.6777,2.5986,14697.7571,2.6799,17542.182,2.7826,12841.5908,3.1042,17451.6918
20111214,002418.SZ,2.3126,2.3288,2.2545,2.2577,2.3159,-0.05820000000000025,-2.5131,8030.69,5712.923,0.5392,0.72,2.3811,10503.076,2.4241,13104.437,2.4694,14201.8069,2.567,13958.0819,2.6605,17023.919,2.7691,12838.8557,3.097,17464.3569
20111215,002418.SZ,2.2577,2.2642,2.135,2.1447,2.2577,-0.11299999999999999,-5.0051,15240.76,10345.6429,1.0234,1.45,2.3185,10044.542,2.3821,11663.884,2.4304,14601.2215,2.5338,13353.8267,2.6354,16326.4283,2.7536,13000.0693,3.088,17526.7439
20111216,002418.SZ,2.1479,2.2222,2.1285,2.2157,2.1447,0.07100000000000017,3.3105,15519.13,10419.0048,1.0421,1.55,2.27,11129.772,2.3537,11414.06,2.3939,14234.14,2.5044,13318.4357,2.6121,15955.623,2.7392,13121.6293,3.079,17506.8933
20111219,002418.SZ,2.1899,2.1996,2.1253,2.1899,2.2157,-0.025799999999999823,-1.1644,15991.96,10707.1821,1.0738,1.44,2.2248,13010.108,2.3311,11990.616,2.3685,13676.6323,2.4792,13267.401,2.5898,15780.3487,2.7243,13308.3108,3.0694,17529.3617
20111220,002418.SZ,2.1867,2.2351,2.1737,2.1964,2.1899,0.00649999999999995,0.2968,12921.52,8831.5495,0.8676,0.99,2.2009,13540.812,2.3084,12348.223,2.3402,12390.1115,2.4545,13577.2143,2.5687,15491.2043,2.7107,13444.6077,3.0589,17411.0348
20111221,002418.SZ,2.2222,2.2351,2.1253,2.1285,2.1964,-0.0679000000000003,-3.0914,9775.48,6607.1414,0.6564,0.72,2.175,13889.77,2.2781,12196.423,2.3116,11756.12,2.4262,13669.2876,2.5439,15034.4077,2.696,13537.5925,3.0459,16903.7723
20111222,002418.SZ,2.1091,2.1156,2.0219,2.0898,2.1285,-0.03869999999999996,-1.8182,14958.45,9605.1569,1.0044,1.08,2.1641,13833.308,2.2413,11938.925,2.2866,12120.1238,2.3985,13691.7567,2.5189,14918.3107,2.6792,13568.7667,3.0325,16476.9747
20111223,002418.SZ,2.0898,2.1414,2.0672,2.1059,2.0898,0.016100000000000225,0.7704,13500.61,8802.8607,0.9065,0.98,2.1421,13429.604,2.2061,12279.688,2.2622,12439.7515,2.3723,13873.3529,2.4941,14834.578,2.6645,13672.8003,3.0192,16123.97
20111226,002418.SZ,2.1059,2.1253,2.0672,2.0801,2.1059,-0.025800000000000267,-1.2251,13527.12,8794.1433,0.9083,1.01,2.1201,12936.636,2.1725,12973.372,2.2351,12611.57,2.3454,14098.0248,2.466,14270.6207,2.6497,13780.5342,3.0061,15871.0548
20111227,002418.SZ,2.0801,2.0833,2.0219,2.0219,2.0801,-0.05819999999999981,-2.7979,14766.74,9375.4761,0.9915,1.14,2.0852,13305.68,2.1431,13423.246,2.2016,12398.7477,2.3154,14322.709,2.436,13977.383,2.6346,13929.275,2.9932,15822.0433
20111228,002418.SZ,2.0123,2.0123,1.9218,1.9735,2.0219,-0.0484,-2.3938,18338.21,11143.4227,1.2314,1.38,2.0542,15018.226,2.1146,14453.998,2.1643,13032.9962,2.2813,14229.71,2.4071,13657.6527,2.6186,14118.4787,2.9794,15826.2017
20111229,002418.SZ,1.9541,1.9864,1.9477,1.9638,1.9735,-0.009700000000000042,-0.4915,17741.33,10820.3528,1.1913,1.18,2.029,15574.802,2.0966,14704.055,2.1295,13890.7692,2.2548,13967.8895,2.3781,13706.9523,2.6032,14318.6908,2.9656,15847.5161
20111230,002418.SZ,1.9767,2.0026,1.9703,1.9864,1.9638,0.022599999999999953,1.1508,17563.16,10793.0103,1.1793,1.13,2.0051,16387.312,2.0736,14908.458,2.1042,14451.9354,2.2273,13392.5024,2.3537,13723.6013,2.5899,14487.0843,2.9524,15837.7339
20120104,002418.SZ,2.0026,2.009,1.9218,1.9218,1.9864,-0.06459999999999999,-3.2521,18195.08,11103.1015,1.2217,1.11,1.9735,17320.904,2.0468,15128.77,2.0783,15233.8115,2.1997,13400.9648,2.3272,14116.256,2.5753,14714.6197,2.9388,15838.9505
20120105,002418.SZ,1.9218,1.9218,1.8249,1.8346,1.9218,-0.08719999999999994,-4.5374,21623.85,12537.0914,1.452,1.25,1.936,18692.326,2.0106,15999.003,2.0545,15724.8185,2.1721,13943.7005,2.2976,14575.653,2.5595,15027.5705,2.9242,15931.5364
20120106,002418.SZ,1.8411,2.0187,1.8152,2.0187,1.8346,0.18409999999999993,10.0349,37592.19,22730.4333,2.5242,2.01,1.9451,22543.122,1.9997,18780.674,2.0393,17422.7462,2.1528,15288.7833,2.2758,15345.8393,2.547,15550.0522,2.9113,16140.6648
20120109,002418.SZ,2.051,2.2157,2.0349,2.1996,2.0187,0.18090000000000028,8.9612,138380.34,90862.8371,9.2918,6.14,1.9922,46670.924,2.0106,31122.863,2.0401,26837.2369,2.1418,21340.5386,2.2606,19635.6143,2.5362,17646.3313,2.9009,17189.1526
20120110,002418.SZ,2.1511,2.2868,2.1511,2.2739,2.1996,0.07429999999999959,3.3779,146641.06,100348.3112,9.8465,3.14,2.0497,72486.504,2.0274,44436.908,2.046,37123.3554,2.133,27488.521,2.2483,24230.016,2.5253,19844.3448,2.8905,18337.0214
20120111,002418.SZ,2.2448,2.29,2.206,2.2642,2.2739,-0.009699999999999598,-0.4266,108639.96,75503.7889,7.2949,1.5,2.1182,90575.48,2.0458,53948.192,2.0565,44728.3154,2.1238,32181.2343,2.2353,27516.4023,2.5146,21539.306,2.8795,19108.4604
20120112,002418.SZ,2.2545,2.332,2.2319,2.2642,2.2642,0.0,0.0,87885.37,61824.9409,5.9013,0.97,2.2041,103827.784,2.0701,61260.055,2.0699,50338.0785,2.1165,36052.429,2.2211,29769.5417,2.5042,22815.9915,2.868,19617.5314
20120113,002418.SZ,2.2351,2.3062,2.1608,2.3062,2.2642,0.041999999999999815,1.855,108903.01,75571.0978,7.3125,1.05,2.2616,118089.948,2.1033,70316.535,2.0853,57676.7246,2.1161,40749.3343,2.214,32624.99,2.4953,24501.7567,2.8569,20405.4723
20120116,002418.SZ,2.2836,2.2836,2.1737,2.1931,2.3062,-0.1131000000000002,-4.9042,64323.22,44277.0665,4.3191,0.54,2.2603,103278.524,2.1263,74974.724,2.094,61584.1169,2.113,43429.931,2.2016,33780.8877,2.4845,25501.988,2.8456,20840.1893
20120117,002418.SZ,2.1802,2.4095,2.1544,2.3579,2.1931,0.16480000000000006,7.5145,109036.78,77400.9658,7.3215,1.06,2.2771,95757.668,2.1634,84122.086,2.1198,68835.6585,2.1231,47896.4081,2.1969,36814.868,2.4789,27221.8962,2.8359,21675.7812
20120118,002418.SZ,2.3449,2.3675,2.2287,2.2577,2.3579,-0.10020000000000007,-4.2495,85520.55,61167.2011,5.7425,0.89,2.2758,91133.786,2.197,90854.633,2.1417,74003.5308,2.1251,51229.809,2.1916,39324.673,2.4719,28491.38,2.8257,22325.7649
20120119,002418.SZ,2.2351,2.2771,2.1834,2.2383,2.2577,-0.01939999999999964,-0.8593,47307.72,32724.6381,3.1766,0.52,2.2706,83018.256,2.2374,93423.02,2.1628,76277.8685,2.1275,52721.0357,2.1855,40590.082,2.4636,29075.4305,2.8155,22667.7955
20120120,002418.SZ,2.248,2.2771,2.1964,2.2674,2.2383,0.02909999999999968,1.3001,47007.81,32589.3929,3.1564,0.57,2.2629,70639.216,2.2623,94364.582,2.1844,78542.8415,2.1308,54344.1924,2.18,41780.5597,2.4553,29648.3768,2.8074,22956.4607
20120130,002418.SZ,2.248,2.332,2.219,2.2836,2.2674,0.016199999999999992,0.7145,56570.97,39986.0908,3.7986,0.8,2.281,69088.766,2.2707,86183.645,2.2123,81494.8331,2.1382,56572.549,2.1742,43081.811,2.4477,30418.8192,2.7995,23371.8756
20120131,002418.SZ,2.2739,2.2836,2.1996,2.2836,2.2836,0.0,0.0,40495.76,28170.9444,2.7192,0.59,2.2661,55380.562,2.2716,75569.115,2.2468,82946.5185,2.1474,57788.6114,2.1684,44095.237,2.439,30889.1385,2.7912,23626.2345
20120201,002418.SZ,2.2642,2.3385,2.2513,2.3094,2.2836,0.025800000000000267,1.1298,75522.59,53807.0323,5.0711,1.36,2.2765,53380.97,2.2761,72257.378,2.2692,85864.2415,2.1571,60742.039,2.1648,46392.9807,2.4305,31960.993,2.7834,24188.9506
20120202,002418.SZ,2.2965,2.5387,2.2933,2.5161,2.3094,0.20669999999999966,8.9504,152472.21,114836.7039,10.2381,2.86,2.332,74413.868,2.3013,78716.062,2.2935,86948.2315,2.1779,67358.4719,2.1715,51133.121,2.4257,34337.6515,2.7762,25269.1704
20120203,002418.SZ,2.4741,2.5484,2.4548,2.5194,2.5161,0.0033000000000003027,0.1312,99967.19,77564.0676,6.7125,1.34,2.3824,85005.744,2.3227,77822.48,2.3124,83357.9338,2.2016,71415.6362,2.1802,54197.671,2.4204,35610.795,2.7694,26003.9833
20120206,002418.SZ,2.5129,2.5613,2.4709,2.5323,2.5194,0.012900000000000134,0.512,74908.99,58235.6666,5.0299,0.88,2.4322,88673.348,2.3566,78881.057,2.333,80763.2438,2.2282,74109.4829,2.1931,56186.612,2.4143,36256.5202,2.7631,26509.7806
20120207,002418.SZ,2.5129,2.5355,2.4321,2.4709,2.5323,-0.06140000000000034,-2.4247,52651.09,40361.1474,3.5354,0.59,2.4696,91104.414,2.3679,73242.488,2.3489,78052.9146,2.2523,75771.8524,2.2016,57424.344,2.4068,36689.9835,2.7563,26858.1784
20120208,002418.SZ,2.4612,2.5613,2.4257,2.5387,2.4709,0.06780000000000008,2.7439,66792.56,51845.5633,4.4849,0.73,2.5155,89358.408,2.396,71369.689,2.3668,74813.6492,2.2786,78116.1095,2.2133,59117.6973,2.4015,37449.023,2.7491,27251.347
20120209,002418.SZ,2.5452,2.6324,2.5064,2.542,2.5387,0.0032999999999998586,0.13,90445.96,71684.6748,6.0732,1.01,2.5207,76953.158,2.4263,75683.513,2.3936,76823.0908,2.3082,81556.6276,2.2248,61701.8453,2.3967,38596.5248,2.7423,27850.0508
20120210,002418.SZ,2.529,2.5581,2.4774,2.5194,2.542,-0.02259999999999973,-0.8891,59739.45,46521.8347,4.0113,0.78,2.5207,68907.61,2.4515,76956.677,2.4061,73030.9885,2.3408,83371.6562,2.2378,63367.311,2.3909,39200.8593,2.7365,28191.8589
20120213,002418.SZ,2.4903,2.613,2.4741,2.5678,2.5194,0.0484,1.9211,68319.51,54094.7608,4.5875,0.99,2.5278,67589.714,2.48,78131.531,2.4299,71707.8315,2.3669,84834.8619,2.2537,65146.013,2.3863,40032.1618,2.7312,28620.7548
20120214,002418.SZ,2.5581,2.5775,2.5129,2.5549,2.5678,-0.012900000000000134,-0.5024,41849.21,32992.0165,2.8101,0.62,2.5446,65429.338,2.5071,78266.876,2.4543,71287.9462,2.3839,80238.1414,2.2687,66090.9663,2.3814,40462.7722,2.7245,28804.5537
20120215,002418.SZ,2.5517,2.6259,2.5129,2.613,2.5549,0.05810000000000004,2.2741,73167.11,58332.6129,4.913,1.12,2.5594,66704.248,2.5375,78031.328,2.4809,73300.2,2.4,76739.3819,2.2865,68078.966,2.3762,41174.7933,2.7179,29293.1118
20120216,002418.SZ,2.6033,2.6227,2.529,2.5549,2.613,-0.05810000000000004,-2.2235,55161.18,43974.7824,3.7039,0.83,2.562,59647.292,2.5413,68300.225,2.5017,73191.7546,2.4138,74192.7733,2.3042,69425.4473,2.3701,41701.4152,2.7105,29617.5676
20120217,002418.SZ,2.5549,2.571,2.458,2.5032,2.5549,-0.05169999999999986,-2.0236,46248.0,35946.2926,3.1054,0.78,2.5588,56949.002,2.5397,62928.306,2.5186,73634.2346,2.4252,72210.0414,2.3219,70355.7737,2.3645,42006.7132,2.7004,29177.1962
20120220,002418.SZ,2.5355,2.5678,2.5064,2.5194,2.5032,0.016199999999999992,0.6472,52257.31,41074.8331,3.5089,0.92,2.5491,53736.562,2.5384,60663.138,2.5348,71844.5977,2.4354,69512.6271,2.3404,71506.3063,2.3593,42606.6293,2.6905,28796.2123
20120221,002418.SZ,2.5161,2.5452,2.4741,2.542,2.5194,0.02259999999999973,0.897,38347.89,29854.5467,2.575,0.71,2.5465,53036.298,2.5455,59232.818,2.5368,63065.8038,2.452,68275.7067,2.3589,72199.1307,2.3563,42961.366,2.6817,28436.3248
20120222,002418.SZ,2.5387,2.6162,2.5258,2.6098,2.542,0.06780000000000008,2.6672,62311.16,49923.6477,4.184,1.17,2.5459,50865.108,2.5526,58784.678,2.5437,60169.1862,2.464,66050.6771,2.3819,73669.6667,2.3545,43892.9613,2.674,28560.0705
20120223,002418.SZ,2.6162,2.655,2.5549,2.5743,2.6098,-0.035499999999999865,-1.3603,57054.58,45862.0379,3.8311,1.12,2.5497,51243.788,2.5559,55445.54,2.5469,58795.77,2.4791,64695.1548,2.4065,74850.691,2.352,44713.172,2.6664,28687.4102
20120224,002418.SZ,2.5581,2.5969,2.5355,2.5936,2.5743,0.019299999999999873,0.7497,53786.06,42754.5257,3.6116,1.05,2.5678,52751.4,2.5633,54850.201,2.5564,58883.0754,2.496,65003.6471,2.4257,75390.4867,2.3508,45368.163,2.6598,28962.3534
20120227,002418.SZ,2.5969,2.6647,2.5936,2.613,2.5936,0.019400000000000084,0.748,75938.66,61895.8424,5.0991,1.44,2.5865,57487.67,2.5678,55612.116,2.5621,59586.6215,2.5124,66381.3067,2.4395,73309.0973,2.3501,46472.3558,2.6533,29470.7456
20120228,002418.SZ,2.6098,2.6098,2.542,2.5549,2.613,-0.05810000000000004,-2.2235,45082.43,35769.1381,3.0272,0.78,2.5891,58834.578,2.5678,55935.438,2.5631,56097.1192,2.5254,65834.2333,2.4488,69923.8097,2.3485,47076.9128,2.6458,29609.0991
20120229,002418.SZ,2.5549,2.5549,2.4677,2.4741,2.5549,-0.08079999999999998,-3.1626,41630.13,32348.7048,2.7953,0.71,2.562,54698.372,2.5539,52781.74,2.5596,54704.0946,2.5344,65888.251,2.4558,67690.1487,2.3456,47603.2755,2.6373,29735.1643
20120301,002418.SZ,2.458,2.5032,2.4548,2.4774,2.4741,0.0032999999999998586,0.1334,28977.29,22255.2603,1.9457,0.53,2.5426,49082.914,2.5462,50163.351,2.5527,51677.77,2.5424,63671.8081,2.4629,65726.546,2.342,47748.0438,2.6291,29831.4657
20120302,002418.SZ,2.4838,2.542,2.4838,2.529,2.4774,0.05160000000000009,2.0828,35462.95,27695.757,2.3812,0.72,2.5297,45418.292,2.5488,49084.846,2.5507,51186.5192,2.543,58099.9386,2.4704,63278.544,2.3422,47951.767,2.622,30008.9696
20120305,002418.SZ,2.5355,2.5517,2.4967,2.5064,2.529,-0.02259999999999973,-0.8936,37972.35,29674.3716,2.5497,0.84,2.5084,37825.03,2.5475,47656.35,2.5425,48479.23,2.5424,55147.8033,2.4808,62400.1817,2.3412,48090.5347,2.6151,30207.7182
20120306,002418.SZ,2.5129,2.5743,2.4677,2.5743,2.5064,0.06789999999999985,2.7091,51724.85,40461.0985,3.4732,1.37,2.5122,39153.514,2.5507,48994.046,2.544,48214.8969,2.5444,54043.7967,2.488,60489.784,2.3425,48652.326,2.609,30564.4456
20120307,002418.SZ,2.5549,2.7616,2.5452,2.7131,2.5743,0.1387999999999998,5.3918,148685.45,122991.9271,9.9838,3.8,2.56,60564.578,2.561,57631.475,2.5601,56094.7008,2.556,58616.8614,2.5032,62595.2807,2.3474,50959.9768,2.6037,31745.9073
20120308,002418.SZ,2.7002,2.7131,2.6421,2.6712,2.7131,-0.04190000000000005,-1.5444,92996.51,77044.6083,6.2445,1.54,2.5988,73368.422,2.5707,61225.668,2.5718,59228.4854,2.5623,59864.6686,2.5176,64118.2403,2.3516,52354.1612,2.5987,32461.2215
20120309,002418.SZ,2.6808,2.6873,2.6389,2.6808,2.6712,0.009600000000000275,0.3594,58903.31,48642.3823,3.9552,0.8,2.6292,78056.494,2.5794,61737.393,2.5825,60809.6715,2.5689,58362.6376,2.5314,64514.757,2.3557,53147.6583,2.5946,32879.1709
20120312,002418.SZ,2.6841,2.6938,2.6421,2.6808,2.6808,0.0,0.0,46397.52,38303.5091,3.1155,0.59,2.664,79741.528,2.5862,58783.279,2.5879,59585.5454,2.5766,57727.3076,2.5447,64175.642,2.3594,53628.7265,2.5907,33204.4019
20120313,002418.SZ,2.6873,2.6873,2.6356,2.6679,2.6808,-0.012900000000000134,-0.4812,38855.05,31960.9353,2.609,0.49,2.6828,77167.568,2.5975,58160.541,2.5951,58185.5815,2.5813,56324.2381,2.5575,64120.9517,2.3629,54108.0943,2.5861,33457.3141
20120314,002418.SZ,2.6712,2.7164,2.416,2.4483,2.6679,-0.2195999999999998,-8.2312,93274.44,75360.8188,6.2631,1.21,2.6298,66085.366,2.5949,63324.972,2.5839,61223.1492,2.5763,58773.0586,2.5621,64712.68,2.3635,55552.8303,2.58,34168.1748
20120315,002418.SZ,2.4548,2.4871,2.3579,2.3772,2.4483,-0.07109999999999994,-2.9041,54586.7,40777.2578,3.6653,0.83,2.571,58403.404,2.5849,65885.913,2.5658,59580.6908,2.565,57888.2771,2.5575,61449.8297,2.3645,56291.4753,2.5735,34566.5331
20120316,002418.SZ,2.3772,2.4612,2.3772,2.458,2.3772,0.08079999999999998,3.399,36115.9,27109.4255,2.4251,0.62,2.5264,53845.922,2.5778,65951.208,2.5583,58890.9577,2.5604,56981.359,2.5554,59321.4533,2.3678,56759.5622,2.5685,34799.2089
20120319,002418.SZ,2.4386,2.5258,2.4289,2.5161,2.458,0.058099999999999596,2.3637,38848.7,29948.9467,2.6086,0.72,2.4935,52336.158,2.5788,66038.843,2.5616,58677.0015,2.561,56629.0114,2.5549,58119.4437,2.374,57153.0278,2.5638,35076.5486
20120320,002418.SZ,2.5064,2.5064,2.4257,2.4321,2.5161,-0.08399999999999963,-3.3385,26238.84,19973.1795,1.7619,0.5,2.4463,49812.916,2.5646,63490.242,2.5581,58466.3515,2.5569,55390.0367,2.5536,57239.0353,2.3776,57331.6897,2.5584,35226.6595
20120321,002418.SZ,2.4418,2.4741,2.3998,2.4548,2.4321,0.022699999999999942,0.9333,23210.66,17524.1143,1.5585,0.47,2.4476,35800.16,2.5387,50942.763,2.5524,57523.8677,2.5527,54669.2162,2.5508,55786.3053,2.382,57452.0013,2.5532,35380.1561
20120322,002418.SZ,2.4483,2.4935,2.4257,2.4677,2.4548,0.01289999999999969,0.5255,21831.72,16640.5866,1.4659,0.61,2.4657,29249.164,2.5184,43826.284,2.5494,56282.2808,2.546,52741.6238,2.5483,53499.164,2.3865,57600.5047,2.5486,35522.5562
20120323,002418.SZ,2.4644,2.4967,2.4321,2.4515,2.4677,-0.016199999999999992,-0.6565,21947.58,16745.8325,1.4737,0.75,2.4644,26415.5,2.4954,40130.711,2.54,53991.7215,2.5401,51069.8619,2.546,52239.435,2.3919,57803.373,2.544,35670.4828
20120326,002418.SZ,2.4354,2.4741,2.4095,2.4515,2.4515,0.0,0.0,11329.14,8560.6891,0.7607,0.43,2.4515,20911.588,2.4725,36623.873,2.5198,43425.8515,2.5333,49048.1038,2.5422,50339.756,2.398,57742.8845,2.5386,35655.8256
20120327,002418.SZ,2.4806,2.584,2.4612,2.5775,2.4515,0.12600000000000033,5.1397,76742.06,60326.0972,5.153,3.67,2.4806,31012.232,2.4635,40412.574,2.5126,42175.5092,2.5316,49086.361,2.5429,51502.851,2.4058,58796.9087,2.5352,36234.8545
20120328,002418.SZ,2.5517,2.6324,2.4709,2.4935,2.5775,-0.08400000000000007,-3.259,75559.44,59931.4279,5.0736,2.44,2.4883,41481.988,2.468,38641.074,2.4982,43456.75,2.5287,50537.6471,2.5389,51582.5953,2.4127,59830.7807,2.5312,36805.6574
20120329,002418.SZ,2.4935,2.4935,2.2448,2.29,2.4935,-0.20350000000000001,-8.1612,54277.63,38650.5371,3.6446,1.31,2.4528,47971.17,2.4593,38610.167,2.4682,44062.9123,2.52,51139.909,2.5301,51553.1437,2.4172,60489.2955,2.5259,37209.2853
20120330,002418.SZ,2.261,2.3708,2.2448,2.3094,2.29,0.019400000000000084,0.8472,30069.28,21585.1735,2.0191,0.63,2.4244,49595.51,2.4444,38005.505,2.4406,43387.0838,2.512,51191.9086,2.5237,51013.853,2.4228,60684.8133,2.5207,37401.646
20120405,002418.SZ,2.3126,2.374,2.3094,2.3514,2.3094,0.041999999999999815,1.8187,23457.17,17054.6101,1.5751,0.47,2.4044,52021.116,2.4279,36466.352,2.4331,38016.5246,2.5035,50620.2048,2.5181,50053.8483,2.4292,60780.0773,2.5162,37549.3841
20120406,002418.SZ,2.3385,2.3643,2.3191,2.3449,2.3514,-0.00649999999999995,-0.2764,17174.47,12471.7286,1.1532,0.33,2.3578,40107.598,2.4192,35559.915,2.4306,35138.6608,2.4958,49629.8295,2.5115,49348.0677,2.4352,60773.5992,2.5125,37630.3418
20120409,002418.SZ,2.3514,2.3708,2.3191,2.3223,2.3449,-0.022600000000000176,-0.9638,14566.28,10594.9705,0.9781,0.36,2.3236,27908.966,2.406,34695.477,2.4202,33480.9977,2.4838,47860.3738,2.5019,47756.5717,2.4419,60713.1192,2.5086,37713.8694
20120410,002418.SZ,2.2739,2.3256,2.1834,2.3191,2.3223,-0.0031999999999996476,-0.1378,32036.84,22333.5029,2.1512,1.15,2.3294,23460.808,2.3911,35715.989,2.4051,32957.0085,2.465,42305.6781,2.4934,46922.647,2.45,60886.669,2.5047,37957.1198
20120411,002418.SZ,2.3094,2.3385,2.2351,2.3256,2.3191,0.00649999999999995,0.2803,20552.8,14601.2183,1.3722,0.88,2.3327,21557.512,2.3785,35576.511,2.3969,32519.6208,2.4486,38855.9776,2.4845,45814.8717,2.4551,60602.6792,2.501,38076.3657
20120412,002418.SZ,2.3094,2.3772,2.3094,2.3708,2.3256,0.04519999999999991,1.9436,23679.6,17239.4949,1.5809,1.1,2.3365,21601.998,2.3705,36811.557,2.3904,32555.6931,2.4338,37178.6581,2.4764,44072.903,2.4579,58691.0002,2.4971,38168.6658
20120413,002418.SZ,2.3869,2.4095,2.3579,2.3902,2.3708,0.019400000000000084,0.8183,23715.2,17491.1094,1.5833,1.1,2.3456,22910.144,2.3517,31508.871,2.3844,32700.5762,2.42,36098.5476,2.4709,43360.662,2.4599,56642.2358,2.4926,38243.2903
20120416,002418.SZ,2.3805,2.4354,2.3514,2.3966,2.3902,0.006399999999999739,0.2678,22386.81,16516.4507,1.4946,0.98,2.3605,24474.25,2.342,26191.608,2.3802,32734.3631,2.4071,35314.3457,2.4683,42719.218,2.4621,55204.6833,2.4883,38371.9947
20120417,002418.SZ,2.3869,2.4031,2.3352,2.3352,2.3966,-0.0613999999999999,-2.562,16142.24,11841.8294,1.0777,0.66,2.3637,21295.33,2.3466,22378.069,2.3713,33104.6015,2.4017,31641.3838,2.4636,42291.383,2.4633,54008.9645,2.4837,38412.478
20120418,002418.SZ,2.3482,2.416,2.3417,2.4063,2.3352,0.07109999999999994,3.0447,18654.01,13797.323,1.2454,0.88,2.3798,20915.572,2.3562,21236.542,2.3581,28636.29,2.4031,29930.3033,2.4595,41731.085,2.4649,52504.8145,2.4801,38503.2856
20120419,002418.SZ,2.416,2.4451,2.3934,2.4386,2.4063,0.03230000000000022,1.3423,24384.52,18233.1891,1.628,1.17,2.3934,21056.556,2.365,21329.277,2.3539,24699.7577,2.4021,29371.6662,2.4572,41278.1573,2.469,51839.1695,2.4767,38670.5788
20120420,002418.SZ,2.4354,2.4935,2.4225,2.4677,2.4386,0.02909999999999968,1.1933,30227.34,23086.212,2.0181,1.44,2.4089,22358.984,2.3772,22634.564,2.3675,22849.7354,2.3998,28961.1252,2.4537,40561.5737,2.4708,50525.6788,2.4749,38873.7875
20120423,002418.SZ,2.4677,2.4935,2.3708,2.3772,2.4677,-0.09049999999999958,-3.6674,25400.28,19049.1551,1.6958,1.14,2.405,22961.678,2.3827,23717.964,2.3728,22490.5815,2.3972,28921.1938,2.4425,36452.068,2.4728,49523.6743,2.4724,39007.5272
20120424,002418.SZ,2.374,2.3902,2.2254,2.3288,2.3772,-0.0484,-2.036,29456.08,20987.8189,1.9666,1.28,2.4037,25624.446,2.3837,23459.888,2.371,22952.0362,2.3912,29218.5948,2.4311,34334.0537,2.4743,49226.147,2.469,39150.7888
20120425,002418.SZ,2.332,2.3579,2.29,2.3449,2.3288,0.01609999999999978,0.6913,20277.15,14575.1776,1.3538,0.79,2.3914,25949.074,2.3856,23432.323,2.371,23190.7038,2.3854,29144.5676,2.4199,33046.515,2.4756,48780.636,2.4655,39214.5064
20120426,002418.SZ,2.3514,2.3837,2.3288,2.3643,2.3449,0.019400000000000084,0.8273,19979.09,14575.7217,1.3339,0.77,2.3766,25067.988,2.385,23062.272,2.3743,23607.0738,2.3812,29050.83,2.4093,32165.9007,2.477,48170.7713,2.4623,39294.7953
20120427,002418.SZ,2.3579,2.3675,2.3223,2.332,2.3643,-0.03230000000000022,-1.3662,13757.03,9958.8869,0.9185,0.55,2.3494,21773.926,2.3792,22066.455,2.3752,22200.9346,2.3755,29166.4438,2.3981,31329.3,2.4778,47725.1258,2.4584,39307.1322
20120502,002418.SZ,2.3643,2.3902,2.3288,2.3772,2.332,0.04520000000000035,1.9383,20250.3,14832.1135,1.352,0.93,2.3494,20743.93,2.3772,21852.804,2.3792,22177.6654,2.366,26476.36,2.3957,28895.162,2.4789,46803.921,2.4547,39382.457
20120504,002418.SZ,2.3869,2.4548,2.3805,2.4483,2.3772,0.07109999999999994,2.9909,28817.68,21651.8678,1.924,1.39,2.3733,20616.25,2.3885,23120.348,2.3852,22572.9023,2.3638,24250.5619,2.3981,28036.1947,2.4778,44743.0122,2.4517,39540.3318
20120507,002418.SZ,2.4483,2.5613,2.4483,2.5549,2.4483,0.1065999999999998,4.354,63921.3,49911.2278,4.2676,3.1,2.4153,29345.08,2.4034,27647.077,2.3978,25665.6792,2.3765,24709.7843,2.4013,28963.0413,2.4784,44142.2473,2.4494,39876.5212
20120508,002418.SZ,2.5484,2.6098,2.4967,2.6033,2.5549,0.0484,1.8944,57972.48,45912.4598,3.8704,1.98,2.4631,36943.758,2.4199,31005.873,2.4137,28403.0385,2.3905,26038.5081,2.4043,29600.5007,2.4796,43859.9722,2.4469,40058.2462
20120509,002418.SZ,2.5872,2.6421,2.5581,2.613,2.6033,0.009700000000000042,0.3726,77592.06,62693.2442,5.1803,2.1,2.5193,49710.764,2.4344,35742.345,2.4351,33129.9477,2.4029,28616.36,2.4103,31312.2747,2.4819,44275.655,2.4444,40482.8193
20120510,002418.SZ,2.8746,2.8746,2.8746,2.8746,2.613,0.26160000000000005,10.0115,53858.0,47933.62,3.5957,1.08,2.6188,56432.304,2.4841,38588.117,2.4711,35837.9469,2.4281,30363.1948,2.4243,32333.8527,2.4875,44060.079,2.4445,40754.551
20120511,002418.SZ,2.9392,2.9489,2.7196,2.7422,2.8746,-0.13240000000000007,-4.6059,221893.72,196576.0669,14.8144,3.93,2.6776,95047.512,2.5255,57831.881,2.4945,51030.9623,2.4481,40235.93,2.4334,39002.586,2.4909,46250.875,2.4438,42423.6999
20120514,002418.SZ,2.7131,2.7358,2.6227,2.6808,2.7422,-0.0613999999999999,-2.2391,94289.43,78057.7133,6.2951,0.99,2.7028,101121.138,2.5591,65233.109,2.5109,55958.8154,2.4654,43200.339,2.4411,41413.981,2.4936,46826.708,2.4422,43013.7837
20120515,002418.SZ,2.6421,2.6582,2.571,2.5936,2.6808,-0.08720000000000017,-3.2528,65721.47,53097.1553,4.3878,0.65,2.7008,102670.936,2.582,69807.347,2.5275,59060.4454,2.4781,45351.2281,2.4458,43227.0587,2.494,46783.4073,2.4402,43407.7846
20120516,002418.SZ,2.584,2.697,2.5678,2.6001,2.5936,0.00649999999999995,0.2506,63237.01,51724.5197,4.2219,0.62,2.6983,99799.926,2.6088,74755.345,2.5484,61658.9785,2.489,47234.9143,2.4466,42776.8903,2.4947,47139.8707,2.4381,43801.3214
20120517,002418.SZ,2.6001,2.6905,2.5904,2.6679,2.6001,0.06780000000000008,2.6076,53035.93,43581.0952,3.5409,0.53,2.6569,99635.512,2.6379,78033.908,2.5732,64178.8846,2.5023,48631.1395,2.4524,42026.1067,2.4957,46804.351,2.4359,43989.5722
20120518,002418.SZ,2.6518,2.8068,2.6518,2.6905,2.6679,0.022600000000000176,0.8471,98155.62,82720.1447,6.5532,0.99,2.6466,74887.892,2.6621,84967.702,2.5983,70192.4638,2.5163,52239.1781,2.4657,43488.7063,2.4979,47520.925,2.434,44611.1701
20120521,002418.SZ,2.6453,2.6453,2.5,2.5064,2.6905,-0.18409999999999993,-6.8426,66815.68,52951.3839,4.4608,0.89,2.6117,69393.142,2.6572,85257.14,2.6118,74273.8985,2.5244,54652.199,2.4723,44713.5863,2.498,47863.7197,2.4312,44935.2164
20120522,002418.SZ,2.4903,2.5743,2.4871,2.5032,2.5064,-0.0032000000000000917,-0.1277,64110.17,49960.1539,4.2802,0.92,2.5936,69070.882,2.6472,85870.909,2.6214,77647.7346,2.529,56816.7781,2.4773,46068.6863,2.4977,48061.2673,2.4285,45333.9483
20120523,002418.SZ,2.5064,2.529,2.4386,2.5258,2.5032,0.02259999999999973,0.9028,50562.42,38996.0444,3.3757,0.73,2.5788,66535.964,2.6385,83167.945,2.6274,79320.4069,2.5332,58063.3448,2.4834,47181.618,2.4974,48264.8428,2.4269,45613.1044
20120524,002418.SZ,2.5064,2.5323,2.4612,2.4677,2.5258,-0.05810000000000004,-2.3003,28429.43,21951.4438,1.898,0.43,2.5387,61614.664,2.5978,80625.088,2.6207,76590.2631,2.5332,57977.73,2.4882,47643.723,2.4951,47700.1473,2.4248,45796.5543
20120525,002418.SZ,2.4709,2.4871,2.3869,2.3934,2.4677,-0.07429999999999959,-3.0109,30333.98,22769.0495,2.0252,0.49,2.4793,48050.336,2.5629,61469.114,2.6046,74464.2246,2.5339,58212.6681,2.4907,47586.961,2.492,47254.804,2.422,45983.988
20120528,002418.SZ,2.3837,2.4418,2.332,2.4354,2.3934,0.041999999999999815,1.7548,31067.2,22934.2068,2.0742,0.65,2.4651,40900.64,2.5384,55146.891,2.5909,70885.3892,2.539,58289.3881,2.4944,47937.441,2.4894,46876.1563,2.4201,46122.1597
20120529,002418.SZ,2.4354,2.4871,2.4095,2.4548,2.4354,0.019400000000000084,0.7966,30560.71,23276.3581,2.0403,0.75,2.4554,34190.748,2.5245,51630.815,2.5586,69093.29,2.5443,58779.0814,2.4972,48166.8113,2.4868,46119.8572,2.4184,46296.1065
20120530,002418.SZ,2.4741,2.5,2.4386,2.4644,2.4548,0.009599999999999831,0.3911,21262.71,16294.331,1.4196,0.62,2.4431,28330.806,2.511,47433.385,2.5372,53660.1354,2.549,58840.2062,2.4996,48085.0617,2.4853,45722.8618,2.4169,46399.8873
20120531,002418.SZ,2.4386,2.4774,2.4225,2.4709,2.4644,0.00649999999999995,0.2638,20405.87,15529.8185,1.3624,0.72,2.4438,26726.094,2.4913,44170.379,2.5211,47976.7846,2.5556,59156.8176,2.5021,48019.0303,2.4852,45369.1242,2.4154,46486.1998
20120601,002418.SZ,2.4806,2.5064,2.4418,2.4677,2.4709,-0.0032000000000000917,-0.1295,16918.03,12933.6474,1.1295,0.63,2.4586,24042.904,2.469,36046.62,2.5114,44222.6738,2.5599,58998.1381,2.5065,48044.89,2.4851,45168.1365,2.4135,46458.0902
20120604,002418.SZ,2.4128,2.416,2.3256,2.3256,2.4677,-0.14209999999999967,-5.7584,24721.15,18181.686,1.6505,1.03,2.4367,22773.694,2.4509,31837.167,2.4903,41259.9154,2.5541,58803.0652,2.5038,48247.128,2.4817,44989.1065,2.4119,46470.4368
20120605,002418.SZ,2.3223,2.374,2.2933,2.3159,2.3256,-0.009700000000000042,-0.4171,17416.33,12516.1288,1.1628,0.76,2.4089,20144.818,2.4322,27167.783,2.4632,38519.9462,2.5427,56588.5429,2.4997,48014.855,2.4785,44646.5062,2.4099,46368.5204
20120606,002418.SZ,2.3385,2.3417,2.2965,2.3126,2.3159,-0.0032999999999998586,-0.1425,11845.57,8503.2802,0.7909,0.59,2.3785,18261.39,2.4108,23296.098,2.4341,31880.7115,2.5289,54392.0233,2.4946,47402.1293,2.4741,43981.8515,2.4083,46317.0888
20120607,002418.SZ,2.3385,2.3611,2.2965,2.3126,2.3126,0.0,0.0,13164.9,9502.0438,0.8789,0.72,2.3469,16813.196,2.3953,21769.645,2.4192,27753.7285,2.5146,51324.0633,2.4924,46994.2833,2.4675,41723.1757,2.4074,46341.5763
20120608,002418.SZ,2.3417,2.3514,2.261,2.2803,2.3126,-0.03230000000000022,-1.3967,17864.09,12775.253,1.1927,1.06,2.3094,17002.408,2.384,20522.656,2.4021,24196.3377,2.4863,49610.0676,2.4908,46607.8837,2.4609,40470.9687,2.4062,46412.5649
20120611,002418.SZ,2.29,2.3223,2.2545,2.3223,2.2803,0.041999999999999815,1.8419,21689.76,15368.6415,1.4481,1.28,2.3087,16396.13,2.3727,19584.912,2.3864,21975.3638,2.4663,40076.5457,2.4901,46654.9707,2.455,39850.7428,2.4053,46499.2006
20120612,002418.SZ,2.3094,2.3094,2.2642,2.2642,2.3223,-0.058099999999999596,-2.5018,14737.38,10422.5093,0.9839,0.9,2.2984,15860.34,2.3537,18002.579,2.3708,20922.1292,2.4464,36288.3529,2.4867,46480.247,2.448,39323.0738,2.4037,46475.9002
20120613,002418.SZ,2.2739,2.3288,2.2706,2.3223,2.2642,0.058099999999999596,2.566,21065.62,15009.2417,1.4064,1.33,2.3003,17704.35,2.3394,17982.87,2.3653,20209.1785,2.4335,34161.8838,2.4864,46723.8667,2.4423,39026.5833,2.4026,46567.3388
20120614,002418.SZ,2.2997,2.3223,2.2868,2.2933,2.3223,-0.028999999999999915,-1.2488,18262.66,13047.5976,1.2193,1.03,2.2965,18723.902,2.3217,17768.549,2.3544,19224.2138,2.4189,32020.2481,2.4836,46657.612,2.4397,37776.387,2.4016,46664.6087
20120615,002418.SZ,2.2965,2.3126,2.261,2.3126,2.2933,0.019300000000000317,0.8416,16043.68,11410.5964,1.0711,0.86,2.3029,18359.82,2.3062,17681.114,2.3434,18107.5192,2.402,30258.7124,2.4791,46231.812,2.4386,37134.0033,2.4015,46712.7393
20120618,002418.SZ,2.3191,2.3482,2.3126,2.332,2.3126,0.01939999999999964,0.8389,26213.17,18887.8802,1.7501,1.43,2.3049,19264.502,2.3068,17830.316,2.3333,18488.3238,2.3849,26832.8814,2.4716,44974.8743,2.4365,36968.9578,2.4022,46864.26
20120619,002418.SZ,2.332,2.3385,2.3029,2.3159,2.332,-0.01609999999999978,-0.6904,13551.99,9728.3292,0.9048,0.7,2.3152,19027.424,2.3068,17443.882,2.3213,17961.1023,2.3759,24296.5152,2.4621,43494.1913,2.4332,36547.346,2.4036,46850.1869
20120620,002418.SZ,2.3191,2.3514,2.3191,2.332,2.3159,0.01609999999999978,0.6952,19687.78,14252.9232,1.3144,1.03,2.3172,18751.856,2.3088,18228.103,2.3109,18174.16,2.3677,22181.1633,2.4527,41564.0487,2.4315,36438.1617,2.4046,46884.9257
20120621,002418.SZ,2.332,2.332,2.2642,2.29,2.332,-0.041999999999999815,-1.801,18484.08,13112.8232,1.2341,0.99,2.3165,18796.14,2.3065,18760.021,2.3082,17694.3854,2.3565,20653.6233,2.4332,40384.918,2.4287,36359.3853,2.4054,46905.6933
20120625,002418.SZ,2.303,2.303,2.2113,2.2178,2.2899,-0.07209999999999983,-3.1486,16022.46,11068.5964,1.0697,0.85,2.2975,18791.896,2.3002,18575.858,2.3006,17587.1646,2.3446,20062.8152,2.4157,33522.5427,2.4246,36262.5643,2.4056,46931.5345
20120626,002418.SZ,2.2146,2.2506,2.2113,2.244,2.2178,0.026200000000000223,1.1814,12467.35,8506.9325,0.8324,0.66,2.2799,16042.732,2.2924,17653.617,2.2953,17634.9938,2.3375,19212.0233,2.4012,30795.14,2.4211,36104.5605,2.4065,46953.9668
20120627,002418.SZ,2.2244,2.2637,2.2244,2.2375,2.244,-0.006500000000000394,-0.2897,15086.78,10347.2887,1.0072,0.94,2.2643,16349.69,2.2897,17688.557,2.2896,17782.8308,2.328,18451.051,2.3893,29107.317,2.4176,36167.1878,2.4078,46955.0362
20120628,002418.SZ,2.2571,2.2571,2.1818,2.1818,2.2375,-0.05569999999999986,-2.4894,14458.51,9784.4603,0.9653,0.88,2.2342,15303.836,2.2757,17027.846,2.282,17520.8631,2.315,17684.2795,2.3754,27481.367,2.411,35129.1287,2.4084,46963.0187
20120629,002418.SZ,2.1785,2.244,2.1654,2.2211,2.1818,0.03929999999999989,1.8013,13578.18,9104.3814,0.9065,0.89,2.2204,14322.656,2.2685,16559.398,2.2742,16896.8954,2.3034,17318.3495,2.3605,26166.1087,2.4064,34096.1077,2.4096,46963.4442
20120702,002418.SZ,2.2244,2.2801,2.2244,2.2506,2.2211,0.02950000000000008,1.3282,15094.75,10397.7725,1.0078,1.05,2.227,14137.114,2.2623,16464.505,2.2731,16924.3854,2.293,17065.439,2.3458,23397.413,2.4058,33443.0597,2.4115,46966.1776
20120703,002418.SZ,2.2604,2.2801,2.2277,2.2408,2.2506,-0.009799999999999809,-0.4354,18667.53,12858.1048,1.2463,1.32,2.2264,15377.15,2.2532,15709.941,2.2669,16739.9169,2.2822,17148.7486,2.3369,21792.4747,2.4046,33253.0305,2.4137,46968.9219
20120704,002418.SZ,2.2539,2.2735,2.2309,2.2473,2.2408,0.00649999999999995,0.2901,13968.66,9608.3959,0.9326,0.91,2.2283,15153.526,2.2463,15751.608,2.2633,16409.6092,2.2784,16636.7252,2.3284,20121.091,2.4029,33094.8887,2.4161,46937.483
20120705,002418.SZ,2.2342,2.2506,2.1785,2.1785,2.2473,-0.06879999999999997,-3.0615,13202.78,8873.6969,0.8815,0.87,2.2277,14902.38,2.2309,15103.108,2.253,16191.0785,2.2719,16436.08,2.3168,18875.7697,2.4001,33028.6938,2.4177,46901.1465
20120706,002418.SZ,2.1883,2.2342,2.1425,2.2211,2.1785,0.04259999999999975,1.9555,13876.01,9253.5318,0.9264,0.93,2.2277,14961.946,2.2241,14642.301,2.2445,15242.0662,2.2675,16532.7676,2.3086,18390.6557,2.3984,33017.1893,2.4202,46865.1543
20120709,002418.SZ,2.1818,2.2014,2.1327,2.1392,2.2211,-0.08189999999999964,-3.6874,13320.46,8842.1712,0.8893,0.89,2.2054,14607.088,2.2162,14372.101,2.2309,15224.2562,2.2593,16540.1752,2.3001,17823.5383,2.3954,32705.2497,2.4227,46795.9593
20120710,002418.SZ,2.1359,2.1458,2.1097,2.1195,2.1392,-0.019700000000000273,-0.9209,9295.71,6034.8948,0.6206,0.64,2.1811,12732.724,2.2037,14054.937,2.2146,14424.8662,2.2516,16132.1571,2.2896,17097.822,2.392,32517.6315,2.4235,46560.1553
20120711,002418.SZ,2.1195,2.1294,2.0999,2.1228,2.1195,0.0032999999999998586,0.1557,8987.65,5807.5467,0.6,0.71,2.1562,11736.522,2.1923,13445.024,2.2017,13694.3715,2.2421,15527.2948,2.2786,16378.72,2.3879,32272.7657,2.4229,45481.8829
20120712,002418.SZ,2.1261,2.1851,2.1064,2.1621,2.1228,0.039300000000000335,1.8513,11505.59,7531.7888,0.7682,0.98,2.1529,11397.084,2.1903,13149.732,2.1974,13346.92,2.2372,15373.4,2.2685,16053.4827,2.3841,32069.2722,2.422,44355.754
20120713,002418.SZ,2.1752,2.1851,2.1294,2.1359,2.1621,-0.026200000000000223,-1.2118,12603.57,8281.7075,0.8415,1.11,2.1359,11142.596,2.1818,13052.271,2.1891,13357.3985,2.2284,14970.4452,2.2573,15793.406,2.3797,31906.2182,2.4209,43555.4508
20120716,002418.SZ,2.1392,2.1392,1.9951,2.0049,2.1359,-0.13099999999999978,-6.1332,15628.56,9824.2729,1.0434,1.4,2.109,11604.216,2.1572,13105.652,2.1712,13399.0738,2.2146,14845.0119,2.2419,15750.4237,2.3742,31897.6568,2.4187,42953.3107
20120717,002418.SZ,2.0082,2.0573,1.9951,2.0377,2.0049,0.03279999999999994,1.636,11443.85,7102.7061,0.764,0.99,2.0927,12033.844,2.1369,12383.284,2.1601,13167.1769,2.2015,14625.9724,2.2323,15307.847,2.3681,31777.4875,2.4165,42141.151
20120718,002418.SZ,2.0377,2.0671,2.0147,2.0639,2.0377,0.02619999999999978,1.2858,9362.51,5828.1839,0.6251,0.78,2.0809,12108.816,2.1186,11922.669,2.148,12842.8946,2.1888,13823.56,2.2239,15039.3863,2.3618,31527.1207,2.4154,41683.1451
20120719,002418.SZ,2.0639,2.113,2.0573,2.0966,2.0639,0.03270000000000017,1.5844,17855.22,11413.0924,1.1921,1.47,2.0678,13378.742,2.1104,12387.913,2.1362,13055.2385,2.1783,14028.4757,2.2167,15239.708,2.3556,31320.9187,2.4132,40923.2988
20120720,002418.SZ,2.0901,2.1228,2.077,2.0966,2.0966,0.0,0.0,10420.34,6671.2184,0.6957,0.78,2.0599,12942.096,2.0979,12042.346,2.1251,12420.8392,2.1671,13587.169,2.2095,15148.2227,2.351,31071.253,2.4119,40297.4637
20120723,002418.SZ,2.0671,2.0868,2.0442,2.0606,2.0966,-0.03600000000000003,-1.7171,7142.43,4502.434,0.4769,0.55,2.0711,11244.87,2.0901,11424.543,2.1107,11895.7446,2.1562,13047.0905,2.2022,14790.834,2.3465,30699.3588,2.4104,39962.7529
20120724,002418.SZ,2.0442,2.1163,2.0442,2.0868,2.0606,0.026200000000000223,1.2715,7906.13,5008.6065,0.5278,0.7,2.0809,10537.326,2.0868,11285.585,2.1037,11488.31,2.15,12660.5986,2.1943,14331.3797,2.3422,30493.1752,2.4089,39636.9056
20120725,002418.SZ,2.0901,2.1195,2.077,2.077,2.0868,-0.009800000000000253,-0.4696,11891.49,7615.3215,0.7939,1.13,2.0835,11043.122,2.0822,11575.969,2.0926,11335.6546,2.142,12633.1767,2.1881,14236.5167,2.3374,30358.3818,2.4072,39264.5766
20120726,002418.SZ,2.077,2.1163,2.0377,2.054,2.077,-0.02300000000000013,-1.1074,8305.03,5296.1664,0.5545,0.75,2.075,9133.084,2.0714,11255.913,2.086,10949.8523,2.1333,12310.2362,2.1791,13811.1637,2.3328,30267.5152,2.4053,38996.3205
20120727,002418.SZ,2.0737,2.1032,2.0737,2.0999,2.054,0.04590000000000005,2.2347,10005.23,6378.8122,0.668,1.1,2.0757,9050.062,2.0678,10996.079,2.0845,11004.4308,2.1294,12098.1752,2.1727,13535.916,2.3281,30096.764,2.4035,38450.3425
20120730,002418.SZ,2.1064,2.1294,2.0573,2.0999,2.0999,0.0,0.0,14886.45,9526.29,0.9939,1.64,2.0835,10598.866,2.0773,10921.868,2.0828,11458.1846,2.1236,12160.4738,2.1656,13497.3417,2.3223,29864.5768,2.4001,37303.7945
20120731,002418.SZ,2.0999,2.1064,2.0475,2.0671,2.0999,-0.03279999999999994,-1.562,6672.12,4209.0461,0.4455,0.63,2.0796,10352.064,2.0802,10444.695,2.0755,11086.3792,2.1149,11759.3962,2.1568,12845.9733,2.3142,28910.4238,2.3963,36526.3356
20120801,002418.SZ,2.054,2.113,2.054,2.0999,2.0671,0.03279999999999994,1.5868,8478.13,5423.8887,0.566,0.82,2.0842,9669.392,2.0838,10356.257,2.0727,10769.0377,2.1082,11274.1867,2.1496,12676.8447,2.3058,28085.518,2.3927,35972.7451
20120802,002418.SZ,2.0901,2.1163,2.0573,2.0737,2.0999,-0.02619999999999978,-1.2477,10780.31,6879.5965,0.7197,1.11,2.0881,10164.448,2.0816,9648.766,2.078,10396.0954,2.0999,11122.3605,2.141,12379.929,2.2968,26971.9888,2.3894,35623.8219
20120803,002418.SZ,2.077,2.1195,2.0639,2.1195,2.0737,0.04579999999999984,2.2086,13684.59,8769.3236,0.9136,1.35,2.092,10900.32,2.0838,9975.191,2.0843,10568.46,2.0971,11145.3038,2.1353,12219.946,2.2842,26302.432,2.3859,35181.2555
20120806,002418.SZ,2.1064,2.1785,2.1064,2.1785,2.1195,0.05900000000000016,2.7837,20409.58,13400.2099,1.3626,1.87,2.1077,12004.946,2.0956,11301.906,2.0931,11418.2346,2.0951,11456.4262,2.134,12366.1833,2.2748,22944.363,2.3829,34597.619
20120807,002418.SZ,2.1818,2.1883,2.1654,2.1818,2.1785,0.0032999999999998586,0.1515,16182.94,10749.6093,1.0804,1.35,2.1307,13907.11,2.1051,12129.587,2.0996,11289.5977,2.0971,11592.7348,2.1319,12490.0363,2.2665,21642.5882,2.38,34234.6481
20120808,002418.SZ,2.1818,2.1916,2.1458,2.1785,2.1818,-0.0032999999999998586,-0.1513,10898.69,7215.2442,0.7276,0.78,2.1464,14391.222,2.1153,12030.307,2.1059,11326.3938,2.0999,11669.0671,2.1299,12350.4333,2.2596,20728.8752,2.3768,33756.1413
20120809,002418.SZ,2.1851,2.244,2.1294,2.2113,2.1785,0.03279999999999994,1.5056,29870.54,19895.8503,1.9943,2.08,2.1739,18209.268,2.131,14186.858,2.1175,13074.71,2.1041,12663.4905,2.1309,12864.1677,2.2531,20172.7673,2.3739,33656.319
20120810,002418.SZ,2.2178,2.2178,2.1621,2.1687,2.2113,-0.04260000000000019,-1.9265,30569.84,20398.8166,2.0409,1.68,2.1838,21586.318,2.1379,16243.319,2.1238,14818.0723,2.1044,13571.3119,2.1292,13430.5563,2.2448,19798.3325,2.3702,33301.3418
20120813,002418.SZ,2.1589,2.1621,2.1163,2.1195,2.1687,-0.04919999999999991,-2.2686,35686.4,23269.0875,2.3825,1.65,2.172,24641.682,2.1399,18323.314,2.1271,16648.45,2.1036,14670.4943,2.1248,14116.9447,2.2353,18757.1788,2.3666,33139.0519
20120814,002418.SZ,2.113,2.1294,2.0475,2.0966,2.1195,-0.02289999999999992,-1.0804,40776.33,25841.0384,2.7224,1.65,2.1549,29560.36,2.1428,21733.735,2.1304,19146.2423,2.108,15868.0071,2.12,14853.9047,2.2285,18323.1897,2.3632,33093.4547
20120815,002418.SZ,2.0835,2.0933,2.0671,2.0704,2.0966,-0.026200000000000223,-1.2496,14460.07,9180.982,0.9654,0.49,2.1333,30272.636,2.1399,22331.929,2.1281,19488.9223,2.1096,16011.6367,2.1141,14870.285,2.2213,17495.688,2.3595,32778.4777
20120816,002418.SZ,2.0639,2.0933,2.0639,2.0704,2.0704,0.0,0.0,14430.8,9147.6119,0.9634,0.48,2.1051,27184.688,2.1395,22696.978,2.1258,19453.8723,2.1099,16252.9838,2.1105,14911.219,2.2137,16893.4943,2.3555,32579.1686
20120817,002418.SZ,2.0737,2.0901,2.0639,2.0835,2.0704,0.013100000000000112,0.6327,7934.68,5033.2815,0.5297,0.29,2.0881,22657.656,2.1359,22121.987,2.1271,19550.9923,2.1092,15780.5771,2.1059,14713.1747,2.2073,16551.9152,2.3512,32126.0313
20120820,002418.SZ,2.0802,2.0933,2.0475,2.0835,2.0835,0.0,0.0,12248.33,7737.5409,0.8177,0.54,2.0809,17970.042,2.1264,21305.862,2.1258,19841.0077,2.1086,15867.6243,2.104,14677.437,2.2021,16250.4877,2.3471,31752.6458
20120821,002418.SZ,2.077,2.1327,2.0737,2.1195,2.0835,0.03600000000000003,1.7279,25230.66,16247.3949,1.6845,1.4,2.0855,14860.908,2.1202,22210.634,2.1294,20952.5731,2.1114,16728.9686,2.104,15208.602,2.1968,16153.212,2.3431,31514.6842
20120822,002418.SZ,2.1294,2.1294,2.0999,2.1097,2.1195,-0.009799999999999809,-0.4624,12257.73,7909.3199,0.8184,0.82,2.0933,14420.44,2.1133,22346.538,2.1286,20842.8146,2.1125,16936.1876,2.1036,15317.6047,2.1911,15848.1623,2.3389,30984.0098
20120823,002418.SZ,2.1163,2.1687,2.1064,2.1523,2.1097,0.04259999999999975,2.0192,26164.7,17051.3861,1.7468,1.81,2.1097,16767.22,2.1074,21975.954,2.1266,21285.5162,2.1161,17615.8643,2.1033,15806.2417,2.1859,15929.8622,2.3356,30826.362
20120824,002418.SZ,2.1392,2.1687,2.0999,2.113,2.1523,-0.03929999999999989,-1.826,27958.51,18201.414,1.8666,1.67,2.1156,20771.986,2.1018,21714.821,2.1213,22191.3292,2.1189,18551.7443,2.1025,16318.073,2.1799,16055.7395,2.3326,30712.4318
20120827,002418.SZ,2.113,2.1556,2.0639,2.0671,2.113,-0.04590000000000005,-2.1723,16866.0,10777.3547,1.126,0.81,2.1123,21695.52,2.0966,19832.781,2.1127,22650.3531,2.1174,18878.4476,2.1046,16359.321,2.1732,16054.8723,2.3291,30611.5044
20120828,002418.SZ,2.0704,2.1064,2.0704,2.0802,2.0671,0.013100000000000112,0.6337,9135.31,5824.6213,0.6099,0.42,2.1045,18476.45,2.095,16668.679,2.1026,21055.3354,2.1164,18604.5838,2.106,16282.3697,2.1691,15795.1083,2.3254,30392.1074
20120829,002418.SZ,2.0737,2.1097,2.0671,2.0868,2.0802,0.006600000000000161,0.3173,13597.52,8699.162,0.9044,0.74,2.0999,18744.408,2.0966,16582.424,2.0963,19749.7723,2.1174,18934.3648,2.1068,16423.5367,2.1653,15731.4615,2.3219,30188.9838
20120830,002418.SZ,2.0868,2.1064,2.0311,2.0508,2.0868,-0.03600000000000003,-1.7251,14289.42,9019.61,0.9504,0.76,2.0796,16369.352,2.0946,16568.286,2.0911,18103.8508,2.115,19211.0929,2.1052,16304.6767,2.161,15772.1923,2.3175,29877.0219
20120831,002418.SZ,2.0475,2.0737,2.0213,2.0573,2.0508,0.00649999999999995,0.3169,9286.95,5819.0575,0.6177,0.57,2.0684,12635.04,2.092,16703.513,2.088,15681.5908,2.1142,19139.9805,2.1039,16266.897,2.1567,15707.5598,2.3121,28715.3678
20120903,002418.SZ,2.0606,2.2637,2.0573,2.2473,2.0573,0.18999999999999995,9.2354,103698.83,70150.5501,6.897,8.21,2.1045,30001.606,2.1084,25848.563,2.1016,22546.1108,2.1203,23426.3729,2.1101,19485.4437,2.1562,17138.1388,2.3085,28804.5538
20120904,002418.SZ,2.208,2.2604,2.1851,2.2342,2.2473,-0.013100000000000112,-0.5829,92896.37,62897.1932,6.1785,3.1,2.1353,46753.818,2.1199,32615.134,2.1142,28581.9238,2.123,26878.1248,2.1151,22318.4517,2.1547,18324.9157,2.3048,29087.8293
20120905,002418.SZ,2.2277,2.2408,2.1883,2.2244,2.2342,-0.009799999999999809,-0.4386,47524.16,32138.6591,3.1608,1.02,2.1628,53539.146,2.1313,36141.777,2.1251,31627.2685,2.125,28370.5638,2.12,23506.2073,2.154,18871.362,2.301,29097.2179
20120906,002418.SZ,2.2277,2.2342,2.1654,2.2047,2.2244,-0.019700000000000273,-0.8856,55542.71,37242.7603,3.6941,1.04,2.1936,61789.804,2.1366,39079.578,2.1344,34957.6054,2.1262,30496.4695,2.125,25080.7967,2.1521,19445.9802,2.2972,29236.2818
20120907,002418.SZ,2.2244,2.2833,2.208,2.2539,2.2047,0.04919999999999991,2.2316,93056.19,63965.1494,6.1892,1.51,2.2329,78543.652,2.1507,45589.346,2.1447,40174.9538,2.1283,33505.31,2.1301,27849.162,2.1514,20692.539,2.2955,29234.463
20120910,002418.SZ,2.2506,2.3161,2.2309,2.2866,2.2539,0.03270000000000017,1.4508,69134.65,48164.4667,4.5981,0.88,2.2408,71630.816,2.1726,50816.211,2.1584,44550.1015,2.1339,35341.7295,2.1364,29657.4353,2.151,21577.3885,2.2948,29355.6959
20120911,002418.SZ,2.2702,2.2866,2.2473,2.2604,2.2866,-0.02619999999999978,-1.1458,35643.54,24621.0555,2.3706,0.5,2.246,60180.25,2.1906,53467.034,2.1667,45279.2431,2.1406,35339.6886,2.1428,30623.1493,2.1498,21734.5613,2.2931,29351.7596
20120912,002418.SZ,2.2801,2.3096,2.2506,2.2801,2.2604,0.01969999999999983,0.8715,28495.07,19743.3124,1.8952,0.47,2.2571,56374.432,2.21,54956.789,2.1795,45320.5169,2.1493,34754.8667,2.1488,31290.3807,2.1492,21983.6127,2.2912,29265.4793
20120913,002418.SZ,2.2801,2.2932,2.2211,2.2244,2.2801,-0.05569999999999986,-2.4429,29587.58,20476.4649,1.9679,0.52,2.2611,51183.406,2.2273,56486.605,2.1916,46299.1,2.1567,35475.2243,2.1538,31917.2897,2.1474,22148.6093,2.2894,29293.3855
20120914,002418.SZ,2.2539,2.2539,2.2014,2.2113,2.2244,-0.013100000000000112,-0.5889,27793.43,18881.2399,1.8485,0.54,2.2526,38130.854,2.2427,58337.253,2.2017,47734.34,2.1634,36111.54,2.1569,32387.5843,2.1461,22303.7652,2.2874,29331.5753
20120917,002418.SZ,2.2113,2.2375,2.1785,2.1818,2.2113,-0.02950000000000008,-1.3341,21340.5,14348.6075,1.4194,0.56,2.2316,28572.024,2.2362,50101.42,2.209,48329.9538,2.1681,36749.9124,2.157,32418.615,2.1455,22392.3992,2.285,29327.4818
20120918,002418.SZ,2.1916,2.1916,2.1425,2.1523,2.1818,-0.02950000000000008,-1.3521,21425.52,14150.5551,1.425,0.75,2.21,25728.42,2.228,42954.335,2.2168,48878.8846,2.1713,37186.9214,2.156,32593.3677,2.144,22541.702,2.2825,29323.1313
20120919,002418.SZ,2.1556,2.2146,2.1392,2.2047,2.1523,0.0524,2.4346,25461.63,16955.3997,1.6934,0.99,2.1949,25121.732,2.226,40748.082,2.2282,50123.0908,2.1754,37197.92,2.1569,33078.799,2.1434,22714.6162,2.2805,29440.902
20120920,002418.SZ,2.208,2.208,2.1327,2.1392,2.2047,-0.06549999999999967,-2.9709,15886.61,10481.685,1.0566,0.63,2.1779,22381.538,2.2195,36782.472,2.2198,43368.3046,2.1768,37370.7238,2.1545,32612.668,2.1427,22738.4178,2.2768,28933.7733
20120921,002418.SZ,2.1261,2.1589,2.1097,2.1097,2.1392,-0.02950000000000008,-1.379,12782.58,8305.5016,0.8502,0.57,2.1575,19379.368,2.2051,28755.111,2.2103,37205.7054,2.1748,36733.48,2.1525,32019.7593,2.1408,22725.1578,2.2736,28410.6328
20120924,002418.SZ,2.0901,2.1261,2.0737,2.1097,2.1097,0.0,0.0,15057.16,9652.1433,1.0014,0.78,2.1431,18122.7,2.1874,23347.362,2.2014,34708.2438,2.1746,36119.13,2.1522,31332.118,2.1385,22724.5313,2.2721,28083.7955
20120925,002418.SZ,2.1032,2.1195,2.0802,2.0868,2.1097,-0.02289999999999992,-1.0855,8815.12,5655.0103,0.5863,0.49,2.13,15600.62,2.17,20664.52,2.1924,31113.8138,2.1756,35735.7548,2.1519,30266.7443,2.1359,22560.3245,2.2703,27906.6775
20120926,002418.SZ,2.0868,2.0966,2.0245,2.0377,2.0868,-0.049100000000000144,-2.3529,12327.71,7723.9161,0.8199,0.79,2.0966,12973.836,2.1458,19047.784,2.1757,24903.9308,2.1735,35887.7738,2.1508,30195.6657,2.1324,22532.9753,2.2677,27813.932
20120927,002418.SZ,2.0377,2.1261,2.0278,2.0802,2.0377,0.04249999999999998,2.0857,12753.68,8046.3655,0.8482,0.98,2.0848,12347.25,2.1313,17364.394,2.1599,20566.9331,2.1732,35847.591,2.1511,30139.7617,2.1308,22525.4903,2.2655,27777.0921
20120928,002418.SZ,2.0671,2.1163,2.0671,2.1163,2.0802,0.0360999999999998,1.7354,12748.44,8178.6757,0.8479,1.03,2.0861,12340.422,2.1218,15859.895,2.1488,18805.7715,2.1763,35774.211,2.1522,30300.2203,2.129,22506.6975,2.2637,27761.9434
20121008,002418.SZ,2.1163,2.149,2.113,2.1294,2.1163,0.013100000000000112,0.619,14344.41,9324.8425,0.954,1.16,2.0901,12197.872,2.1166,15160.286,2.1372,17717.2592,2.1798,36015.0424,2.1537,30370.0897,2.1289,22523.7633,2.2622,27614.5065
20121009,002418.SZ,2.1327,2.2899,2.1327,2.2408,2.1294,0.11140000000000017,5.2315,58990.06,40367.4645,3.9234,4.84,2.1209,22232.86,2.1255,18916.74,2.1385,19978.9885,2.1795,33886.0533,2.1578,31495.403,2.1309,23352.0025,2.2614,27934.817
20121010,002418.SZ,2.2604,2.3259,2.2309,2.2735,2.2408,0.03269999999999973,1.4593,89122.33,62066.9039,5.9275,4.01,2.168,37591.784,2.1323,25282.81,2.1432,24696.5962,2.1813,33706.3371,2.1632,34057.5563,2.1334,24687.5805,2.2606,28480.1731
20121011,002418.SZ,2.2866,2.2866,2.2211,2.2211,2.2735,-0.0524,-2.3048,39507.3,27105.9745,2.6276,1.05,2.1962,42942.508,2.1405,27644.879,2.1463,26094.0423,2.1812,33324.5819,2.1655,34502.3097,2.1344,25154.2757,2.2592,28611.7739
20121012,002418.SZ,2.2277,2.2539,2.1883,2.2244,2.2211,0.0033000000000003027,0.1486,23784.94,16113.6137,1.5819,0.55,2.2178,45149.808,2.152,28745.115,2.1518,26275.5362,2.1821,31812.3071,2.1692,34363.1907,2.1359,25340.6318,2.2578,28623.425
20121015,002418.SZ,2.2244,2.2899,2.1949,2.2244,2.2244,0.0,0.0,18601.42,12601.3378,1.2372,0.41,2.2368,46001.21,2.1635,29099.541,2.1533,25747.8277,2.1807,28266.8419,2.1745,34421.038,2.1395,25390.1795,2.2569,28643.9182
20121016,002418.SZ,2.2375,2.2506,2.1982,2.2178,2.2244,-0.006600000000000161,-0.2967,19948.69,13572.1345,1.3268,0.43,2.2322,38192.936,2.1766,30212.898,2.1594,26060.2954,2.1774,25924.6533,2.1791,34781.484,2.1425,25531.9268,2.2553,28654.7072
20121017,002418.SZ,2.2244,2.244,2.1949,2.2309,2.2178,0.013100000000000112,0.5907,19002.83,12898.5733,1.2639,0.5,2.2237,24169.036,2.1959,30880.41,2.1687,26538.7762,2.176,25132.2386,2.1839,34961.661,2.1453,25692.5988,2.2536,28609.8598
20121018,002418.SZ,2.2408,2.2735,2.2277,2.2539,2.2309,0.022999999999999687,1.031,26820.3,18457.6736,1.7838,1.11,2.2303,21631.636,2.2133,32287.072,2.1798,27443.6331,2.1748,25052.4876,2.1906,35379.357,2.1479,25842.0168,2.2518,28581.4678
20121019,002418.SZ,2.2571,2.267,2.2342,2.2342,2.2539,-0.01969999999999983,-0.874,22283.42,15277.0589,1.4821,1.03,2.2322,21331.332,2.225,33240.57,2.1911,28479.6562,2.1752,24704.6705,2.1965,35812.5727,2.1502,26039.7348,2.2506,28555.4939
20121022,002418.SZ,2.2211,2.2801,2.2047,2.2768,2.2342,0.04260000000000019,1.9067,33551.4,23072.7055,2.2315,1.57,2.2427,24321.328,2.2398,35161.269,2.2095,30112.2477,2.1784,24978.8595,2.1975,33474.325,2.1538,26479.8843,2.2502,28589.6216
20121023,002418.SZ,2.2735,2.2768,2.2211,2.2244,2.2768,-0.0524,-2.3015,23600.89,16204.3505,1.5697,0.97,2.244,25051.768,2.2381,31622.352,2.2206,30946.6485,2.1804,25086.4971,2.1972,31164.4757,2.1561,26741.4637,2.2492,28617.3194
20121024,002418.SZ,2.2047,2.2375,2.2014,2.2146,2.2244,-0.009800000000000253,-0.4406,16107.1,10906.1092,1.0713,0.64,2.2408,24472.622,2.2323,24320.829,2.2282,31205.0069,2.1834,24833.239,2.1969,30117.2403,2.1584,26811.7238,2.2479,28585.0528
20121025,002418.SZ,2.2146,2.2539,2.2014,2.2047,2.2146,-0.00990000000000002,-0.447,14948.6,10145.7296,0.9942,0.61,2.2309,22098.282,2.2306,21864.959,2.234,31251.4831,2.1834,24332.6186,2.1969,28764.1033,2.1609,26922.45,2.2468,28594.9826
20121026,002418.SZ,2.2047,2.2309,2.1752,2.1883,2.2047,-0.01639999999999997,-0.7439,21424.86,14388.461,1.425,0.97,2.2218,21926.57,2.227,21628.951,2.2299,28361.8523,2.1857,24596.3448,2.1947,26376.3923,2.1624,27112.7772,2.2453,28604.7706
20121029,002418.SZ,2.172,2.1851,2.1261,2.1359,2.1883,-0.0524,-2.3946,22317.05,14589.6114,1.4843,1.02,2.1936,19679.7,2.2182,22000.514,2.2193,23222.9846,2.1869,25050.3671,2.1897,24815.8057,2.163,27236.6205,2.2427,28550.5987
20121030,002418.SZ,2.1359,2.1556,2.1261,2.1458,2.1359,0.00990000000000002,0.4635,9822.72,6423.1862,0.6533,0.5,2.1779,16924.066,2.211,20987.917,2.2135,20939.5554,2.1887,24801.1081,2.1858,23955.1117,2.1643,27289.1305,2.2393,28099.7772
20121031,002418.SZ,2.1425,2.1556,2.1294,2.149,2.1458,0.0032000000000000917,0.1491,8847.3,5788.8066,0.5884,0.52,2.1647,15472.106,2.2028,19972.364,2.2077,19790.5062,2.1916,24802.6405,2.1815,23300.186,2.1651,27295.2833,2.2355,27690.4007
20121101,002418.SZ,2.149,2.2211,2.1458,2.2014,2.149,0.0524,2.4383,24239.23,16186.0686,1.6121,1.57,2.1641,17330.232,2.1975,19714.257,2.206,20224.1838,2.1994,25369.8557,2.1807,23121.9077,2.1673,27519.5987,2.232,27245.7938
20121102,002418.SZ,2.2014,2.2539,2.1949,2.2244,2.2014,0.02300000000000013,1.0448,19928.84,13528.1401,1.3255,1.15,2.1713,17031.028,2.1965,19478.799,2.2065,20222.6569,2.2063,25711.53,2.1811,22859.7547,2.169,27623.6695,2.2266,26963.0508
20121105,002418.SZ,2.2244,2.2342,2.208,2.2244,2.2244,0.0,0.0,11863.6,8036.3277,0.789,0.7,2.189,14940.338,2.1913,17310.019,2.206,19673.4854,2.2114,25669.3948,2.1826,22543.858,2.1698,27481.2365,2.2223,25212.7998
20121106,002418.SZ,2.2178,2.2604,2.1851,2.2408,2.2244,0.01639999999999997,0.7373,30208.98,20465.5204,2.0092,2.02,2.208,19017.59,2.1929,17970.828,2.205,19934.1531,2.2167,26424.8505,2.1855,22836.64,2.1708,27715.0038,2.2186,24678.796
20121107,002418.SZ,2.2408,2.2506,2.2211,2.2309,2.2408,-0.00990000000000002,-0.4418,14381.21,9828.4842,0.9565,0.76,2.2244,20124.372,2.1946,17798.239,2.2047,19326.2908,2.2163,24300.6195,2.1864,22467.2927,2.1716,27773.0458,2.2156,24250.9605
20121108,002418.SZ,2.2211,2.2735,2.1883,2.2473,2.2309,0.01639999999999997,0.7351,50033.89,34358.961,3.3277,2.49,2.2336,25283.304,2.1988,21306.768,2.2025,20594.1746,2.215,22439.2652,2.19,23605.5353,2.1722,28109.1017,2.2127,24140.9345
20121109,002418.SZ,2.2211,2.3521,2.2211,2.3194,2.2473,0.07209999999999983,3.2083,110107.2,77909.8906,7.3232,4.35,2.2526,43318.976,2.2119,30175.002,2.2098,27248.5062,2.2197,25801.1652,2.197,26849.6893,2.1747,29434.7243,2.2098,24616.5284
20121112,002418.SZ,2.2932,2.3227,2.2801,2.3063,2.3194,-0.013100000000000112,-0.5648,49559.64,34824.0587,3.2962,1.14,2.2689,50858.184,2.229,32899.261,2.2168,29821.7785,2.2236,27028.5319,2.2035,27999.772,2.1779,29665.945,2.2066,24211.5619
20121113,002418.SZ,2.2932,2.3456,2.2506,2.3259,2.3063,0.019600000000000062,0.8498,55128.84,38678.8756,3.6666,1.08,2.286,55842.156,2.247,37429.873,2.2261,32912.5662,2.2284,28767.9329,2.2115,29543.5627,2.1817,29905.1535,2.2051,24114.1716
20121114,002418.SZ,2.3194,2.3358,2.2735,2.3325,2.3259,0.006600000000000161,0.2838,36522.68,25711.5815,2.4291,0.65,2.3063,60270.45,2.2653,40197.411,2.2372,34073.9369,2.2339,29557.1705,2.2213,30350.0617,2.1861,30272.8637,2.2037,23884.2758
20121115,002418.SZ,2.4209,2.5618,2.2702,2.2735,2.3325,-0.05900000000000016,-2.5295,128067.06,94091.3182,8.5177,2.12,2.3115,75877.084,2.2725,50580.194,2.2478,42208.5531,2.2359,34750.7052,2.2278,34193.841,2.1894,32166.8013,2.2015,24530.1478
20121116,002418.SZ,2.1949,2.244,2.1032,2.2146,2.2735,-0.05889999999999995,-2.5907,69123.01,45741.3523,4.5974,0.91,2.2906,67680.246,2.2716,55499.611,2.2531,46770.1138,2.2341,36765.12,2.231,36072.9933,2.1916,33186.6068,2.1994,24869.261
20121119,002418.SZ,2.1916,2.2571,2.1621,2.2375,2.2146,0.02289999999999992,1.034,34768.34,23525.2454,2.3124,0.51,2.2768,64721.986,2.2729,57790.085,2.2599,48764.04,2.2342,37359.64,2.2346,36753.791,2.1942,33561.9403,2.1981,24906.214
20121120,002418.SZ,2.2408,2.2506,2.1949,2.1949,2.2375,-0.04259999999999975,-1.9039,19080.44,12915.2048,1.269,0.29,2.2506,57512.306,2.2683,56677.231,2.2594,48367.21,2.2303,36670.5467,2.2331,35423.4703,2.1954,33459.4367,2.1961,24806.3243
20121121,002418.SZ,2.1883,2.2277,2.1556,2.2244,2.1949,0.02950000000000008,1.344,20799.41,13922.7915,1.3834,0.36,2.229,54367.652,2.2676,57319.051,2.2594,48434.1769,2.2303,36537.1429,2.2315,33146.0397,2.1974,33601.798,2.1942,24724.9802
20121122,002418.SZ,2.1982,2.2571,2.1949,2.2473,2.2244,0.02289999999999992,1.0295,33184.5,22593.4552,2.2071,0.61,2.2237,35391.14,2.2676,55634.112,2.2612,50074.2462,2.2319,37350.3524,2.2324,32935.2797,2.1989,33718.7947,2.1924,24824.3284
20121123,002418.SZ,2.2801,2.3882,2.2473,2.3587,2.2473,0.11139999999999972,4.9571,105197.25,75095.1207,6.9967,2.97,2.2526,42605.988,2.2716,55143.117,2.2702,55842.5746,2.2392,41647.9071,2.2368,35649.0233,2.203,35006.107,2.1915,25530.9233
20121126,002418.SZ,2.3194,2.4144,2.303,2.3292,2.3587,-0.029499999999999638,-1.2507,72340.76,52237.4547,4.8114,1.7,2.2709,50120.472,2.2739,57421.229,2.2778,60301.0015,2.2459,44072.4738,2.2403,37440.3347,2.2074,35930.6863,2.1903,25992.7793
20121127,002418.SZ,2.2997,2.3259,2.2014,2.2277,2.3292,-0.10150000000000015,-4.3577,44840.49,30816.0148,2.9823,0.89,2.2775,55272.482,2.264,56392.394,2.2763,59901.5092,2.2503,45145.0186,2.2407,38270.0613,2.2099,36525.7727,2.1895,26160.4405
20121128,002418.SZ,2.2113,2.2178,2.0999,2.1064,2.2277,-0.12130000000000019,-5.4451,43751.23,28613.7701,2.9099,0.79,2.2539,59862.846,2.2414,57115.249,2.2599,54797.2038,2.2484,46760.6619,2.2365,39095.008,2.2102,37028.3345,2.1878,26379.898
20121129,002418.SZ,2.1097,2.1425,2.0802,2.0835,2.1064,-0.02289999999999992,-1.0872,22994.22,14817.7685,1.5293,0.38,2.2211,57824.79,2.2224,46607.965,2.2428,52753.71,2.2453,47434.3248,2.2308,38967.472,2.2107,37173.4145,2.1858,26472.8034
20121130,002418.SZ,2.0802,2.1195,2.0737,2.113,2.0835,0.02950000000000008,1.4159,22790.22,14644.8645,1.5158,0.39,2.172,41343.384,2.2123,41974.686,2.2264,50266.1238,2.2411,47365.3243,2.2268,38984.3653,2.2117,37398.469,2.1842,26553.0144
20121203,002418.SZ,2.0999,2.1359,2.0868,2.0868,2.113,-0.02619999999999978,-1.2399,16816.67,10829.6642,1.1185,0.41,2.1235,30238.566,2.1972,40179.519,2.2075,48750.2769,2.2345,47217.1257,2.2205,38426.541,2.209,35950.433,2.1826,26544.2859
20121204,002418.SZ,2.054,2.0901,1.9394,2.0671,2.0868,-0.019700000000000273,-0.944,25707.84,15773.6135,1.7098,0.85,2.0914,26412.036,2.1844,40842.259,2.1916,40876.4908,2.227,47876.3752,2.2152,38496.7727,2.2062,34830.6242,2.1804,26577.7699
20121205,002418.SZ,2.0442,2.1654,2.0344,2.1458,2.0671,0.07869999999999999,3.8073,22937.28,14883.0203,1.5256,0.87,2.0992,22249.246,2.1766,41056.046,2.1863,37323.7423,2.2225,47530.1038,2.2129,38724.4453,2.2049,34420.8428,2.1795,26646.1024
20121206,002418.SZ,2.1556,2.1621,2.1097,2.1228,2.1458,-0.02300000000000013,-1.0719,15774.88,10254.8613,1.0492,0.71,2.1071,20805.378,2.1641,39315.084,2.1775,35862.7069,2.2174,47596.469,2.2102,38751.988,2.2035,33758.0457,2.1778,26602.0129
20121207,002418.SZ,2.1294,2.1818,2.1097,2.1785,2.1228,0.055700000000000305,2.6239,25565.04,16851.1531,1.7003,1.23,2.1202,21360.342,2.1461,31351.863,2.1762,36361.5223,2.2141,46431.2857,2.2099,38889.994,2.2023,32633.1932,2.1768,26662.8661
20121210,002418.SZ,2.1818,2.2408,2.1621,2.2408,2.1785,0.06230000000000002,2.8598,30361.84,20417.125,2.0194,1.42,2.151,24069.376,2.1372,27153.971,2.1775,37097.0938,2.2103,42633.8876,2.2134,39158.1537,2.2015,31986.9797,2.1762,26782.1841
20121211,002418.SZ,2.2211,2.2637,2.2047,2.2047,2.2408,-0.03610000000000024,-1.611,25293.56,17235.7524,1.6823,1.05,2.1785,23986.52,2.1349,25199.278,2.1742,36490.0985,2.2055,41478.36,2.2153,39673.8483,2.2006,31814.48,2.1752,26774.5207
20121212,002418.SZ,2.208,2.2571,2.172,2.2244,2.2047,0.019700000000000273,0.8935,23338.6,15794.3586,1.5522,0.97,2.1942,24066.784,2.1467,23158.015,2.1639,30193.2792,2.2007,39964.539,2.2178,40156.8917,2.1996,31728.5388,2.1744,26856.0758
20121213,002418.SZ,2.2178,2.2211,2.1425,2.1556,2.2244,-0.06879999999999997,-3.093,22503.04,14974.8367,1.4967,0.94,2.2008,25412.416,2.154,23108.897,2.1505,26359.6085,2.1922,39296.9371,2.2163,40099.0187,2.1985,31610.4632,2.1729,26879.5363
20121214,002418.SZ,2.1458,2.267,2.1458,2.2539,2.1556,0.09829999999999961,4.5602,52321.65,35659.3394,3.4799,2.06,2.2159,30763.738,2.168,26062.04,2.1526,26935.0823,2.1913,35690.0129,2.2173,41178.779,2.1992,32019.2668,2.1726,27161.516
20121217,002418.SZ,2.267,2.303,2.2408,2.2539,2.2539,0.0,0.0,30699.37,21234.6197,2.0418,1.0,2.2185,30831.244,2.1848,27450.31,2.1639,25931.0931,2.1932,33860.3157,2.2183,41806.638,2.2004,32175.248,2.1729,27283.8236
20121218,002418.SZ,2.2539,2.2932,2.2408,2.2604,2.2539,0.006500000000000394,0.2884,27871.7,19290.4697,1.8537,0.9,2.2296,31346.872,2.2041,27666.696,2.1775,26306.2838,2.1943,33531.9043,2.2189,41728.7287,2.2022,32282.6843,2.1731,27412.1932
20121219,002418.SZ,2.267,2.2801,2.2375,2.2539,2.2604,-0.006500000000000394,-0.2876,22725.94,15695.1525,1.5115,0.72,2.2355,31224.34,2.2149,27645.562,2.1884,26301.3392,2.1971,33705.4995,2.2197,42006.8863,2.203,32237.0895,2.1732,27475.8528
20121220,002418.SZ,2.2539,2.2539,2.2211,2.2506,2.2539,-0.0032999999999998586,-0.1464,23816.69,16270.917,1.584,0.76,2.2545,31487.07,2.2277,28449.743,2.201,26839.8023,2.1983,33849.1795,2.2198,41132.9797,2.2049,32369.2575,2.1738,27553.8377
20121221,002418.SZ,2.1883,2.2014,2.1458,2.1752,2.2506,-0.07540000000000013,-3.3502,73849.4,48946.9789,4.9117,2.35,2.2388,35792.62,2.2273,33278.179,2.2093,30542.9992,2.1949,35785.6033,2.215,39924.3863,2.206,33387.0378,2.1734,28056.0978
20121224,002418.SZ,2.1621,2.1752,2.149,2.1687,2.1752,-0.00649999999999995,-0.2988,34790.22,22951.6411,2.3139,0.97,2.2218,36610.79,2.2201,33721.017,2.211,31454.7638,2.1859,32432.8876,2.2104,39432.0723,2.207,33715.9222,2.1727,28220.2268
20121225,002418.SZ,2.1687,2.2506,2.1556,2.2277,2.1687,0.05900000000000016,2.7205,53924.05,36265.9305,3.5865,1.47,2.2152,41821.26,2.2224,36584.066,2.2191,34389.3154,2.181,31555.9014,2.2071,39391.9127,2.2093,34467.7377,2.1726,28514.0311
20121226,002418.SZ,2.2277,2.267,2.2211,2.2604,2.2277,0.03270000000000017,1.4679,46933.71,32116.4378,3.1216,1.12,2.2165,46662.814,2.226,38943.577,2.2254,36033.0592,2.1826,31655.5786,2.2047,39738.947,2.213,35044.5043,2.1727,28788.7398
20121227,002418.SZ,2.2604,2.3325,2.244,2.2801,2.2604,0.01969999999999983,0.8715,68257.54,47762.9611,4.5398,1.46,2.2224,55550.984,2.2385,43519.027,2.2284,38948.1131,2.1908,32822.5457,2.205,37745.2963,2.2164,35969.5687,2.1736,29247.5295
20121228,002418.SZ,2.2735,2.3227,2.2637,2.303,2.2801,0.02289999999999992,1.0043,45833.05,32178.7274,3.0483,0.83,2.248,49947.714,2.2434,42870.167,2.236,40528.0738,2.2013,33910.109,2.2079,36968.9643,2.2195,36520.9788,2.1743,29513.8382
20121231,002418.SZ,2.3096,2.3423,2.2833,2.3161,2.303,0.013100000000000112,0.5688,38965.32,27489.0978,2.5916,0.78,2.2775,50782.734,2.2496,43696.762,2.243,41730.1292,2.211,34680.3519,2.2105,37108.8637,2.2226,36931.3273,2.1757,29727.5453
20130104,002418.SZ,2.3161,2.3587,2.267,2.303,2.3161,-0.013100000000000112,-0.5656,37536.38,26422.0214,2.4965,0.74,2.2925,47505.2,2.2539,44663.23,2.2544,42886.54,2.2213,35667.0048,2.2141,37724.0617,2.2236,36573.766,2.1773,29962.8843
20130107,002418.SZ,2.2866,2.3259,2.2735,2.3259,2.303,0.02289999999999992,0.9944,34121.28,24009.5054,2.2694,0.72,2.3056,44942.714,2.2611,45802.764,2.2599,41486.5115,2.2336,36067.6448,2.2175,38168.124,2.2245,35657.0818,2.179,30172.3312
20130108,002418.SZ,2.3358,2.3816,2.303,2.3652,2.3259,0.039300000000000335,1.6897,46644.34,33349.8403,3.1023,1.04,2.3226,40620.074,2.2725,48085.529,2.2685,42713.0477,2.244,37196.5524,2.2214,38616.7853,2.2269,35776.0325,2.1806,30465.1541
20130109,002418.SZ,2.3652,2.3849,2.2965,2.3259,2.3652,-0.039300000000000335,-1.6616,37698.73,26965.7648,2.5073,0.93,2.3272,38993.21,2.2876,44470.462,2.2735,43468.9731,2.2537,38240.5452,2.2203,36366.8347,2.2286,36007.929,2.1822,30674.2804
20130110,002418.SZ,2.3227,2.3521,2.3063,2.3259,2.3259,0.0,0.0,34660.5,24614.0531,2.3053,0.89,2.3292,38132.246,2.3033,44457.49,2.2791,44387.0162,2.2607,38673.6624,2.2202,35110.826,2.2303,36275.5803,2.1849,30832.8799
20130111,002418.SZ,2.3292,2.457,2.303,2.4046,2.3259,0.07869999999999999,3.3836,98031.55,70959.0834,6.5201,2.57,2.3495,50231.28,2.321,48868.24,2.2909,50095.8515,2.2685,41896.0295,2.2261,36883.8613,2.2334,37576.9613,2.188,31554.4441
20130114,002418.SZ,2.3751,2.493,2.3685,2.4734,2.4046,0.06879999999999997,2.8612,107492.48,80544.684,7.1493,2.14,2.379,64905.52,2.3423,54924.117,2.3138,52683.7808,2.2813,45810.2638,2.2384,39008.5697,2.2374,39051.7888,2.1914,32372.1938
20130115,002418.SZ,2.5454,2.5454,2.4406,2.4635,2.4734,-0.00990000000000002,-0.4003,96521.01,73118.0998,6.4196,1.49,2.3987,74880.854,2.3607,57750.464,2.3365,57432.3031,2.2927,49295.1405,2.251,41459.4627,2.2409,40213.4673,2.1944,33027.7421
20130116,002418.SZ,2.4439,2.6044,2.4406,2.5094,2.4635,0.04590000000000005,1.8632,88334.42,68206.4553,5.8751,1.18,2.4354,85007.992,2.3813,62000.601,2.3582,60079.2546,2.3096,52429.9681,2.2642,43644.2693,2.2455,41314.3173,2.1979,33677.0261
20130117,002418.SZ,2.4766,2.5094,2.4111,2.4209,2.5094,-0.0884999999999998,-3.5267,51618.7,38657.2953,3.4332,0.61,2.4544,88399.632,2.3918,63265.939,2.3705,60439.6385,2.3175,52396.4943,2.2754,44804.337,2.2479,41615.439,2.2009,34047.6617
20130118,002418.SZ,2.4275,2.4734,2.4078,2.457,2.4209,0.0360999999999998,1.4912,38629.33,28823.828,2.5692,0.44,2.4648,76519.188,2.4072,63375.234,2.3841,58160.5454,2.3272,52774.1114,2.2884,45235.0533,2.2518,41865.913,2.204,34303.6883
20130121,002418.SZ,2.4668,2.4865,2.4439,2.4832,2.457,0.026200000000000223,1.0663,33343.99,25084.4167,2.2177,0.44,2.4668,61689.49,2.4229,63297.505,2.398,57199.8485,2.3378,53034.6967,2.2996,45581.9437,2.2563,42153.1945,2.2073,34482.4592
20130122,002418.SZ,2.4832,2.4832,2.3849,2.4013,2.4832,-0.08190000000000008,-3.2982,41056.56,30483.0254,2.7307,0.67,2.4544,50596.6,2.4265,62738.727,2.4046,57360.7131,2.3448,53907.5833,2.3089,46424.6663,2.2595,42588.3272,2.2102,34755.3886
20130123,002418.SZ,2.4078,2.434,2.3685,2.434,2.4013,0.03270000000000017,1.3618,26816.72,19620.1595,1.7836,0.53,2.4393,38293.06,2.4373,61650.526,2.4146,56536.1238,2.3535,54050.4419,2.3174,46466.389,2.2636,42678.1915,2.213,34895.4843
20130124,002418.SZ,2.434,2.4537,2.3423,2.362,2.434,-0.07200000000000006,-2.9581,41820.0,30564.3219,2.7814,1.09,2.4275,36333.32,2.4409,62366.476,2.4174,57128.3331,2.3624,52525.2324,2.3215,46848.3277,2.2674,43003.2407,2.2152,35119.9306
20130125,002418.SZ,2.362,2.3816,2.3358,2.3652,2.362,0.0032000000000000917,0.1355,20361.36,14669.017,1.3542,0.56,2.4091,32679.726,2.437,54599.457,2.4174,55106.5654,2.3718,51838.1438,2.3268,46683.921,2.2711,43178.8847,2.2177,35234.0076
20130128,002418.SZ,2.3685,2.434,2.3456,2.4308,2.3652,0.06559999999999988,2.7735,23647.94,17362.4321,1.5728,0.72,2.3987,30740.516,2.4327,46215.003,2.4255,54025.7354,2.3815,50396.4243,2.3337,46694.2323,2.2758,43425.562,2.2204,35360.4227
20130129,002418.SZ,2.4242,2.4734,2.4111,2.4734,2.4308,0.04259999999999975,1.7525,32706.41,24398.7419,2.1753,1.06,2.4131,29070.486,2.4337,39833.543,2.4368,53875.4208,2.3916,49718.9338,2.3443,47034.3447,2.2803,43566.6817,2.2238,35543.1402
20130130,002418.SZ,2.4734,2.5454,2.4635,2.4701,2.4734,-0.0032999999999998586,-0.1334,38184.06,29087.6452,2.5396,1.31,2.4203,31343.954,2.4298,34818.507,2.4419,49271.7677,2.4007,48286.8633,2.3515,46563.0917,2.2844,43870.9353,2.2267,35747.3024
20130131,002418.SZ,2.4668,2.4799,2.3849,2.4046,2.4701,-0.06550000000000011,-2.6517,32534.21,24059.5837,2.1638,1.04,2.4288,29486.796,2.4282,32910.058,2.4366,43505.7469,2.4055,47653.5852,2.3565,46624.253,2.2874,44215.4455,2.2286,35848.341
20130201,002418.SZ,2.3915,2.434,2.3882,2.4275,2.4046,0.022900000000000365,0.9523,21352.08,15727.194,1.4201,0.72,2.4413,29684.94,2.4252,31182.333,2.4338,37723.5215,2.4108,46814.8595,2.3621,46406.9323,2.2905,44067.8305,2.2306,35891.4172
20130204,002418.SZ,2.4242,2.6273,2.4242,2.6208,2.4275,0.1932999999999998,7.9629,73460.26,56983.0998,4.8858,2.47,2.4793,39647.404,2.439,35193.96,2.4424,36579.3554,2.4259,48525.5205,2.3743,48098.0763,2.297,45052.4813,2.2343,36412.7636
20130222,002418.SZ,2.8828,2.8828,2.8828,2.8828,2.6208,0.262,9.9969,9257.53,8146.6264,0.6157,0.23,2.5612,34957.628,2.4871,32014.057,2.4779,33320.8038,2.4525,47341.5324,2.3954,47612.771,2.3076,44372.8753,2.2399,36240.9885
20130225,002418.SZ,3.1679,3.1679,2.8272,2.8534,2.8828,-0.02939999999999987,-1.0198,231643.65,208704.5736,15.4066,6.63,2.6378,73649.546,2.5291,52496.75,2.5084,48168.0592,2.4757,56151.0233,2.418,52872.5793,2.3165,46398.4828,2.2456,37916.6036
20130226,002418.SZ,2.7682,2.801,2.6535,2.6797,2.8534,-0.1737000000000002,-6.0875,126041.74,105154.3777,8.383,1.71,2.6928,92351.052,2.5608,60918.924,2.5235,55298.6554,2.4925,60357.8333,2.435,55914.2967,2.3227,47673.1845,2.2503,38669.5648
20130227,002418.SZ,2.6797,2.7584,2.6535,2.7158,2.6797,0.03610000000000024,1.3472,71371.44,58899.1123,4.7469,0.77,2.7505,102354.924,2.5959,66019.932,2.5477,57630.5692,2.5111,62105.9733,2.4513,56495.8763,2.3292,47943.8945,2.2554,38924.524
20130228,002418.SZ,2.6961,2.7289,2.6732,2.7125,2.7158,-0.0033000000000003027,-0.1215,61988.89,51200.5477,4.1229,0.61,2.7688,100060.65,2.6241,69854.027,2.5691,60336.1208,2.5258,60389.6562,2.4664,56997.7157,2.3355,48368.3313,2.2608,39320.5975
20130301,002418.SZ,2.6994,2.7584,2.6797,2.7551,2.7125,0.04260000000000019,1.5705,59794.39,49748.4049,3.9769,0.6,2.7433,110168.022,2.6522,72562.825,2.5994,61718.7662,2.5392,58118.3186,2.4822,56715.6107,2.3436,47230.4535,2.2665,39698.6274
20130304,002418.SZ,2.7223,2.7256,2.588,2.6175,2.7551,-0.13759999999999994,-4.9944,54058.19,43984.0009,3.5954,0.49,2.6961,74650.93,2.667,74150.238,2.6188,64310.83,2.5465,56096.2795,2.4927,56989.782,2.3503,46979.3732,2.271,40082.99
20130305,002418.SZ,2.6175,2.7191,2.6142,2.6961,2.6175,0.07859999999999978,3.0029,46982.05,38169.0416,3.1248,0.63,2.6994,58838.992,2.6961,75595.022,2.6392,66105.7615,2.5554,54127.119,2.5053,57257.0063,2.3579,47182.935,2.2761,40372.4377
20130306,002418.SZ,2.6961,2.7682,2.6732,2.7322,2.6961,0.03610000000000024,1.339,49675.05,41467.2966,3.3039,0.84,2.7027,54499.714,2.7266,78427.319,2.6591,67411.0415,2.5702,54034.5643,2.5197,57661.6287,2.3669,47692.8452,2.2812,40576.1409
20130307,002418.SZ,2.7256,2.7256,2.6437,2.6666,2.7322,-0.06560000000000032,-2.401,37438.97,30645.5784,2.4901,0.69,2.6935,49589.73,2.7312,74825.19,2.6742,67353.7269,2.5802,53977.8805,2.531,57772.2183,2.3743,47970.1712,2.2858,40785.9846
20130308,002418.SZ,2.6634,2.7059,2.6568,2.6732,2.6666,0.006600000000000161,0.2475,24959.11,20401.4298,1.66,0.5,2.6771,42622.674,2.7102,76395.348,2.6949,66771.0269,2.5893,53578.6005,2.5413,57049.3773,2.3814,47833.0813,2.2901,40775.938
20130311,002418.SZ,2.6699,2.7256,2.6535,2.7191,2.6732,0.04590000000000005,1.717,32875.87,27088.0334,2.1866,0.77,2.6974,38386.21,2.6968,56518.57,2.7173,67657.4723,2.6044,53189.0438,2.5544,56888.6153,2.3874,46627.725,2.2952,40816.916
20130312,002418.SZ,2.7289,2.7289,2.5782,2.6142,2.7191,-0.10490000000000022,-3.8579,32742.46,26448.968,2.1777,0.85,2.6811,35538.292,2.6902,47188.642,2.7168,64525.3338,2.613,53471.2219,2.564,56824.6807,2.3921,45967.7533,2.2998,40949.2198
20130313,002418.SZ,2.6208,2.6208,2.5094,2.552,2.6142,-0.06219999999999981,-2.3793,24904.33,19392.4037,1.6564,0.7,2.645,30584.148,2.6739,42541.931,2.6913,65728.9338,2.622,52665.7138,2.5689,54387.1067,2.3975,45635.484,2.3037,41080.6283
20130314,002418.SZ,2.552,2.5749,2.5192,2.5716,2.552,0.019600000000000062,0.768,16807.13,13084.7967,1.1178,0.55,2.626,26457.78,2.6598,38023.755,2.6697,49203.0477,2.6319,52496.4648,2.5722,51364.2617,2.4053,45186.4157,2.3077,41107.3751
20130315,002418.SZ,2.5651,2.6109,2.5323,2.5716,2.5716,0.0,0.0,18381.96,14456.0405,1.2226,0.69,2.6057,25142.35,2.6414,33882.512,2.6613,40921.5262,2.6386,52245.7038,2.5758,48759.6267,2.4134,45109.5447,2.3121,41141.4796
20130318,002418.SZ,2.5651,2.588,2.5159,2.5258,2.5716,-0.045800000000000285,-1.781,14146.1,10991.9455,0.9409,0.56,2.567,21396.396,2.6322,29891.303,2.6467,36519.5769,2.6411,51361.8795,2.5763,46286.6827,2.4203,44965.476,2.316,41181.9725
20130319,002418.SZ,2.5061,2.5323,2.457,2.5323,2.5258,0.006500000000000394,0.2573,16736.37,12783.595,1.1131,0.78,2.5507,18195.178,2.6159,26866.735,2.6329,33038.6138,2.644,50340.561,2.58,45123.9383,2.4277,44964.1377,2.3183,40457.2853
20130320,002418.SZ,2.5258,2.588,2.5225,2.588,2.5323,0.05569999999999986,2.1996,22581.7,17692.0846,1.5019,1.24,2.5579,17730.652,2.6014,24157.4,2.62,30176.0992,2.6528,49866.6319,2.5844,44589.0173,2.4364,44912.0353,2.3213,39871.3298
20130321,002418.SZ,2.6011,2.6175,2.5618,2.5913,2.588,0.0032999999999998586,0.1275,20795.38,16471.4806,1.3831,1.17,2.5618,18528.302,2.5939,22493.041,2.618,27617.4215,2.6606,49840.1224,2.588,44170.7303,2.4438,44876.337,2.3244,39648.5899
20130322,002418.SZ,2.5749,2.6306,2.5585,2.6175,2.5913,0.026200000000000223,1.0111,26549.35,21084.3071,1.7658,1.43,2.571,20161.78,2.5883,22652.065,2.612,26045.6754,2.6604,47606.2695,2.5952,43687.1567,2.4521,45055.9115,2.3278,39406.9786
20130325,002418.SZ,2.6208,2.6372,2.5978,2.6208,2.6175,0.0032999999999998586,0.1261,15935.27,12730.1213,1.0599,0.79,2.59,20519.614,2.5785,20958.005,2.6034,23450.3077,2.6479,47924.2571,2.6015,43324.4417,2.4594,44895.4153,2.3309,38764.3043
20130326,002418.SZ,2.6273,2.6306,2.5389,2.5618,2.6208,-0.05900000000000016,-2.2512,17646.61,13804.7296,1.1737,0.86,2.5959,20701.662,2.5733,19448.42,2.5953,21927.8185,2.634,37733.9219,2.6081,42518.662,2.4648,44683.4948,2.3331,38335.2373
20130327,002418.SZ,2.5454,2.5913,2.5225,2.5356,2.5618,-0.02619999999999978,-1.0227,14945.36,11663.2293,0.994,0.72,2.5854,19174.394,2.5716,18452.523,2.5847,21157.53,2.6272,32443.6181,2.6138,42338.1287,2.4703,44511.0248,2.3354,38162.7524
20130328,002418.SZ,2.5225,2.5225,2.4177,2.4471,2.5356,-0.08850000000000025,-3.4903,19847.28,14969.572,1.32,1.04,2.5566,18984.774,2.5592,18756.538,2.5638,20155.3308,2.6144,29990.0867,2.6143,42211.44,2.474,44452.8362,2.3368,38090.6875
20130329,002418.SZ,2.4504,2.4832,2.4308,2.4701,2.4471,0.02300000000000013,0.9399,10018.49,7521.4587,0.6663,0.53,2.5271,15678.602,2.549,17920.191,2.5527,18407.3331,2.6028,27515.3057,2.6142,41455.176,2.4793,44244.7603,2.3389,37927.6118
20130401,002418.SZ,2.4635,2.5028,2.4439,2.4799,2.4701,0.009800000000000253,0.3967,8696.56,6582.4812,0.5784,0.55,2.4989,14230.86,2.5444,17375.237,2.5472,17160.5815,2.5897,25082.0757,2.6146,40472.2593,2.483,43517.6755,2.3411,37768.4712
20130402,002418.SZ,2.4734,2.4996,2.4471,2.4701,2.4799,-0.009800000000000253,-0.3952,9904.1,7473.866,0.6587,0.7,2.4806,12682.358,2.5382,16692.01,2.5394,16629.5792,2.5827,22979.5,2.6167,39717.9223,2.4866,43171.0877,2.3435,37673.1678
20130403,002418.SZ,2.4897,2.4897,2.4275,2.4504,2.4701,-0.01969999999999983,-0.7975,8492.53,6359.4101,0.5648,0.67,2.4635,11391.792,2.5245,15283.093,2.5301,15868.8538,2.571,21146.6657,2.6175,39289.2707,2.4898,42848.1015,2.346,37565.3929
20130408,002418.SZ,2.4537,2.4766,2.3915,2.4734,2.4504,0.022999999999999687,0.9386,10286.42,7646.0552,0.6841,0.9,2.4688,9479.62,2.5127,14232.197,2.526,15571.9554,2.5587,19271.0167,2.6126,37183.476,2.4934,42640.7762,2.3482,37438.9328
20130409,002418.SZ,2.4799,2.5323,2.4734,2.5127,2.4734,0.039300000000000335,1.5889,14314.99,10962.1799,0.9521,1.51,2.4773,10338.92,2.5022,13008.761,2.5245,15385.6954,2.5514,18169.8748,2.6002,37352.058,2.4978,42482.4145,2.3514,37425.836
20130410,002418.SZ,2.5159,2.5356,2.4799,2.5061,2.5127,-0.006600000000000161,-0.2627,14020.69,10717.6977,0.9325,1.36,2.4825,11403.746,2.4907,12817.303,2.5182,14727.1562,2.5434,17648.9976,2.5887,30097.9593,2.5033,41485.2693,2.3547,37436.1536
20130411,002418.SZ,2.5094,2.5225,2.4603,2.4668,2.5061,-0.03929999999999989,-1.5682,11574.64,8807.2648,0.7698,1.01,2.4819,11737.854,2.4812,12210.106,2.5086,14017.8685,2.5314,16634.6533,2.5816,26282.3893,2.5083,41098.343,2.3576,37407.1326
20130412,002418.SZ,2.4734,2.4832,2.4275,2.4308,2.4668,-0.03600000000000003,-1.4594,8102.03,6069.3477,0.5389,0.69,2.478,11659.754,2.4707,11525.773,2.4943,12598.8438,2.5227,15461.2995,2.5721,24173.409,2.5117,40334.6427,2.3605,37401.1902
20130415,002418.SZ,2.4308,2.4308,2.3652,2.3784,2.4308,-0.0524,-2.1557,8604.43,6268.1175,0.5723,0.74,2.459,11323.356,2.4639,10401.488,2.4756,12034.9331,2.5144,14685.1138,2.5609,22393.927,2.5137,39695.8213,2.3633,37370.1628
20130416,002418.SZ,2.3685,2.4078,2.3358,2.4046,2.3784,0.02619999999999978,1.1016,8833.96,6366.8343,0.5875,0.78,2.4373,10227.15,2.4573,10283.035,2.4635,11357.0369,2.5064,14305.439,2.5493,20695.246,2.5157,38705.4283,2.366,37337.4985
20130417,002418.SZ,2.4013,2.4078,2.2932,2.3816,2.4046,-0.022999999999999687,-0.9565,9364.5,6759.9026,0.6228,0.92,2.4124,9295.912,2.4475,10349.829,2.4517,10927.74,2.4974,13876.0362,2.5414,19205.4563,2.517,38097.6192,2.3683,37309.299
20130418,002418.SZ,2.3784,2.4013,2.3587,2.3784,2.3816,-0.0032000000000000917,-0.1344,9612.31,6976.9804,0.6393,1.03,2.3948,8903.446,2.4383,10320.65,2.4464,10140.4346,2.4904,13660.1414,2.5308,17959.7983,2.5181,37608.4023,2.3703,37269.8648
20130419,002418.SZ,2.3784,2.4439,2.3784,2.4406,2.3784,0.06219999999999981,2.6152,13242.2,9791.8561,0.8807,1.49,2.3967,9931.48,2.4373,10795.617,2.4441,10388.4123,2.486,13493.7524,2.5211,16745.37,2.5204,37203.4993,2.372,36888.6327
20130422,002418.SZ,2.434,2.4504,2.4111,2.4504,2.4406,0.009800000000000253,0.4015,9418.36,7003.6052,0.6264,0.95,2.4111,10094.266,2.435,10708.811,2.4419,10443.9354,2.4794,12866.9267,2.5139,15811.3497,2.5224,36791.784,2.3735,36224.4329
20130423,002418.SZ,2.4439,2.4504,2.3652,2.3751,2.4504,-0.07529999999999992,-3.073,10187.21,7426.2279,0.6775,1.01,2.4052,10364.916,2.4213,10296.033,2.4346,10465.7131,2.4692,12361.7757,2.5039,15318.953,2.5226,36184.1652,2.3748,35980.0988
20130424,002418.SZ,2.3521,2.3882,2.3227,2.3685,2.3751,-0.006600000000000161,-0.2779,18294.13,13158.904,1.2167,1.77,2.4026,12150.842,2.4075,10723.377,2.4283,11219.6823,2.4573,11968.67,2.4923,14832.895,2.5233,35860.7552,2.376,35934.3421
20130425,002418.SZ,2.3685,2.3685,2.2932,2.3227,2.3685,-0.04579999999999984,-1.9337,16711.72,11871.6266,1.1115,1.38,2.3915,13570.724,2.3931,11237.085,2.4167,11713.9362,2.4431,12005.6438,2.4825,14298.537,2.5233,35561.6088,2.3768,35918.5946
20130426,002418.SZ,2.3292,2.3292,2.2506,2.2506,2.3227,-0.07210000000000027,-3.1041,13344.45,9344.1271,0.8875,0.98,2.3535,13591.174,2.3751,11761.327,2.3965,11639.2792,2.4283,11800.779,2.4725,13913.2077,2.5207,34150.1572,2.377,35863.5593
20130502,002418.SZ,2.2866,2.2899,2.244,2.2735,2.2506,0.02289999999999992,1.0175,7995.67,5536.8935,0.5318,0.59,2.3181,13306.636,2.3646,11700.451,2.3786,11175.8162,2.4158,11469.8414,2.4626,13619.4923,2.5174,32491.877,2.3774,35771.8329
20130503,002418.SZ,2.2637,2.3063,2.2571,2.2735,2.2735,0.0,0.0,15863.24,11069.0323,1.0551,1.19,2.2978,14441.842,2.3515,12403.379,2.3637,11505.7085,2.4075,11280.1252,2.4526,13535.535,2.5142,31147.5808,2.3776,35680.5241
20130506,002418.SZ,2.2735,2.3325,2.2735,2.3292,2.2735,0.055700000000000305,2.45,18519.49,13090.2954,1.2317,1.28,2.2899,14486.914,2.3463,13318.878,2.3559,12307.0515,2.4008,11684.9348,2.4461,13681.3147,2.5112,29983.9987,2.3784,35649.158
20130507,002418.SZ,2.3096,2.3325,2.2965,2.3161,2.3292,-0.013100000000000112,-0.5624,11459.59,8093.6608,0.7622,0.79,2.2886,13436.488,2.34,13503.606,2.3511,12526.6792,2.393,11816.5076,2.4389,13505.422,2.5095,29314.6802,2.3787,35465.0596
20130508,002418.SZ,2.3096,2.3456,2.2997,2.3259,2.3161,0.009799999999999809,0.4231,17634.95,12496.411,1.1729,1.31,2.3036,14294.588,2.3286,13942.881,2.3451,13203.6785,2.3862,12184.6433,2.4301,13340.5303,2.5073,28964.7738,2.3795,35415.3434
20130509,002418.SZ,2.3259,2.3325,2.2932,2.3227,2.3259,-0.0031999999999996476,-0.1376,14085.63,9945.4881,0.9368,0.99,2.3135,15512.58,2.3158,14409.608,2.3406,13566.8423,2.3801,12450.9814,2.4212,13116.872,2.5046,28643.8012,2.3804,35398.4978
20130510,002418.SZ,2.2997,2.3554,2.2997,2.3521,2.3227,0.02939999999999987,1.2658,18177.94,12940.9467,1.209,1.17,2.3292,15975.52,2.3135,15208.681,2.3385,14225.7369,2.3743,12826.7681,2.4123,12837.825,2.5038,28262.4908,2.3817,35425.409
20130513,002418.SZ,2.3521,2.3587,2.3358,2.3456,2.3521,-0.00649999999999995,-0.2763,13405.39,9599.5418,0.8916,0.84,2.3325,14952.7,2.3112,14719.807,2.3312,14238.29,2.3663,12783.4538,2.4031,12753.4957,2.5023,28038.9687,2.383,35358.5801
20130514,002418.SZ,2.3456,2.3456,2.2833,2.3161,2.3456,-0.02950000000000008,-1.2577,16134.62,11364.7384,1.0731,1.08,2.3325,15887.706,2.3105,14662.097,2.3209,14754.9254,2.3573,12884.1171,2.395,12703.096,2.5015,27610.879,2.3845,35307.0598
20130515,002418.SZ,2.3063,2.3292,2.303,2.3227,2.3161,0.006600000000000161,0.285,13110.14,9261.4905,0.872,0.83,2.3318,14982.744,2.3177,14638.666,2.3169,14979.7662,2.3504,12957.2362,2.3879,12641.922,2.5008,27490.0253,2.3859,35334.455
20130516,002418.SZ,2.3161,2.3685,2.303,2.3554,2.3227,0.03269999999999973,1.4078,22604.81,16179.4507,1.5034,1.51,2.3384,16686.58,2.3259,16099.58,2.3159,15311.3569,2.3468,13647.8448,2.3848,12733.8397,2.4996,27472.6398,2.3877,35449.1009
20130517,002418.SZ,2.3521,2.4144,2.3521,2.4046,2.3554,0.04919999999999991,2.0888,29704.81,21684.6839,1.9757,1.78,2.3489,18991.954,2.339,17483.737,2.3222,16310.8254,2.3481,14652.6248,2.3826,13390.0503,2.4984,27422.6132,2.3894,35494.6474
20130520,002418.SZ,2.4144,2.434,2.3652,2.4144,2.4046,0.009800000000000253,0.4076,40072.22,29477.5855,2.6652,2.11,2.3626,24325.32,2.3476,19639.01,2.3348,18366.8077,2.3486,16140.161,2.3804,14435.9057,2.4975,27454.0825,2.3909,35662.5089
20130521,002418.SZ,2.4177,2.4504,2.4013,2.4504,2.4144,0.03600000000000003,1.4911,39593.76,29409.7143,2.6334,1.63,2.3895,29017.148,2.361,22452.427,2.3484,20797.43,2.3518,17579.6495,2.3798,15425.561,2.4983,27571.7417,2.3928,35893.5936
20130522,002418.SZ,2.4504,2.4832,2.4144,2.4242,2.4504,-0.026200000000000223,-1.0692,35702.85,26629.9647,2.3746,1.23,2.4098,33535.69,2.3708,24259.217,2.36,22323.5538,2.354,18822.0562,2.3789,16332.5717,2.4982,27810.9212,2.3944,35939.3758
20130523,002418.SZ,2.4177,2.4177,2.3521,2.3718,2.4242,-0.0524,-2.1615,38740.38,28215.2056,2.5766,1.16,2.4131,36762.804,2.3757,26724.692,2.3632,23879.0069,2.3507,20036.2552,2.3755,17281.037,2.4941,27232.2565,2.3955,36142.3689
20130524,002418.SZ,2.3718,2.4078,2.362,2.4013,2.3718,0.02950000000000008,1.2438,31418.75,22864.2816,2.0897,0.85,2.4124,37105.592,2.3807,28048.773,2.3698,25414.3269,2.3484,21083.8929,2.3718,17851.1623,2.486,27601.6102,2.3968,35987.2428
20130527,002418.SZ,2.4078,2.434,2.398,2.4177,2.4013,0.01639999999999997,0.683,27826.29,20499.1043,1.8507,0.75,2.4131,34656.406,2.3879,29490.863,2.3768,26198.2762,2.3504,21923.849,2.3689,18311.349,2.4788,24204.6542,2.3976,35301.5685
20130528,002418.SZ,2.4242,2.4275,2.3751,2.3947,2.4177,-0.02300000000000013,-0.9513,29298.69,21418.0422,1.9487,0.85,2.4019,32597.392,2.3957,30807.27,2.3824,27368.5115,2.3517,22447.8757,2.3665,18902.1507,2.474,22592.27,2.3984,35132.7273
20130529,002418.SZ,2.3947,2.434,2.3849,2.4111,2.3947,0.01639999999999997,0.6848,37665.31,27692.6972,2.4115,1.16,2.3993,32989.884,2.4046,33262.787,2.3869,28867.54,2.3559,23445.6657,2.3658,19887.5933,2.4689,22030.5012,2.3991,34987.1978
20130530,002418.SZ,2.4013,2.4046,2.3685,2.3915,2.4111,-0.019599999999999618,-0.8129,34018.95,24783.1699,2.178,1.03,2.4033,32045.598,2.4082,34404.201,2.3905,30453.1985,2.3626,24430.1657,2.3662,20734.744,2.4636,21564.3355,2.3996,34966.3334
20130531,002418.SZ,2.3882,2.398,2.3456,2.3521,2.3915,-0.0394000000000001,-1.6475,32267.24,23447.0633,2.0659,1.01,2.3934,32215.296,2.4029,34660.444,2.3932,31694.1692,2.3663,25585.9548,2.3645,21515.8533,2.4569,21105.5497,2.4002,34168.0016
20130603,002418.SZ,2.3423,2.3751,2.3358,2.3521,2.3521,0.0,0.0,20505.81,14731.6742,0.9583,0.64,2.3803,30751.2,2.3967,32703.803,2.3955,32263.0669,2.3701,25807.0295,2.3635,21887.2303,2.4524,20546.3433,2.4014,33762.8583
20130604,002418.SZ,2.3521,2.4078,2.3259,2.3947,2.3521,0.04259999999999975,1.8111,42724.99,30884.503,1.9968,1.39,2.3803,33436.46,2.3911,33016.926,2.3985,33810.7731,2.3732,26959.6724,2.364,22990.9863,2.4474,20475.3923,2.4027,33829.1637
20130605,002418.SZ,2.3915,2.4078,2.3587,2.3652,2.3947,-0.029499999999999638,-1.2319,29438.14,21388.1118,1.3758,0.88,2.3711,31791.026,2.3852,32390.455,2.3955,33790.26,2.3755,27815.7938,2.3615,23530.851,2.4413,20138.1105,2.4041,33915.4778
20130606,002418.SZ,2.3521,2.362,2.2997,2.3259,2.3652,-0.039300000000000335,-1.6616,26631.63,18917.978,1.2446,0.84,2.358,30313.562,2.3806,31179.58,2.3887,32756.3685,2.3755,28244.2071,2.3574,24104.6267,2.4356,19957.9882,2.4049,33964.0797
20130607,002418.SZ,2.3227,2.3816,2.2604,2.3587,2.3259,0.03279999999999994,1.4102,34582.08,24538.495,1.6162,1.14,2.3593,30776.53,2.3764,31495.913,2.3816,32370.8546,2.3773,29220.2286,2.3568,24917.789,2.4304,20118.371,2.4059,33975.7262
20130613,002418.SZ,2.3259,2.4177,2.2604,2.4046,2.3587,0.04590000000000005,1.946,57361.07,41404.7838,2.6808,1.86,2.3698,38147.582,2.3751,34449.391,2.3801,34036.8715,2.3798,31086.0919,2.358,26220.0203,2.4251,20526.4577,2.4063,33577.0913
20130614,002418.SZ,2.3915,2.4701,2.3685,2.4668,2.4046,0.062200000000000255,2.5867,86485.43,64157.3103,4.0419,2.27,2.3842,46899.67,2.3823,40168.065,2.3874,37709.5677,2.3855,34566.0938,2.3628,28545.8107,2.4227,21422.1738,2.4074,33694.9636
20130617,002418.SZ,2.4537,2.4799,2.4275,2.4275,2.4668,-0.03929999999999989,-1.5932,49715.32,37094.3986,2.3235,1.06,2.3967,50955.106,2.3839,41373.066,2.3894,39116.9962,2.3908,36165.1748,2.3687,29758.173,2.4206,21835.6903,2.4091,33735.5872
20130618,002418.SZ,2.4372,2.4438,2.3482,2.3778,2.4273,-0.049499999999999655,-2.0393,33140.17,24050.7284,1.5488,0.65,2.4071,52256.814,2.3825,41285.188,2.3864,39525.7562,2.3935,37118.9857,2.3722,30596.323,2.4174,22107.9077,2.4113,33647.1617
20130619,002418.SZ,2.3515,2.3581,2.302,2.3581,2.3778,-0.019700000000000273,-0.8285,33685.85,23778.9895,1.5743,0.64,2.407,52077.568,2.3831,41427.049,2.3835,39863.23,2.3936,37646.6543,2.375,31190.41,2.4138,22362.9725,2.4136,33736.2586
20130620,002418.SZ,2.3449,2.3581,2.2129,2.2162,2.3581,-0.1418999999999997,-6.0176,27952.05,19443.8829,1.3063,0.54,2.3693,46195.764,2.3696,42171.673,2.3686,39116.0562,2.3846,37563.1895,2.3713,31504.8287,2.4087,22593.0717,2.4145,33779.2738
20130621,002418.SZ,2.18,2.18,2.1041,2.1536,2.2162,-0.06260000000000021,-2.8247,20639.64,13411.157,0.9646,0.45,2.3066,33026.606,2.3454,39963.138,2.3503,38086.8785,2.3722,36637.8286,2.3659,31810.8303,2.4024,22658.1262,2.415,33811.1319
20130624,002418.SZ,2.1338,2.1503,1.9524,1.9854,2.1536,-0.1681999999999999,-7.8102,25289.63,15706.5358,1.1819,0.77,2.2182,28141.468,2.3075,39548.287,2.322,37550.1392,2.35,35956.6795,2.3545,32065.9863,2.3923,22703.2583,2.4144,33807.6468
20130625,002418.SZ,2.0019,2.0118,1.8403,1.9656,1.9854,-0.01980000000000004,-0.9973,20195.74,11860.3249,0.9439,0.72,2.1358,25552.582,2.2714,38904.698,2.2923,37526.2877,2.3282,35218.2457,2.3426,32269.6567,2.3819,22693.2643,2.4128,33784.8007
20130626,002418.SZ,1.9491,1.9986,1.9458,1.9788,1.9656,0.013199999999999878,0.6716,14852.27,8865.6967,0.6941,0.58,2.0599,21785.866,2.2334,36931.717,2.2603,35382.2323,2.3095,34080.7167,2.3302,32158.801,2.3712,22498.313,2.4116,33777.1123
20130627,002418.SZ,1.9986,2.0118,1.8963,1.9029,1.9788,-0.07589999999999986,-3.8357,16822.13,9986.3609,0.7862,0.77,1.9973,19559.882,2.1833,32877.823,2.2248,34411.77,2.2858,33385.6395,2.3154,32272.6923,2.3593,22513.094,2.4094,33704.2547
20130628,002418.SZ,1.9029,1.9359,1.8469,1.8831,1.9029,-0.01980000000000004,-1.0405,14991.64,8648.4361,0.7006,0.77,1.9432,18430.282,2.1249,25728.444,2.1907,33516.3862,2.2603,32774.4657,2.301,32234.593,2.348,22468.8445,2.4064,33576.1697
20130701,002418.SZ,1.8963,1.9293,1.8798,1.926,1.8831,0.04289999999999994,2.2782,11529.94,6662.8877,0.5389,0.63,1.9313,15678.344,2.0748,21909.906,2.1574,31743.1446,2.238,31928.3348,2.2877,32181.9197,2.3378,22411.9208,2.404,33461.4728
20130702,002418.SZ,1.9194,1.9491,1.9062,1.9458,1.926,0.01980000000000004,1.028,10315.1,6043.1968,0.4821,0.66,1.9273,13702.216,2.0316,19627.399,2.1221,28124.2238,2.2158,30625.9438,2.2741,31772.2627,2.3294,22253.0512,2.4017,33352.9437
20130703,002418.SZ,1.9425,1.9425,1.8963,1.9359,1.9458,-0.00990000000000002,-0.5088,14508.28,8433.8886,0.678,1.06,1.9187,13633.418,1.9893,17709.642,2.0813,22587.52,2.1941,29696.8643,2.2585,31265.7117,2.3205,22327.881,2.3999,33286.3207
20130704,002418.SZ,1.9425,1.9755,1.9029,1.9524,1.9359,0.01649999999999996,0.8523,18883.17,11142.2788,0.8825,1.39,1.9286,14045.626,1.963,16802.754,2.0447,20215.8162,2.1751,29059.5276,2.2431,30559.41,2.3117,22497.6578,2.3974,33007.6667
20130705,002418.SZ,1.9458,2.0052,1.9425,1.9623,1.9524,0.00990000000000002,0.5071,18853.94,11312.2676,0.8811,1.34,1.9445,14818.086,1.9438,16624.184,2.0128,19116.8754,2.1565,28980.8671,2.2268,29868.0827,2.3033,22646.8218,2.395,32908.9548
20130708,002418.SZ,1.9524,1.9524,1.8798,1.8798,1.9623,-0.08250000000000002,-4.2043,15745.03,9103.67,0.7358,1.06,1.9352,15661.104,1.9333,15669.724,1.976,17736.8123,2.132,27696.1071,2.2086,29202.822,2.2938,22767.6968,2.3918,32807.8992
20130709,002418.SZ,1.893,1.9194,1.8765,1.9194,1.8798,0.03960000000000008,2.1066,10390.07,5979.0368,0.4856,0.66,1.93,15676.098,1.9286,14689.157,1.9532,16385.8908,2.1108,26789.0562,2.1936,28257.8117,2.2845,22769.4243,2.389,32705.1003
20130710,002418.SZ,1.9128,2.0546,1.8963,2.0184,1.9194,0.0990000000000002,5.1579,32354.97,19517.475,1.5121,2.06,1.9465,19245.436,1.9326,16439.427,1.9428,17287.07,2.0961,27061.5962,2.1808,28289.019,2.2763,23070.0907,2.3871,32776.2526
20130711,002418.SZ,2.0118,2.0579,1.9854,2.0414,2.0184,0.022999999999999687,1.1395,33324.63,20504.7335,1.5574,1.73,1.9643,22133.728,1.9465,18089.677,1.9471,17905.1469,2.081,27001.7176,2.1683,28472.297,2.2686,23391.823,2.3859,32438.5462
20130712,002418.SZ,2.025,2.0678,2.0052,2.0052,2.0414,-0.03620000000000001,-1.7733,24117.42,14880.7784,1.1271,1.09,1.9728,23186.424,1.9587,19002.255,1.9501,18206.8146,2.062,25418.6867,2.1553,28299.588,2.2609,23600.8693,2.3846,32349.6062
20130715,002418.SZ,2.0052,2.0283,1.9986,2.0151,2.0052,0.00990000000000002,0.4937,14458.7,8824.362,0.6757,0.62,1.9999,22929.158,1.9676,19295.131,1.9529,18176.54,2.0405,21988.8424,2.1421,27526.0343,2.2539,23706.8138,2.3828,32020.7283
20130716,002418.SZ,2.0085,2.0316,1.9986,2.0283,2.0151,0.013200000000000323,0.6551,20426.57,12471.7067,0.9546,0.89,2.0217,24936.458,1.9758,20306.278,1.9625,18453.8046,2.0215,20594.14,2.13,27072.955,2.2481,23903.8495,2.3809,31799.8354
20130717,002418.SZ,2.0217,2.025,1.992,1.992,2.0283,-0.03630000000000022,-1.7897,23554.64,14360.3503,1.1008,0.94,2.0164,23176.392,1.9814,21210.914,1.9709,19112.4969,2.0031,20137.6862,2.118,26782.535,2.2412,24149.1942,2.3785,31427.3113
20130718,002418.SZ,1.9821,1.992,1.9425,1.9491,1.992,-0.04289999999999994,-2.1536,15478.65,9194.436,0.7234,0.67,1.9979,19607.196,1.9811,20870.462,1.9727,19416.2438,1.9837,19270.6767,2.1045,26614.963,2.234,24251.0967,2.3755,31174.3579
20130719,002418.SZ,1.9392,1.9722,1.8963,1.8963,1.9491,-0.05279999999999996,-2.7089,17957.84,10548.141,0.8393,0.92,1.9762,18375.28,1.9745,20780.852,1.9689,20004.1469,1.9684,18794.7619,2.0879,25789.3913,2.226,24390.1888,2.372,30999.2956
20130722,002418.SZ,1.8963,1.959,1.8831,1.9524,1.8963,0.05609999999999982,2.9584,16883.89,9898.3557,0.7891,0.92,1.9636,18860.318,1.9818,20894.738,1.9702,20186.8862,1.9588,18615.9167,2.0742,25370.9163,2.2178,24450.8837,2.3691,30827.1915
20130723,002418.SZ,1.9623,2.0876,1.9524,2.0876,1.9524,0.1352000000000002,6.9248,50227.59,30922.1187,2.3474,2.66,1.9755,24820.522,1.9986,24878.49,1.9806,22597.9954,1.9637,19803.4386,2.0662,26157.4483,2.2118,25131.0375,2.3671,30961.4108
20130724,002418.SZ,2.0513,2.2657,2.048,2.2228,2.0876,0.13519999999999976,6.4763,124562.76,81985.3628,5.8215,5.02,2.0216,45022.146,2.019,34099.269,2.0006,30729.4431,1.976,24773.2967,2.0617,29156.8043,2.2093,27037.2967,2.3659,31610.7309
20130725,002418.SZ,2.147,2.1899,2.1206,2.1272,2.2228,-0.09559999999999969,-4.3009,58149.85,37959.729,2.7176,1.29,2.0573,53556.386,2.0276,36581.791,2.0196,33991.3523,1.983,26835.0862,2.0524,29183.097,2.2052,27701.5587,2.3643,31781.1569
20130726,002418.SZ,2.1272,2.1437,2.0513,2.0744,2.1272,-0.0528000000000004,-2.4821,28985.56,18358.5889,1.3546,0.54,2.0929,55761.93,2.0345,37068.605,2.0316,35421.7746,1.9912,27414.2971,2.0394,27266.4347,2.2011,27906.1227,2.3622,31733.8658
20130729,002418.SZ,2.0579,2.1041,2.0349,2.0942,2.0744,0.01980000000000004,0.9545,24135.39,15223.3022,1.128,0.43,2.1212,57212.23,2.0424,38036.274,2.0374,34789.4992,2.0012,27849.7138,2.0283,26413.7703,2.1985,28085.9717,2.3596,31118.0644
20130730,002418.SZ,2.0909,2.0909,2.0151,2.0678,2.0942,-0.026399999999999757,-1.2606,24023.92,14943.9353,1.1228,0.42,2.1173,51971.496,2.0464,38396.009,2.0394,34074.06,2.008,28444.6652,2.0179,26109.8953,2.1951,28353.1092,2.3562,30422.4931
20130731,002418.SZ,2.0678,2.0909,2.0546,2.0777,2.0678,0.00990000000000002,0.4788,15217.63,9557.0425,0.7112,0.29,2.0883,30102.47,2.055,37562.308,2.045,33389.4608,2.0143,28678.119,2.0086,25494.288,2.1918,28342.349,2.353,29744.9649
20130801,002418.SZ,2.0645,2.1404,2.0645,2.1272,2.0777,0.0495000000000001,2.3824,20700.23,13230.2095,0.9674,0.69,2.0883,22612.546,2.0728,38084.466,2.0536,33869.5785,2.0234,28972.9738,2.0056,25252.5607,2.1884,28378.6947,2.3498,29181.3467
20130802,002418.SZ,2.1338,2.147,2.0942,2.0975,2.1272,-0.02970000000000006,-1.3962,20917.97,13446.9836,0.9776,0.93,2.0929,20999.028,2.0929,38380.479,2.0589,33907.3785,2.0303,29069.869,2.0037,25261.8383,2.1848,28536.3343,2.3471,28925.5073
20130805,002418.SZ,2.0909,2.1239,2.0909,2.1107,2.0975,0.013199999999999878,0.6293,13396.62,8563.9132,0.6261,0.64,2.0962,18851.274,2.1087,38031.752,2.0681,33125.9923,2.0374,28809.9967,2.0079,24865.4047,2.1812,28465.6955,2.3442,28715.2347
20130806,002418.SZ,2.1206,2.1338,2.0975,2.1239,2.1107,0.013199999999999878,0.6254,15339.43,9860.5885,0.7169,0.81,2.1074,17114.376,2.1123,34542.936,2.0815,33115.2831,2.049,28790.6824,2.0132,24703.5277,2.1779,28486.5922,2.3412,28565.1967
20130807,002418.SZ,2.1206,2.1305,2.0876,2.0876,2.1239,-0.03629999999999978,-1.7091,18063.65,11534.461,0.8442,1.06,2.1094,17683.58,2.0988,23893.025,2.0962,33123.4223,2.057,29156.091,2.0168,24810.5737,2.1735,28484.6873,2.3386,28373.5891
20130808,002418.SZ,2.0876,2.1008,2.0645,2.0942,2.0876,0.006599999999999717,0.3162,14163.69,8948.1415,0.6619,0.8,2.1028,16376.272,2.0955,19494.409,2.1071,32914.1762,2.0606,28289.8395,2.0232,24721.959,2.1693,28497.3257,2.3358,28268.1472
20130809,002418.SZ,2.1008,2.1404,2.0909,2.1305,2.0942,0.03630000000000022,1.7334,23896.65,15369.3889,1.1168,1.46,2.1094,16972.008,2.1011,18985.518,2.1104,30888.7192,2.0648,27840.8881,2.0314,25018.7927,2.1662,28626.6928,2.3339,28118.7859
20130812,002418.SZ,2.1371,2.1569,2.1173,2.1503,2.1305,0.01980000000000004,0.9294,25883.69,16834.3166,1.2097,1.53,2.1173,19469.422,2.1067,19160.348,2.1049,23298.0215,2.0718,27924.9962,2.0389,25497.251,2.1633,28839.5853,2.3321,28164.8053
20130813,002418.SZ,2.1503,2.1569,2.1305,2.147,2.1503,-0.0033000000000003027,-0.1535,26630.44,17322.8194,1.2446,1.37,2.1219,21727.624,2.1147,19421.0,2.1064,20873.4515,2.078,28504.6029,2.0456,26041.0957,2.1599,28906.6792,2.3297,28189.6595
20130814,002418.SZ,2.1437,2.1668,2.1338,2.1404,2.147,-0.006599999999999717,-0.3074,22207.71,14449.7309,1.0379,1.02,2.1325,22556.436,2.1209,20120.008,2.1115,20352.0785,2.0834,28589.419,2.0524,26297.7433,2.1555,28781.7275,2.3269,28102.1703
20130815,002418.SZ,2.1404,2.2393,2.1404,2.1734,2.1404,0.03299999999999992,1.5418,48324.25,32170.8476,2.2584,2.14,2.1483,29388.548,2.1256,22882.41,2.1176,22212.76,2.092,29768.9243,2.0598,27279.1127,2.1514,28919.2613,2.3245,28186.6719
20130816,002418.SZ,2.1668,2.2063,2.0843,2.0909,2.1734,-0.08250000000000002,-3.7959,34686.42,22755.1112,1.6211,1.18,2.1404,31546.502,2.1249,24259.255,2.1193,23032.9523,2.0988,30683.58,2.0641,27806.862,2.1454,28837.4723,2.3218,28204.607
20130819,002418.SZ,2.081,2.1338,2.048,2.1338,2.0909,0.04289999999999994,2.0517,28192.77,17872.9868,1.3176,0.89,2.1371,32008.318,2.1272,25738.87,2.1236,24031.04,2.1101,31170.9576,2.0726,28221.7867,2.1406,28712.3043,2.3194,28261.6128
20130820,002418.SZ,2.1173,2.1437,2.0942,2.1041,2.1338,-0.02970000000000006,-1.3919,23727.68,15252.5591,1.1089,0.74,2.1285,31427.766,2.1252,26577.695,2.1219,24263.9208,2.1173,31496.8524,2.0787,28666.3737,2.1361,28462.0927,2.3151,27847.1746
20130821,002418.SZ,2.0942,2.1503,2.081,2.147,2.1041,0.04289999999999994,2.0389,20071.84,12857.2378,0.9381,0.64,2.1298,31000.592,2.1312,26778.514,2.1257,24198.8338,2.1201,30060.8643,2.083,28256.936,2.1319,28272.9775,2.309,27937.2938
20130822,002418.SZ,2.1272,2.1503,2.1173,2.1206,2.147,-0.026399999999999757,-1.2296,19609.0,12666.7543,0.9164,0.63,2.1193,25257.542,2.1338,27323.045,2.1264,24676.7092,2.1153,25063.0662,2.0856,27799.7483,2.127,28136.0227,2.3029,26170.3384
20130823,002418.SZ,2.1272,2.1635,2.1041,2.1569,2.1206,0.03629999999999978,1.7118,32633.58,21164.2689,1.5251,1.29,2.1325,24846.974,2.1364,28196.738,2.129,26007.0285,2.1167,23848.0057,2.0907,28083.6203,2.123,28191.6042,2.2985,25391.9371
20130826,002418.SZ,2.1338,2.2129,2.1305,2.2063,2.1569,0.04940000000000033,2.2903,46676.26,30906.0707,2.9884,1.88,2.147,28543.672,2.142,30275.995,2.1381,28207.9985,2.123,24690.42,2.0971,29157.539,2.1196,28341.7867,2.2943,25186.1439
20130827,002418.SZ,2.2063,2.2558,2.1866,2.2327,2.2063,0.026399999999999757,1.1966,69718.46,46928.3012,4.4636,2.44,2.1727,37741.828,2.1506,34584.797,2.1488,32481.4423,2.1295,26861.0424,2.1039,30800.602,2.1169,28936.7785,2.2903,25250.557
20130828,002418.SZ,2.1965,2.3053,2.1767,2.2756,2.2327,0.04289999999999994,1.9214,87827.63,59827.1484,5.6231,2.33,2.1984,51292.986,2.1641,41146.789,2.1599,37399.21,2.1394,29899.3143,2.1133,32943.035,2.1157,29862.785,2.2863,25484.1673
20130829,002418.SZ,2.2426,2.2723,2.2096,2.2426,2.2756,-0.03299999999999992,-1.4502,55532.55,37641.9808,3.5554,1.08,2.2228,58477.696,2.1711,41867.619,2.167,39679.8915,2.1473,31819.0724,2.1231,34278.165,2.1138,30446.564,2.2831,25496.4537
20130830,002418.SZ,2.2426,2.2459,2.147,2.1536,2.2426,-0.08899999999999997,-3.9686,38394.6,25519.7797,2.4582,0.66,2.2222,59629.9,2.1773,42238.437,2.1675,40584.8269,2.1486,32661.6614,2.1317,34959.3903,2.1098,30374.3908,2.2786,25424.8916
20130902,002418.SZ,2.1437,2.1734,2.114,2.1635,2.1536,0.00990000000000002,0.4597,16449.95,10704.6031,1.0532,0.28,2.2136,53584.638,2.1803,41064.155,2.1693,40141.9223,2.1517,32448.8986,2.1387,34944.9257,2.1064,30157.921,2.2739,25148.0158
20130903,002418.SZ,2.1602,2.2162,2.1536,2.2096,2.1635,0.04610000000000003,2.1308,18965.76,12630.4974,1.2143,0.35,2.209,43434.098,2.1908,40587.963,2.1721,37883.5769,2.1564,32714.0957,2.1428,33902.8647,2.1045,30030.1565,2.2701,24994.0723
20130904,002418.SZ,2.2096,2.2261,2.1734,2.1866,2.2096,-0.02300000000000013,-1.0409,14866.32,9884.6161,0.9518,0.34,2.1912,28841.836,2.1948,40067.411,2.1795,36358.9538,2.1594,32691.5667,2.1416,30246.3167,2.1016,29701.5605,2.266,24909.9658
20130905,002418.SZ,2.1932,2.1965,2.1701,2.18,2.1866,-0.006599999999999717,-0.3018,15617.29,10327.5683,0.9999,0.54,2.1787,20858.784,2.2007,39668.24,2.183,35391.6092,2.1638,32575.0733,2.1434,28828.5647,2.0979,29005.8308,2.2615,24766.1443
20130906,002418.SZ,2.18,2.1932,2.147,2.1602,2.18,-0.01980000000000004,-0.9083,16094.62,10550.4977,1.0304,0.77,2.18,16398.788,2.2011,38014.344,2.1873,34804.4508,2.1669,32667.0224,2.1462,28398.8667,2.0928,27832.6507,2.2577,24627.4123
20130909,002418.SZ,2.1734,2.1965,2.1536,2.18,2.1602,0.01980000000000004,0.9166,21431.52,14152.3616,1.3721,1.31,2.1833,17395.102,2.1984,35489.87,2.1899,34909.0415,2.1693,32549.6352,2.1491,28308.7377,2.0887,27361.254,2.2546,24598.4722
20130910,002418.SZ,2.1767,2.203,2.1734,2.203,2.18,0.022999999999999687,1.055,24938.32,16578.2632,1.5966,1.43,2.182,18589.614,2.1955,31011.856,2.1962,35318.9892,2.1718,32504.6176,2.1536,28339.2177,2.0857,27224.5565,2.2516,24666.2321
20130911,002418.SZ,2.1965,2.2228,2.1899,2.2096,2.203,0.006600000000000161,0.2996,28941.12,19375.669,1.8529,1.56,2.1866,21404.574,2.1889,25123.205,2.2003,35034.9538,2.1748,32614.65,2.158,28796.6673,2.0833,27145.4777,2.2485,24754.2251
20130912,002418.SZ,2.2063,2.2657,2.203,2.2327,2.2096,0.0230999999999999,1.0454,47478.31,32229.6586,3.0397,2.22,2.1971,27776.778,2.1879,24317.781,2.2023,35096.65,2.1792,33818.0119,2.1615,29689.27,2.0835,27470.9153,2.2461,25031.9935
20130913,002418.SZ,2.2525,2.302,2.2261,2.2789,2.2327,0.04620000000000024,2.0692,69252.34,47777.5337,4.4338,2.49,2.2208,38408.322,2.2004,27403.555,2.2058,35060.7946,2.1842,34814.5876,2.1675,31300.4157,2.0856,28281.127,2.244,25469.6266
20130916,002418.SZ,2.457,2.5065,2.3284,2.335,2.2789,0.05609999999999982,2.4617,142795.79,103523.0924,9.1423,3.72,2.2518,62681.176,2.2176,40038.139,2.2104,39289.1146,2.1958,39962.6529,2.175,35613.7213,2.0915,30239.563,2.2419,26471.4107
20130917,002418.SZ,2.2954,2.4042,2.2822,2.3284,2.335,-0.006600000000000161,-0.2827,77600.08,55151.0517,4.9683,1.24,2.2769,73213.528,2.2294,45901.571,2.217,40986.6169,2.2051,42315.3819,2.1818,37689.0763,2.0975,31196.302,2.2397,26944.7832
20130918,002418.SZ,2.2888,2.3086,2.2129,2.2558,2.3284,-0.0726,-3.118,54711.93,37227.2807,3.5029,0.75,2.2862,78367.69,2.2364,49886.132,2.2249,42241.7962,2.2123,43790.8224,2.1874,38910.6857,2.1021,31860.6297,2.2367,27179.4713
20130923,002418.SZ,2.2525,2.2822,2.2228,2.2789,2.2558,0.023100000000000342,1.024,43357.68,29655.7277,2.7759,0.55,2.2954,77543.564,2.2463,52660.171,2.2337,44311.6215,2.2186,44899.6719,2.1936,39883.8187,2.1084,32302.8888,2.2338,27407.9914
20130924,002418.SZ,2.269,2.3647,2.2294,2.3614,2.2789,0.08250000000000002,3.6202,67470.89,47014.7635,4.3198,0.87,2.3119,77187.274,2.2664,57797.798,2.2454,48042.7854,2.2301,47178.8095,2.2013,41336.2933,2.1164,33177.543,2.2322,27823.1938
20130925,002418.SZ,2.3416,2.3614,2.2855,2.2855,2.3614,-0.0759000000000003,-3.2142,40520.2,28615.215,2.5943,0.52,2.302,56732.156,2.2769,59706.666,2.253,50016.1608,2.2362,47554.3629,2.2058,41824.177,2.1224,33660.714,2.2301,28036.3174
20130926,002418.SZ,2.2756,2.3152,2.236,2.2459,2.2855,-0.03960000000000008,-1.7327,28930.98,19959.2309,1.8523,0.51,2.2855,46998.336,2.2812,60105.932,2.2581,51040.2908,2.2381,46709.3495,2.2091,41900.8617,2.1274,33970.9787,2.2284,28112.0149
20130927,002418.SZ,2.2591,2.2657,2.203,2.2162,2.2459,-0.029699999999999616,-1.3224,24166.93,16315.3014,1.5473,0.51,2.2776,40889.336,2.2819,59628.513,2.2624,51661.2377,2.2373,44540.229,2.2116,41966.169,2.132,34131.9562,2.2263,28229.9186
20130930,002418.SZ,2.2195,2.2558,2.2129,2.2492,2.2162,0.03299999999999992,1.489,15503.94,10535.5259,0.9926,0.38,2.2716,35318.588,2.2835,56431.076,2.2677,51205.27,2.236,41096.2438,2.2142,40872.1587,2.137,34075.6357,2.2244,28286.6468
20131008,002418.SZ,2.2492,2.302,2.2261,2.2888,2.2492,0.03960000000000008,1.7606,37854.01,25862.7527,2.4236,1.07,2.2571,29395.212,2.2845,53291.243,2.2743,52198.7846,2.2382,40254.4086,2.2207,40977.745,2.1424,34392.3035,2.2229,28519.5627
20131009,002418.SZ,2.269,2.2888,2.2558,2.2723,2.2888,-0.01650000000000018,-0.7209,35223.22,24213.1534,2.2551,1.2,2.2545,28335.816,2.2782,42533.986,2.2792,52682.0231,2.2439,40103.3905,2.2254,41212.0933,2.149,34716.94,2.2214,28742.3184
20131010,002418.SZ,2.2723,2.2954,2.2558,2.2591,2.2723,-0.013199999999999878,-0.5809,34587.85,23887.2439,2.2144,1.22,2.2571,29467.19,2.2713,38232.763,2.2812,51690.4492,2.2484,40967.1,2.2305,41574.099,2.1546,35120.2363,2.2196,28944.8303
20131011,002418.SZ,2.269,2.2888,2.2591,2.2888,2.2591,0.02970000000000006,1.3147,29825.6,20577.488,1.9096,1.01,2.2716,30598.924,2.2746,35744.13,2.2819,48657.6231,2.2522,41484.2352,2.2353,41899.2243,2.1591,35078.0802,2.2177,29074.0854
20131014,002418.SZ,2.2921,2.3185,2.2822,2.3119,2.2888,0.0230999999999999,1.0093,36022.16,25115.4743,2.3063,1.18,2.2842,34702.568,2.2779,35010.578,2.2802,40444.2669,2.2582,42491.6562,2.2416,42446.3297,2.1636,35123.039,2.2161,29257.431
20131015,002418.SZ,2.3152,2.3284,2.269,2.2855,2.3119,-0.0264000000000002,-1.1419,26447.66,18342.6238,1.6933,0.76,2.2835,32421.298,2.2703,30908.255,2.2769,36509.4654,2.2632,43007.3881,2.2459,42240.1323,2.1683,35161.8763,2.2146,29381.3728
20131016,002418.SZ,2.2855,2.2888,2.1701,2.1866,2.2855,-0.09889999999999999,-4.3273,33653.65,22596.3148,2.1546,1.04,2.2664,32107.384,2.2604,30221.6,2.2715,34889.5977,2.2645,43843.5324,2.2453,41806.0453,2.1712,35481.7922,2.2126,29594.303
20131017,002418.SZ,2.203,2.2228,2.1866,2.1932,2.1866,0.006600000000000161,0.3018,17928.35,11970.145,1.1478,0.56,2.2532,28775.484,2.2552,29121.337,2.265,32933.4954,2.2651,43676.7148,2.2439,40079.7083,2.1739,35440.1552,2.211,29672.0023
20131018,002418.SZ,2.2096,2.2162,2.1866,2.203,2.1932,0.009799999999999809,0.4468,13989.43,9336.1902,0.8957,0.49,2.236,25608.25,2.2538,28103.587,2.2528,28819.5369,2.2651,43155.339,2.2415,37618.435,2.1774,35280.735,2.2093,29714.9646
20131021,002418.SZ,2.203,2.2492,2.1998,2.2492,2.203,0.04620000000000024,2.0971,20600.95,13908.1874,1.319,0.8,2.2235,22524.008,2.2538,28613.288,2.25,27287.2869,2.267,42758.1881,2.2417,36454.0483,2.1824,35366.1067,2.2082,29808.6017
20131022,002418.SZ,2.2492,2.2525,2.2129,2.2195,2.2492,-0.02970000000000006,-1.3205,21045.32,14236.2424,1.3474,0.93,2.2103,21443.54,2.2469,26932.419,2.2479,26680.6977,2.2663,41499.4743,2.2439,35875.739,2.1878,35417.5647,2.2069,29903.8768
20131023,002418.SZ,2.2228,2.2426,2.1602,2.1602,2.2195,-0.05929999999999991,-2.6718,24008.86,15995.2543,1.5371,1.12,2.205,19514.582,2.2357,25810.983,2.2436,26668.5385,2.2607,39345.0229,2.2438,36127.7027,2.1913,35536.3142,2.2046,29993.5989
20131024,002418.SZ,2.1569,2.1734,2.1272,2.1338,2.1602,-0.0264000000000002,-1.2221,14774.52,9632.2346,0.9459,0.76,2.1931,18883.816,2.2232,23829.65,2.2348,26612.4292,2.2511,33248.7719,2.2413,35987.9947,2.1921,34945.4297,2.2019,30038.2336
20131025,002418.SZ,2.1305,2.1305,2.0414,2.0579,2.1338,-0.07589999999999986,-3.557,32271.59,20377.4223,2.0662,1.71,2.1641,22540.248,2.2001,24074.249,2.217,26183.0123,2.2382,31090.2724,2.237,36568.1703,2.1893,33407.2435,2.1993,30222.2701
20131028,002418.SZ,2.0678,2.0744,2.0414,2.0579,2.0579,0.0,0.0,13791.56,8586.3838,0.883,0.61,2.1259,21178.37,2.1747,21851.189,2.2005,24534.4231,2.2288,29141.6833,2.2329,36507.3127,2.1882,32667.9387,2.1967,30184.7487
20131029,002418.SZ,2.0645,2.0876,1.9722,1.9953,2.0579,-0.06259999999999999,-3.0419,23839.66,14591.6939,1.5263,1.13,2.081,21737.238,2.1457,21590.389,2.1802,23707.6392,2.2153,28212.2538,2.2275,36765.4807,2.1868,32582.1737,2.194,30244.1482
20131030,002418.SZ,2.0085,2.0612,1.9953,2.0546,1.9953,0.05930000000000013,2.972,16862.55,10418.0897,1.0796,0.78,2.0599,20307.976,2.1325,19911.279,2.1622,22710.4815,2.2007,25802.3329,2.2233,36613.1817,2.1862,32460.9597,2.1923,30273.4657
20131031,002418.SZ,2.0645,2.081,2.0283,2.0678,2.0546,0.013199999999999878,0.6425,12716.17,7949.9042,0.8141,0.63,2.0467,19896.306,2.1199,19390.061,2.1434,20917.7131,2.1903,24478.3314,2.2188,36205.7767,2.1862,32272.4972,2.1906,30312.8032
20131101,002418.SZ,2.0612,2.0909,2.0546,2.0711,2.0678,0.0032999999999998586,0.1596,10992.33,6906.5245,0.7038,0.55,2.0493,15640.454,2.1067,19090.351,2.1269,19728.8415,2.182,23624.11,2.2141,35607.4837,2.1861,32202.0755,2.1889,30272.2123
20131104,002418.SZ,2.081,2.0975,2.0645,2.0777,2.0711,0.006600000000000161,0.3187,11889.52,7503.5385,0.7612,0.76,2.0533,15260.046,2.0896,18219.208,2.1186,18054.6777,2.1754,23039.4714,2.209,34421.1907,2.1852,32055.2303,2.1868,30216.9625
20131105,002418.SZ,2.0843,2.0876,2.0579,2.081,2.0777,0.0032999999999998586,0.1588,8865.4,5581.1409,0.5676,0.58,2.0704,12265.194,2.0757,17001.216,2.1099,17357.5277,2.1674,22723.3505,2.2024,32408.2927,2.185,31854.3542,2.1849,30195.3443
20131106,002418.SZ,2.0909,2.1338,2.0744,2.0876,2.081,0.006600000000000161,0.3172,18369.68,11747.8784,1.1761,1.5,2.077,12566.62,2.0685,16437.298,2.101,17694.47,2.1578,21795.5252,2.1941,28260.7557,2.1846,31937.2385,2.1829,30201.467
20131107,002418.SZ,2.0975,2.0975,2.0579,2.0645,2.0876,-0.023100000000000342,-1.1065,9927.44,6255.687,0.6356,0.79,2.0764,12008.874,2.0615,15952.59,2.0868,16873.4308,2.1479,20590.9643,2.1853,26005.001,2.1836,31847.0387,2.1807,30166.8154
20131108,002418.SZ,2.0645,2.0711,2.0349,2.0546,2.0645,-0.009899999999999576,-0.4795,10194.02,6336.9227,0.6527,0.85,2.0731,11849.212,2.0612,13744.833,2.0742,16038.7154,2.1382,19429.3533,2.1786,24521.0707,2.183,31715.8782,2.1783,30100.2828
20131111,002418.SZ,2.0447,2.1206,2.0447,2.1008,2.0546,0.0461999999999998,2.2486,10507.37,6643.5707,0.6727,0.89,2.0777,11572.782,2.0655,13416.414,2.0696,15000.1392,2.1292,18509.4376,2.1727,23426.0603,2.1831,31654.9395,2.1762,30076.1326
20131112,002418.SZ,2.0975,2.1305,2.0909,2.1074,2.1008,0.006600000000000161,0.3142,7544.11,4826.3111,0.483,0.65,2.083,11308.524,2.0767,11786.859,2.0676,14443.9538,2.1195,17153.34,2.1642,21428.501,2.1828,31382.3972,2.1745,30004.545
20131113,002418.SZ,2.1041,2.114,2.0645,2.0678,2.1074,-0.03960000000000008,-1.8791,5918.77,3750.4188,0.3789,0.52,2.079,8818.342,2.078,10692.481,2.0683,12416.8138,2.1091,16175.7738,2.157,20275.12,2.1814,31049.6485,2.1724,29944.6169
20131114,002418.SZ,2.0678,2.1701,2.0546,2.1107,2.0678,0.04289999999999994,2.0747,18297.23,11784.372,1.1715,2.07,2.0883,10492.3,2.0823,11250.587,2.0724,12763.4038,2.1055,15444.5157,2.1525,19920.6617,2.1808,30910.7617,2.1703,29908.7204
20131115,002418.SZ,2.1239,2.147,2.1107,2.1404,2.1107,0.02970000000000006,1.4071,17376.67,11246.5449,1.1125,1.66,2.1054,11928.83,2.0893,11889.021,2.0835,12266.2508,2.103,15418.2452,2.1499,19694.3197,2.1808,30830.2443,2.1681,29805.9859
20131118,002418.SZ,2.1635,2.1668,2.1239,2.1635,2.1404,0.0230999999999999,1.0792,19441.73,12678.3789,1.2447,1.63,2.118,13715.702,2.0978,12644.242,2.0919,12464.6492,2.1011,15677.8786,2.1471,19825.5793,2.1806,30348.869,2.166,29634.0652
20131119,002418.SZ,2.1734,2.1932,2.147,2.18,2.1635,0.01650000000000018,0.7627,17681.85,11622.2139,1.1321,1.29,2.1325,15743.25,2.1077,13525.887,2.1005,12846.6246,2.0978,15538.8738,2.1435,19153.174,2.1821,30065.4595,2.1638,29451.4659
20131120,002418.SZ,2.18,2.2162,2.1668,2.1932,2.18,0.013199999999999878,0.6055,25639.49,17033.7217,1.6415,1.63,2.1576,19687.394,2.1183,14252.868,2.1099,13973.3292,2.0966,15757.6438,2.1408,18833.7163,2.1831,30022.9048,2.1618,29367.6046
20131121,002418.SZ,2.1767,2.203,2.1569,2.1701,2.1932,-0.0230999999999999,-1.0533,21866.91,14447.3594,1.4,1.11,2.1694,20401.33,2.1289,15446.815,2.117,14740.8208,2.097,15655.6462,2.1379,18409.685,2.1842,29991.892,2.1602,29226.9923
20131122,002418.SZ,2.1701,2.1932,2.1602,2.1734,2.1701,0.0032999999999998586,0.1521,14895.79,9813.7824,0.9537,0.73,2.176,19905.154,2.1407,15916.992,2.1242,15204.6969,2.0989,15661.421,2.134,17912.0247,2.1846,29905.6245,2.1583,29089.301
20131125,002418.SZ,2.1767,2.1899,2.1602,2.1767,2.1734,0.0032999999999998586,0.1518,13223.96,8724.5638,0.8466,0.66,2.1787,18661.6,2.1483,16188.651,2.131,14808.8723,2.1046,14754.391,2.1295,17152.0847,2.1856,29799.2072,2.1563,28967.6149
20131126,002418.SZ,2.1767,2.1833,2.1668,2.18,2.1767,0.0033000000000003027,0.1516,11898.03,7847.8104,0.7618,0.64,2.1787,17504.836,2.1556,16624.043,2.1399,14960.4562,2.1104,14664.2229,2.126,16667.097,2.186,29453.6147,2.1545,28822.6094
20131127,002418.SZ,2.18,2.1932,2.1668,2.1899,2.18,0.00990000000000002,0.4541,19237.46,12721.92,1.2317,1.1,2.178,16224.43,2.1678,17955.912,2.1503,15656.1054,2.1197,14445.0705,2.1261,16186.5573,2.1857,28996.3013,2.1526,28669.044
20131128,002418.SZ,2.1899,2.2063,2.1866,2.203,2.1899,0.013099999999999667,0.5982,22627.24,15083.4354,1.4487,1.39,2.1846,16376.496,2.177,18388.913,2.1582,16588.4031,2.1267,14719.5795,2.1264,16343.187,2.1852,28211.4477,2.1511,28574.1131
20131129,002418.SZ,2.2096,2.2129,2.1932,2.203,2.203,0.0,0.0,16545.31,11055.3628,1.0593,1.01,2.1905,16706.4,2.1833,18305.777,2.1655,17280.8031,2.1332,14901.9195,2.1264,16428.383,2.184,27023.409,2.1498,28443.097
20131202,002418.SZ,2.114,2.1569,2.0678,2.0843,2.203,-0.11870000000000003,-5.3881,32092.06,20576.2637,2.0547,1.92,2.172,20480.02,2.1754,19570.81,2.1668,19294.1331,2.1338,15906.6686,2.1209,16811.42,2.1813,26632.7342,2.1476,28539.6491
20131203,002418.SZ,2.0876,2.1338,2.0777,2.1173,2.0843,0.03300000000000036,1.5833,22551.47,14398.5954,1.4438,1.1,2.1595,22610.708,2.1691,20057.772,2.1673,19621.3823,2.1357,16414.3805,2.1175,16861.625,2.1807,26368.682,2.1453,28371.5364
20131204,002418.SZ,2.1173,2.269,2.1107,2.2261,2.1173,0.10880000000000001,5.1386,61559.87,40587.0406,3.9413,2.72,2.1667,31075.19,2.1724,23649.81,2.1739,23020.09,2.1426,18923.641,2.1197,18113.3253,2.1818,27120.514,2.1441,28639.2175
20131205,002418.SZ,2.269,2.2888,2.1965,2.2063,2.2261,-0.01980000000000004,-0.8894,56164.89,38045.3762,3.5959,1.81,2.1674,37782.72,2.176,27079.608,2.1772,25844.9485,2.1482,20723.4129,2.1221,19493.0043,2.1817,27740.4995,2.1431,28885.328
20131206,002418.SZ,2.269,2.269,2.1602,2.1833,2.2063,-0.02300000000000013,-1.0425,30857.21,20632.666,1.9756,0.82,2.1635,40645.1,2.177,28675.75,2.1774,26858.4377,2.1539,21720.0686,2.1263,19445.8583,2.1817,28007.0143,2.1417,28854.2874
20131209,002418.SZ,2.1767,2.2327,2.1767,2.2096,2.1833,0.02629999999999999,1.2046,16367.79,10950.3122,1.0479,0.4,2.1885,37500.246,2.1803,28990.133,2.1787,26145.23,2.1613,22014.0576,2.1314,19531.7327,2.1822,28019.5227,2.14,28512.6768
20131210,002418.SZ,2.2096,2.3383,2.1998,2.3251,2.2096,0.11549999999999994,5.2272,107576.29,74926.6358,6.8875,2.87,2.2301,54505.21,2.1948,38557.959,2.1906,32738.2592,2.172,26636.3871,2.1424,22322.9537,2.1849,29544.2172,2.1388,28688.4339
20131211,002418.SZ,2.2921,2.3119,2.2393,2.2789,2.3251,-0.0461999999999998,-1.987,49787.59,34309.6726,3.1876,0.91,2.2406,52150.754,2.2037,41612.972,2.1987,35422.2438,2.1801,28647.9814,2.1498,23420.455,2.1866,30016.8183,2.1376,28689.0362
20131212,002418.SZ,2.2756,2.2888,2.2426,2.2624,2.2789,-0.01650000000000018,-0.724,22995.64,15804.2484,1.4723,0.44,2.2519,45516.904,2.2096,41649.812,2.2053,36173.9115,2.1894,29461.1657,2.1563,23763.104,2.1875,29984.4403,2.1366,28604.4984
20131213,002418.SZ,2.2525,2.2723,2.2294,2.2624,2.2624,0.0,0.0,17341.07,11869.3252,1.1102,0.38,2.2677,42813.676,2.2156,41729.388,2.2117,36592.6069,2.1966,29415.6343,2.1627,23974.7287,2.1884,29791.1062,2.1358,28468.2919
20131216,002418.SZ,2.269,2.269,2.1701,2.18,2.2624,-0.0823999999999998,-3.6421,29378.88,19649.4483,1.881,0.69,2.2618,45415.894,2.2251,41458.07,2.2109,37372.7162,2.1985,29987.1681,2.1661,24557.7073,2.1875,29489.449,2.1355,28480.1822
20131217,002418.SZ,2.1767,2.1998,2.1734,2.1866,2.18,0.006599999999999717,0.3028,20137.47,13338.7537,1.2893,0.44,2.2341,27928.13,2.2321,41216.67,2.2096,37181.1954,2.1996,30020.2986,2.1696,24933.443,2.186,28670.8678,2.1358,28475.9974
20131218,002418.SZ,2.1965,2.2129,2.18,2.1998,2.1866,0.013200000000000323,0.6037,12583.0,8385.9378,0.8056,0.45,2.2182,20487.212,2.2294,36318.983,2.2094,36876.4023,2.2005,29777.4962,2.1734,24740.5537,2.1838,26500.6547,2.1376,28370.1088
20131219,002418.SZ,2.1965,2.2294,2.1701,2.1833,2.1998,-0.01650000000000018,-0.7501,15979.64,10645.1876,1.0231,0.78,2.2024,19084.012,2.2271,32300.458,2.217,35636.9854,2.2001,29317.5033,2.1773,24942.2937,2.1813,25473.6473,2.1394,28334.9747
20131220,002418.SZ,2.1932,2.2723,2.1833,2.1998,2.1833,0.01650000000000018,0.7557,25768.38,17375.3621,1.6498,1.35,2.1899,20769.474,2.2288,31791.575,2.2234,35884.44,2.2015,29503.2876,2.1822,25461.439,2.1804,24991.2548,2.1413,28425.9423
20131223,002418.SZ,2.2063,2.2624,2.1272,2.2195,2.1998,0.01969999999999983,0.8955,28593.73,19244.6166,1.8307,1.38,2.1978,20612.444,2.2298,33014.169,2.2228,33348.5831,2.2037,30155.5705,2.1861,26064.3177,2.1794,24745.189,2.1439,28524.0389
20131224,002418.SZ,2.2096,2.2723,2.2096,2.2723,2.2195,0.05279999999999996,2.3789,26242.98,17861.1058,1.6802,1.27,2.2149,21833.546,2.2245,24880.838,2.2279,31046.8977,2.2082,30775.5238,2.1916,26687.6133,2.1779,24058.0572,2.1471,28617.8001
20131225,002418.SZ,2.2558,2.3119,2.2294,2.2624,2.2723,-0.00990000000000002,-0.4357,38002.83,26131.3175,2.4331,1.74,2.2275,26917.512,2.2229,23702.362,2.234,31596.5608,2.2122,32018.6095,2.1981,27757.082,2.1775,24016.101,2.1499,28838.4075
20131226,002418.SZ,2.269,2.2822,2.1965,2.203,2.2624,-0.05940000000000012,-2.6255,33272.06,22704.0143,2.1302,1.24,2.2314,30375.996,2.2169,24730.004,2.2335,32896.8892,2.2128,32686.9238,2.2012,28256.243,2.1768,24088.4523,2.1521,29029.7155
20131227,002418.SZ,2.2063,2.3152,2.1602,2.2855,2.203,0.08250000000000002,3.7449,67927.57,46468.964,4.349,2.24,2.2485,38807.834,2.2192,29788.654,2.2305,29846.9877,2.2167,34844.0824,2.206,29941.273,2.178,24817.7963,2.155,29474.8763
20131230,002418.SZ,2.2921,2.302,2.2525,2.2657,2.2855,-0.01980000000000004,-0.8663,38559.68,26554.1374,2.4687,0.99,2.2578,40801.024,2.2278,30706.734,2.2294,28983.3023,2.2197,35892.3857,2.2094,30578.538,2.1783,25202.0587,2.1576,29638.8472
20131231,002418.SZ,2.2492,2.2855,2.236,2.269,2.2657,0.0033000000000003027,0.1457,18321.54,12542.6672,1.173,0.45,2.2571,39216.736,2.236,30525.141,2.2299,28623.7562,2.2285,35236.6467,2.2124,30599.861,2.1779,24876.5175,2.1602,29634.4105
20140102,002418.SZ,2.2426,2.2756,2.2294,2.2591,2.269,-0.00990000000000002,-0.4363,34199.79,23327.2644,2.1896,0.87,2.2565,38456.128,2.242,32686.82,2.2297,29920.5808,2.2352,35791.3286,2.2146,30885.2043,2.1777,24859.4603,2.1633,29788.2002
20140103,002418.SZ,2.2426,2.3778,2.2426,2.335,2.2591,0.07589999999999986,3.3597,126595.85,88976.2989,8.1052,3.29,2.2829,57120.886,2.2571,43748.441,2.2416,37398.8092,2.2404,38888.28,2.2201,34376.169,2.179,26392.927,2.1668,30756.5817
20140106,002418.SZ,2.3152,2.3581,2.2921,2.3449,2.335,0.00990000000000002,0.424,73089.85,51499.9897,4.6795,1.28,2.2947,58153.342,2.2716,48480.588,2.2538,41472.0692,2.247,39694.2305,2.2258,36315.971,2.1799,27113.9978,2.1695,31096.039
20140107,002418.SZ,2.3284,2.4075,2.3053,2.3119,2.3449,-0.03299999999999992,-1.4073,87616.34,62487.2377,5.6095,1.51,2.304,67964.674,2.2809,54382.849,2.2624,47243.8646,2.2532,42397.0462,2.2303,38795.717,2.1799,27973.9008,2.1718,31548.4699
20140108,002418.SZ,2.335,2.3515,2.2822,2.3086,2.3119,-0.0032999999999998586,-0.1427,69155.08,48534.4749,4.4276,1.02,2.3119,78131.382,2.2845,58674.059,2.2721,51334.2831,2.2579,44910.7267,2.2346,40704.2853,2.1803,28685.6912,2.1743,31923.7838
20140109,002418.SZ,2.3086,2.4273,2.2954,2.3712,2.3086,0.06259999999999977,2.7116,113279.06,81223.9292,7.2526,1.45,2.3343,93947.236,2.2954,66201.682,2.2852,58065.8738,2.2601,45182.2871,2.2406,43839.0053,2.1834,30012.7813,2.1773,32747.2868
20140110,002418.SZ,2.3745,2.4075,2.2954,2.335,2.3712,-0.03620000000000001,-1.5267,86800.56,61664.1963,5.5573,0.92,2.3343,85988.178,2.3086,71554.532,2.2941,62543.3223,2.2627,46944.8095,2.245,45978.116,2.1857,31160.6515,2.1798,33300.4033
20140113,002418.SZ,2.3416,2.3515,2.1965,2.2096,2.335,-0.12539999999999996,-5.3704,78567.64,54387.9732,5.0302,0.91,2.3073,87083.736,2.301,72618.539,2.2893,66568.2962,2.2602,49591.0952,2.2453,48045.527,2.1858,32236.955,2.1816,33758.845
20140114,002418.SZ,2.2294,2.2327,2.114,2.1833,2.2096,-0.02629999999999999,-1.1903,80293.9,52978.7055,5.1407,0.92,2.2815,85619.248,2.2928,76791.961,2.2832,69821.4554,2.2565,52588.849,2.2486,49652.255,2.1847,33231.8375,2.1836,34298.9721
20140115,002418.SZ,2.1635,2.1965,2.1569,2.1965,2.1833,0.013199999999999878,0.6046,34177.67,22600.4396,2.1882,0.4,2.2591,78623.766,2.2855,78377.574,2.2827,69891.1177,2.2572,52817.3629,2.2512,50039.795,2.1844,33450.71,2.1861,34434.1373
20140116,002418.SZ,2.1965,2.2162,2.1833,2.1833,2.1965,-0.013199999999999878,-0.601,24208.66,16141.4326,1.5499,0.31,2.2215,60809.686,2.2779,77378.461,2.2749,66528.1246,2.2571,53011.229,2.2498,48794.7547,2.1847,33454.04,2.188,34495.1771
20140117,002418.SZ,2.18,2.18,2.1074,2.1074,2.1833,-0.07589999999999986,-3.4764,36249.53,23412.3748,2.3208,0.6,2.176,50699.48,2.2552,68343.829,2.2627,66350.4208,2.2527,54138.2067,2.2465,48130.9093,2.1843,33811.9568,2.1882,34378.6933
20140120,002418.SZ,2.1041,2.1371,2.081,2.1074,2.1074,0.0,0.0,22949.95,14675.8684,1.4693,0.45,2.1556,39575.942,2.2314,63329.839,2.2502,66706.4523,2.2491,54470.1262,2.2439,47867.334,2.1851,33656.5962,2.1872,33531.9198
20140121,002418.SZ,2.1173,2.1602,2.1074,2.1437,2.1074,0.03629999999999978,1.7225,24589.64,15982.865,1.5743,0.62,2.1477,28435.09,2.2146,57027.169,2.2414,65967.21,2.2464,54413.9957,2.2418,48141.3957,2.1866,33836.5642,2.1874,33252.2514
20140122,002418.SZ,2.1371,2.1998,2.1371,2.1932,2.1437,0.0495000000000001,2.3091,31390.01,20795.3167,2.0097,1.1,2.147,27877.558,2.2031,53250.662,2.2305,58643.6838,2.2451,54547.1519,2.2374,45601.853,2.1899,33962.4033,2.1883,33272.2885
20140123,002418.SZ,2.1998,2.2327,2.18,2.2162,2.1932,0.02300000000000013,1.0487,28414.24,19055.0265,1.8192,1.02,2.1536,28718.674,2.1876,44764.18,2.2206,55207.0985,2.2425,54650.5452,2.2353,44889.408,2.1926,34154.9315,2.1894,33307.9456
20140124,002418.SZ,2.2228,2.236,2.1965,2.2261,2.2162,0.00990000000000002,0.4467,25619.25,17247.8758,1.6402,0.89,2.1773,26592.618,2.1767,38646.049,2.214,50438.0915,2.2407,54060.851,2.2341,44976.8617,2.1952,34369.9828,2.1907,33321.24
20140127,002418.SZ,2.2129,2.2822,2.2096,2.269,2.2261,0.04289999999999994,1.9271,42257.88,28866.2468,2.7055,1.59,2.2096,30454.204,2.1826,35015.073,2.2109,48369.0762,2.2439,54488.7471,2.2343,45807.422,2.1985,34891.0753,2.1923,33546.5754
20140128,002418.SZ,2.2591,2.2987,2.2426,2.2492,2.269,-0.01980000000000004,-0.8726,29624.28,20352.6293,1.8967,0.97,2.2307,31461.132,2.1892,29948.111,2.2015,41934.0931,2.2422,52664.781,2.2366,45815.602,2.2013,35186.6547,2.1933,33620.9425
20140129,002418.SZ,2.2393,2.302,2.2393,2.2888,2.2492,0.03960000000000008,1.7606,31653.68,21856.6508,2.0266,1.01,2.2499,31513.866,2.1984,29695.712,2.198,37692.0254,2.2433,52335.9238,2.24,46199.4757,2.2048,35566.4593,2.1949,33710.4068
20140130,002418.SZ,2.2921,2.3086,2.2591,2.2954,2.2888,0.006599999999999717,0.2884,30256.08,21024.0732,1.9371,0.96,2.2657,31882.234,2.2096,30300.454,2.2046,33975.7515,2.2445,52904.2352,2.2432,46788.5783,2.2083,35764.566,2.1964,33850.9023
20140207,002418.SZ,2.2756,2.3647,2.2591,2.3284,2.2954,0.03299999999999992,1.4377,25944.14,18326.9619,1.661,0.81,2.2862,31947.212,2.2317,29269.915,2.2157,29795.0008,2.2478,52511.109,2.248,47120.7283,2.2127,36031.511,2.1981,33939.2748
20140210,002418.SZ,2.335,2.4273,2.3218,2.391,2.3284,0.06260000000000021,2.6885,65676.93,47094.4038,4.2049,2.06,2.3106,36631.022,2.2601,33542.613,2.2307,32218.0208,2.2505,49610.2081,2.2544,48451.0133,2.2183,36956.2262,2.2007,34336.0522
20140211,002418.SZ,2.391,2.4141,2.3482,2.3647,2.391,-0.02629999999999999,-1.1,47102.19,33804.4633,3.0157,1.29,2.3337,40126.604,2.2822,35793.868,2.2447,33979.0615,2.2514,48372.7005,2.2592,49067.962,2.2227,37566.1398,2.2029,34610.5397
20140212,002418.SZ,2.3515,2.3811,2.3515,2.3581,2.3647,-0.006600000000000161,-0.2791,44504.06,31874.3386,2.8493,1.11,2.3475,42696.68,2.2987,37105.273,2.2639,34614.0254,2.2536,46319.7348,2.2621,49676.6647,2.2269,38182.139,2.2048,34782.2681
20140213,002418.SZ,2.3581,2.3943,2.3218,2.3515,2.3581,-0.006599999999999717,-0.2799,44987.91,32128.9744,2.8803,1.05,2.3587,45643.046,2.3122,38762.64,2.2827,36309.2531,2.2557,45168.9171,2.2651,49909.5007,2.2316,38833.2913,2.2065,34941.4699
20140214,002418.SZ,2.3515,2.3943,2.3449,2.391,2.3515,0.03949999999999987,1.6798,41782.04,30112.6497,2.675,0.92,2.3713,48810.626,2.3287,40378.919,2.3017,37631.7454,2.2566,41764.2971,2.2713,50193.1667,2.2363,39224.7048,2.2085,35067.7333
20140217,002418.SZ,2.4009,2.4504,2.3844,2.4141,2.391,0.0230999999999999,0.9661,46961.19,34247.3417,3.0066,0.96,2.3759,45067.478,2.3432,40849.25,2.3187,38829.5285,2.2604,39867.1843,2.2756,49494.2873,2.2408,39717.7802,2.2108,35274.0123
20140218,002418.SZ,2.4042,2.4801,2.3712,2.4438,2.4141,0.02970000000000006,1.2303,66422.9,48839.4918,4.2527,1.47,2.3917,48931.62,2.3627,44529.112,2.3362,41753.2715,2.2715,39288.8633,2.2815,50423.0613,2.2455,40500.7997,2.2131,35424.8343
20140219,002418.SZ,2.4438,2.4966,2.4075,2.424,2.4438,-0.01980000000000004,-0.8102,48491.06,36006.4547,3.1046,0.99,2.4049,49729.02,2.3762,46212.85,2.3515,43512.6415,2.283,37774.4424,2.2867,51428.712,2.2496,41014.2865,2.2158,35539.873
20140220,002418.SZ,2.4372,2.4372,2.3515,2.3548,2.424,-0.06919999999999993,-2.8548,40832.59,29523.3346,2.6143,0.82,2.4055,48897.956,2.3821,47270.501,2.3581,43403.0038,2.2905,38091.3433,2.2899,51649.8053,2.2522,41267.5048,2.2177,35645.2048
20140221,002418.SZ,2.3548,2.3745,2.335,2.3548,2.3548,0.0,0.0,26450.19,18885.6684,1.6934,0.54,2.3983,45831.586,2.3848,47321.106,2.3662,43158.8431,2.2987,38198.0829,2.2906,48311.6167,2.2553,41343.8928,2.2198,35667.8924
20140224,002418.SZ,2.3515,2.4438,2.3086,2.4108,2.3548,0.05600000000000005,2.3781,70647.05,51264.2112,4.5231,1.54,2.3976,50568.758,2.3868,47818.118,2.3756,46158.3331,2.3131,39836.06,2.2928,48230.19,2.2593,42273.0805,2.222,36089.3525
20140225,002418.SZ,2.4273,2.4306,2.3086,2.3317,2.4108,-0.07909999999999995,-3.2811,56087.79,40479.8443,3.591,1.11,2.3752,48501.736,2.3835,48716.678,2.3784,48145.3877,2.3238,41414.0524,2.2934,47179.2383,2.2619,42987.4777,2.2237,36393.3424
20140226,002418.SZ,2.3383,2.3778,2.2987,2.3647,2.3317,0.03299999999999992,1.4153,46184.29,32837.4057,2.9569,0.95,2.3634,48040.382,2.3841,48884.701,2.3812,49702.3223,2.3343,42442.369,2.2953,46413.5453,2.2649,43558.9153,2.2254,36506.265
20140227,002418.SZ,2.3548,2.4537,2.3482,2.4108,2.3647,0.04610000000000003,1.9495,97374.33,71110.3325,6.2343,2.03,2.3746,59348.73,2.3901,54123.343,2.3827,52140.5838,2.3447,45584.4795,2.2966,45883.3877,2.2686,44861.1965,2.2272,36928.7489
20140228,002418.SZ,2.3119,2.4372,2.3119,2.4108,2.4108,0.0,0.0,77316.55,55407.8649,4.9501,1.3,2.3858,69522.002,2.392,57676.794,2.3862,54464.7654,2.354,47913.161,2.2991,45567.254,2.2721,45772.685,2.2286,36992.0663
20140303,002418.SZ,2.4273,2.4768,2.3745,2.4537,2.4108,0.04289999999999994,1.7795,154363.15,114238.275,9.8829,2.22,2.3943,86265.222,2.396,68416.99,2.3936,62915.4646,2.3648,54043.8229,2.3073,48093.771,2.2763,48069.649,2.2301,37546.529
20140304,002418.SZ,2.4504,2.4669,2.4009,2.4471,2.4537,-0.006600000000000161,-0.269,62290.31,46095.7993,3.9881,0.72,2.4174,87505.726,2.3963,68003.731,2.4009,64246.4185,2.3733,54997.7481,2.3161,47493.6513,2.2823,48572.9532,2.2318,37602.8437
20140305,002418.SZ,2.4405,2.4999,2.424,2.4768,2.4471,0.02970000000000006,1.2137,103445.15,77367.0093,6.623,1.18,2.4398,98957.898,2.4016,73499.14,2.4075,68989.7346,2.3841,58513.0276,2.3254,49802.5673,2.2883,49921.1812,2.2345,38144.9316
20140306,002418.SZ,2.4702,2.4768,2.424,2.4273,2.4768,-0.0495000000000001,-1.9985,56960.84,42148.0361,3.6469,0.58,2.4431,90875.2,2.4089,75111.965,2.4085,69758.9385,2.3907,59718.1305,2.3335,50894.3067,2.2917,49844.5307,2.2367,38482.5223
20140307,002418.SZ,2.4306,2.4702,2.3844,2.4537,2.4273,0.0264000000000002,1.0876,81066.65,59773.6232,5.1902,0.89,2.4517,91625.22,2.4187,80573.611,2.4093,70885.3808,2.3983,62137.6814,2.3451,52388.2107,2.2958,50259.56,2.2388,39000.0298
20140310,002418.SZ,2.4339,2.4471,2.3548,2.3778,2.4537,-0.07589999999999986,-3.0933,47740.46,34725.5664,3.0565,0.52,2.4365,70300.682,2.4154,78282.952,2.4058,70827.6423,2.4006,63175.6014,2.3541,53214.561,2.299,50540.9475,2.2403,39273.9809
20140311,002418.SZ,2.4009,2.4801,2.3679,2.4735,2.3778,0.0956999999999999,4.0247,134375.87,99401.8894,8.6033,1.91,2.4418,84717.794,2.4296,86111.76,2.4149,78023.2792,2.4045,66446.9795,2.3651,56874.102,2.3034,52507.7488,2.2428,40263.6358
20140312,002418.SZ,2.457,2.4999,2.3877,2.4471,2.4735,-0.0264000000000002,-1.0673,88243.56,65593.1255,5.6497,1.04,2.4359,81677.476,2.4379,90317.687,2.422,82776.6154,2.4085,68406.0924,2.3736,58769.2203,2.3055,52185.5367,2.2452,40864.8769
20140313,002418.SZ,2.457,2.4867,2.4207,2.4471,2.4471,0.0,0.0,80809.46,60116.672,5.1737,0.99,2.4398,86447.2,2.4415,88661.2,2.4248,83558.3392,2.4127,70134.921,2.3813,60515.7277,2.3083,52702.5678,2.2474,41359.6931
20140314,002418.SZ,2.4339,2.457,2.3778,2.4438,2.4471,-0.0032999999999998586,-0.1349,49757.6,36481.2052,3.1857,0.58,2.4379,80185.39,2.4448,85905.305,2.4334,83071.4015,2.4171,70362.049,2.3885,61320.3393,2.3113,53148.6005,2.2494,41566.5204
20140317,002418.SZ,2.4537,2.4801,2.4372,2.4537,2.4438,0.00990000000000002,0.4051,78844.59,58741.9116,5.0479,0.98,2.453,86406.216,2.4448,78353.449,2.4402,85583.7323,2.4201,72126.9324,2.3947,62539.8963,2.3145,54173.6592,2.2514,41982.3827
20140318,002418.SZ,2.4702,2.5856,2.4504,2.5526,2.4537,0.09889999999999999,4.0306,176399.36,134754.9801,11.2938,2.04,2.4689,94810.914,2.4553,89764.354,2.4512,91662.5808,2.4267,78290.6548,2.4048,67432.399,2.3207,56624.0005,2.2541,43056.7248
20140319,002418.SZ,2.5263,2.5658,2.5098,2.5658,2.5526,0.013199999999999878,0.5171,91427.48,70276.51,5.8535,0.96,2.4926,95447.698,2.4642,88562.587,2.4631,92748.0369,2.4325,79481.349,2.414,69424.859,2.327,57812.1673,2.2565,43241.5176
20140320,002418.SZ,2.5098,2.5295,2.4141,2.4141,2.5658,-0.15169999999999995,-5.9124,111425.11,83837.7844,7.1339,1.17,2.486,101570.828,2.4629,94009.014,2.46,89445.1108,2.432,82478.2086,2.418,72130.4933,2.3306,59459.5358,2.2572,42980.0953
20140321,002418.SZ,2.391,2.4174,2.3383,2.4009,2.4141,-0.013199999999999878,-0.5468,63122.82,45452.5242,4.0414,0.62,2.4774,104243.872,2.4576,92214.631,2.4565,89509.15,2.4342,83539.6481,2.4204,73369.7827,2.3342,60245.2555,2.2578,42859.4514
20140324,002418.SZ,2.4042,2.424,2.3712,2.4108,2.4009,0.00990000000000002,0.4123,40087.56,29229.1892,2.5666,0.38,2.4688,96492.466,2.4609,91449.341,2.4514,84635.4892,2.4369,84189.0467,2.421,72516.8037,2.3377,60483.9085,2.2591,42737.5817
20140325,002418.SZ,2.4009,2.4141,2.3581,2.3745,2.4108,-0.03630000000000022,-1.5057,45087.86,32549.3946,2.8867,0.47,2.4332,70230.166,2.451,82520.54,2.4473,83722.1831,2.4352,82971.9424,2.4214,72449.6593,2.3403,60758.8107,2.2599,42751.9998
20140326,002418.SZ,2.3778,2.3976,2.3614,2.3844,2.3745,0.00990000000000002,0.4169,30494.24,22003.2409,1.9524,0.43,2.3969,58043.518,2.4448,76745.608,2.442,79831.9977,2.4377,81753.2019,2.4222,71982.6653,2.3422,60829.665,2.26,42443.8611
20140327,002418.SZ,2.3844,2.4174,2.3515,2.3614,2.3844,-0.022999999999999687,-0.9646,32678.56,23668.4184,2.0922,0.56,2.3864,42294.208,2.4362,71932.518,2.4407,78673.39,2.4375,81110.0719,2.4226,71572.3537,2.3438,60740.9272,2.2607,42378.5141
20140328,002418.SZ,2.3482,2.3712,2.2558,2.2657,2.3614,-0.09570000000000034,-4.0527,51330.27,36006.0691,3.2864,1.21,2.3594,39935.698,2.4184,72089.785,2.4248,72285.2669,2.4306,78917.4976,2.4184,71890.628,2.3449,61041.8973,2.2608,42565.1748
20140331,002418.SZ,2.269,2.3086,2.2459,2.2921,2.2657,0.0264000000000002,1.1652,22107.37,15291.8195,1.4154,0.55,2.3356,36339.66,2.4022,66416.063,2.4128,67197.8677,2.4249,76288.489,2.4143,71062.1673,2.345,60278.2273,2.2615,42548.0118
20140401,002418.SZ,2.2855,2.3284,2.2657,2.3185,2.2921,0.026399999999999757,1.1518,19756.03,13820.082,1.2649,0.54,2.3244,31273.294,2.3788,50751.73,2.4029,62501.45,2.4185,69878.6262,2.4102,69506.605,2.3459,59964.8332,2.2621,42583.4459
20140402,002418.SZ,2.3218,2.335,2.2888,2.2921,2.3185,-0.026399999999999757,-1.1387,16741.37,11708.8945,1.0718,0.54,2.306,28522.72,2.3515,43283.119,2.3913,59961.74,2.4111,67709.629,2.4058,68448.282,2.3462,59938.497,2.2621,42407.5073
20140403,002418.SZ,2.2921,2.3119,2.2855,2.2921,2.2921,0.0,0.0,14397.84,10045.4578,0.9218,0.5,2.2921,24866.576,2.3393,33580.392,2.3788,55004.2977,2.4023,63469.281,2.4037,67567.1237,2.3468,59608.4645,2.2622,42233.9624
20140404,002418.SZ,2.3053,2.3581,2.2954,2.3581,2.2921,0.06599999999999984,2.8795,21784.35,15367.4175,1.3947,0.88,2.3106,18957.392,2.335,29446.545,2.3639,43110.8354,2.399,61794.21,2.4038,67411.5957,2.3472,57861.6062,2.2631,42127.2666
20140408,002418.SZ,2.335,2.4372,2.3251,2.4273,2.3581,0.06919999999999993,2.9346,55508.1,40251.3008,3.5538,2.93,2.3376,25637.538,2.3366,30988.599,2.3532,40347.8062,2.3978,60577.1362,2.4043,66906.964,2.3485,57568.577,2.2642,42341.2874
20140409,002418.SZ,2.4207,2.4537,2.3943,2.4405,2.4273,0.013200000000000323,0.5438,30957.13,22680.9968,1.982,1.21,2.362,27877.758,2.3432,29575.526,2.3553,34157.9615,2.4008,59777.93,2.408,66069.2753,2.3507,56624.2568,2.2653,42299.0788
20140410,002418.SZ,2.4405,2.4669,2.4075,2.4405,2.4405,0.0,0.0,29139.54,21532.2359,1.8656,1.05,2.3917,30357.392,2.3488,29440.056,2.3583,31543.8631,2.3992,54766.6762,2.4105,65501.117,2.3529,55957.3312,2.2666,42321.5112
20140411,002418.SZ,2.4537,2.4636,2.4207,2.4405,2.4405,0.0,0.0,22821.77,16873.2298,1.4611,0.75,2.4214,32042.178,2.3567,28454.377,2.3606,30215.7254,2.3989,51651.3529,2.4115,63016.0317,2.354,54449.7097,2.2687,42231.2455
20140414,002418.SZ,2.4339,2.4438,2.4075,2.4306,2.4405,-0.00990000000000002,-0.4057,25799.65,18955.0612,1.6518,0.81,2.4359,32845.238,2.3732,25901.315,2.3649,28732.0169,2.3981,49031.8381,2.4121,61298.8017,2.3556,53433.0278,2.2707,42296.8397
20140415,002418.SZ,2.4273,2.4405,2.4108,2.4273,2.4306,-0.0033000000000003027,-0.1358,19177.98,14108.1977,1.2278,0.58,2.4359,25579.214,2.3868,25608.376,2.3682,27861.5354,2.3973,47575.6657,2.4113,56792.6293,2.3593,52443.2002,2.2726,42340.0776
20140416,002418.SZ,2.4273,2.4339,2.3943,2.4273,2.4273,0.0,0.0,17601.73,12903.6943,1.1269,0.69,2.4332,22908.134,2.3976,25392.946,2.3733,26701.7792,2.3961,44659.339,2.4106,55303.01,2.3633,51398.3307,2.274,42315.0841
20140417,002418.SZ,2.4405,2.4669,2.4174,2.4405,2.4273,0.013200000000000323,0.5438,34970.53,25958.6143,2.239,1.53,2.4332,24074.332,2.4125,27215.862,2.3867,25443.3377,2.3907,37924.6329,2.4094,53020.5227,2.3674,51411.545,2.2759,42431.1275
20140418,002418.SZ,2.4504,2.4834,2.4372,2.4702,2.4405,0.02970000000000006,1.217,26938.59,20122.1662,1.7247,1.12,2.4392,24897.696,2.4303,28469.937,2.4004,25814.97,2.3862,34853.7333,2.4108,52019.781,2.3722,51457.0438,2.2785,42455.5419
20140421,002418.SZ,2.4471,2.4735,2.3976,2.3976,2.4702,-0.0726,-2.939,34079.95,25184.5649,2.1819,1.37,2.4326,26553.756,2.4342,29699.497,2.4065,26916.81,2.3854,31170.6305,2.4089,50453.5577,2.377,51420.8842,2.2807,42616.4205
20140422,002418.SZ,2.391,2.4174,2.3416,2.3877,2.3976,-0.00990000000000002,-0.4129,25085.32,18064.5397,1.6061,0.94,2.4247,27735.224,2.4303,26657.219,2.4139,27558.6523,2.3847,29359.321,2.4093,49698.3863,2.3817,51456.4737,2.2834,42556.5349
20140423,002418.SZ,2.3745,2.4075,2.3614,2.3844,2.3877,-0.0033000000000003027,-0.1382,16262.17,11730.3246,1.0412,0.59,2.4161,27467.312,2.4247,25187.723,2.421,27702.0623,2.3835,28224.7786,2.4063,45761.263,2.3857,51317.6825,2.2861,42577.1233
20140424,002418.SZ,2.3877,2.3877,2.3185,2.3185,2.3844,-0.06590000000000007,-2.7638,16726.1,11930.3055,1.0709,0.61,2.3917,23818.426,2.4125,23946.379,2.4179,27312.9662,2.3808,26874.2186,2.402,43377.3477,2.3878,51073.284,2.2888,42517.8437
20140425,002418.SZ,2.3119,2.3383,2.2888,2.2954,2.3185,-0.0230999999999999,-0.9963,18328.74,12851.6355,1.1768,0.77,2.3567,22096.456,2.398,23497.076,2.4078,24453.0154,2.3766,26294.909,2.397,41294.657,2.3891,50905.1923,2.2908,42530.0619
20140428,002418.SZ,2.2921,2.3284,2.2294,2.2294,2.2954,-0.06599999999999984,-2.8753,18035.52,12439.4664,1.158,0.82,2.3231,18887.57,2.3778,22720.663,2.3915,23459.0454,2.3703,25597.6214,2.3898,40237.2543,2.3892,50778.7968,2.2922,42574.3898
20140429,002418.SZ,2.2162,2.2855,2.2162,2.2822,2.2294,0.05279999999999996,2.3684,12322.13,8456.117,0.7912,0.65,2.302,16334.932,2.3633,22035.078,2.3794,22165.3985,2.3711,23740.091,2.3841,38019.839,2.3894,50279.8677,2.2939,42585.4715
20140430,002418.SZ,2.2822,2.2954,2.2624,2.2954,2.2822,0.013199999999999878,0.5784,10101.84,6979.1519,0.6486,0.62,2.2842,15102.866,2.3501,21285.089,2.3682,21186.9423,2.3712,23168.399,2.3755,32476.5883,2.3902,49954.4937,2.2958,42570.5742
20140505,002418.SZ,2.2921,2.3251,2.2888,2.3152,2.2954,0.01980000000000004,0.8626,13321.88,9349.9403,0.8553,0.88,2.2835,14422.022,2.3376,19120.224,2.3593,20227.1138,2.3711,22862.011,2.3672,29873.0683,2.3906,49648.9637,2.2977,42607.7115
20140506,002418.SZ,2.3152,2.3284,2.3053,2.3086,2.3152,-0.006599999999999717,-0.2851,8166.22,5730.5419,0.5243,0.57,2.2862,12389.518,2.3214,17242.987,2.3502,19380.0554,2.3719,22453.6705,2.3637,26431.1053,2.3908,49280.7993,2.2995,42522.6827
20140507,002418.SZ,2.3086,2.3416,2.2954,2.3086,2.3086,0.0,0.0,13272.67,9327.5268,0.8522,1.07,2.302,11436.948,2.3125,15162.259,2.3411,19047.0508,2.3727,22400.091,2.3606,24769.4337,2.3905,49069.6082,2.3016,42550.5596
20140508,002418.SZ,2.2954,2.3383,2.2921,2.3218,2.3086,0.013199999999999878,0.5718,10605.66,7462.017,0.6809,0.93,2.3099,11093.654,2.306,13714.293,2.3319,17172.83,2.3709,21867.7724,2.3576,23786.7037,2.3893,48151.7537,2.3038,42553.9899
20140509,002418.SZ,2.3218,2.3515,2.2954,2.3449,2.3218,0.0230999999999999,0.9949,14744.11,10390.7226,0.9467,1.33,2.3198,12022.108,2.302,13562.487,2.3223,16234.7931,2.367,19926.63,2.3566,22775.2453,2.389,47612.4523,2.3058,42589.2961
20140512,002418.SZ,2.3416,2.3943,2.3416,2.3811,2.3449,0.03620000000000001,1.5438,26919.74,19344.8775,1.7284,2.24,2.333,14741.68,2.3083,14581.851,2.321,15684.0077,2.3642,19734.3733,2.3565,22656.0953,2.3894,47319.3803,2.3081,42750.7597
20140513,002418.SZ,2.3811,2.4075,2.3614,2.3811,2.3811,0.0,0.0,20751.99,15019.1784,1.3324,1.41,2.3475,17258.834,2.3168,14824.176,2.3205,15350.6746,2.3613,19334.9662,2.3572,22258.543,2.3899,46915.4483,2.3107,42874.3698
20140514,002418.SZ,2.3811,2.3976,2.3679,2.3811,2.3811,0.0,0.0,6925.1,4992.9154,0.4446,0.4,2.362,15989.32,2.332,13713.134,2.3203,14632.4385,2.3585,18577.9819,2.361,20778.3707,2.3897,46334.4993,2.313,42779.6021
20140515,002418.SZ,2.3844,2.3844,2.3449,2.3482,2.3811,-0.03290000000000015,-1.3817,14321.8,10250.7424,0.9195,0.9,2.3673,16732.548,2.3386,13913.101,2.3225,14447.4923,2.3546,18031.4176,2.3629,20518.8517,2.3886,45790.5095,2.3147,42754.1448
20140516,002418.SZ,2.3449,2.3614,2.3218,2.3581,2.3482,0.00990000000000002,0.4216,13768.02,9769.1382,0.884,0.82,2.3699,16537.33,2.3449,14279.719,2.3274,14096.6677,2.3513,17773.8005,2.3642,20319.2513,2.3872,44912.9282,2.3163,42706.8639
20140519,002418.SZ,2.3416,2.3647,2.3119,2.3614,2.3581,0.0033000000000003027,0.1399,16531.1,11722.467,1.0614,1.0,2.366,14459.602,2.3495,14600.641,2.3375,13980.9431,2.3482,17722.8181,2.3665,20312.2423,2.3861,44380.2622,2.3178,42697.2743
20140520,002418.SZ,2.3679,2.3844,2.3383,2.3416,2.3614,-0.01980000000000004,-0.8385,11729.77,8392.347,0.7531,0.81,2.3581,12655.158,2.3528,14956.996,2.3421,13935.3769,2.3435,16616.1152,2.3682,20223.3067,2.3859,43895.2152,2.3191,42581.36
20140521,002418.SZ,2.3383,2.3647,2.3086,2.3548,2.3416,0.013199999999999878,0.5637,11138.23,7900.1407,0.7151,0.88,2.3528,13497.784,2.3574,14743.552,2.3467,14015.0992,2.338,15863.7171,2.3681,19868.436,2.3859,43640.0158,2.3206,42491.9543
20140522,002418.SZ,2.3614,2.3679,2.3317,2.3383,2.3548,-0.01650000000000018,-0.7007,15071.81,10735.3814,0.9677,1.12,2.3508,13647.786,2.3591,15190.167,2.3484,14149.7092,2.3351,14958.5676,2.3651,18520.5597,2.3847,42713.7618,2.322,42493.4212
20140523,002418.SZ,2.335,2.3679,2.3251,2.3679,2.3383,0.029600000000000293,1.2659,18596.7,13266.1385,1.194,1.36,2.3528,14613.522,2.3614,15575.426,2.353,14952.0538,2.3342,14649.5857,2.3627,18108.5453,2.3853,42088.9103,2.3236,42538.194
20140526,002418.SZ,2.3647,2.4372,2.3614,2.4141,2.3679,0.0461999999999998,1.9511,32504.95,23707.6102,2.087,2.22,2.3633,17808.292,2.3647,16133.947,2.3611,16431.46,2.3356,15423.0514,2.3618,18220.7257,2.3861,41860.9213,2.3255,42709.9183
20140527,002418.SZ,2.4174,2.4306,2.3877,2.4108,2.4141,-0.0032999999999998586,-0.1367,16749.72,12204.7666,1.0754,0.94,2.3772,18812.282,2.3676,15733.72,2.368,16904.08,2.34,15424.1762,2.3608,18018.324,2.3861,40517.1778,2.3274,42689.1872
20140528,002418.SZ,2.4141,2.4306,2.391,2.424,2.4108,0.013199999999999878,0.5475,24811.98,18169.8465,1.5931,1.32,2.391,21547.032,2.3719,17522.408,2.374,17678.5315,2.3461,15732.9019,2.3606,17985.4017,2.3864,39642.1017,2.3292,42707.3933
20140529,002418.SZ,2.4108,2.424,2.3844,2.4009,2.424,-0.0230999999999999,-0.953,16016.4,11670.4962,1.0283,0.74,2.4035,21735.95,2.3772,17691.868,2.3756,16839.8131,2.3543,15636.7533,2.3597,17880.0157,2.3855,37336.3225,2.3309,42702.9858
20140530,002418.SZ,2.4108,2.4438,2.3943,2.4372,2.4009,0.03629999999999978,1.5119,30602.13,22527.3964,1.9648,1.41,2.4174,24137.036,2.3851,19375.279,2.3799,17597.5162,2.3617,16507.2295,2.36,18313.3623,2.3853,36808.1862,2.3338,42690.5697
20140603,002418.SZ,2.4405,2.457,2.4108,2.4372,2.4372,0.0,0.0,15924.77,11746.3975,1.0225,0.66,2.422,20821.0,2.3927,19314.646,2.3842,18289.7985,2.3684,16784.5119,2.3599,17678.5037,2.3847,35349.5132,2.3365,42635.3472
20140604,002418.SZ,2.4174,2.4537,2.3943,2.4207,2.4372,-0.016499999999999737,-0.677,13906.51,10182.3627,0.8929,0.67,2.424,20252.358,2.4006,19532.32,2.3898,18257.8531,2.3734,16812.3514,2.3583,17244.101,2.3845,34631.941,2.3381,42238.2358
20140605,002418.SZ,2.4075,2.4372,2.4075,2.424,2.4207,0.0032999999999998586,0.1363,13564.73,9971.1294,0.8709,0.67,2.424,18002.908,2.4075,19774.97,2.3948,18242.2154,2.3789,17069.4233,2.3592,16560.2603,2.3841,33506.909,2.3399,41883.2345
20140606,002418.SZ,2.4339,2.5131,2.4075,2.49,2.424,0.06600000000000028,2.7228,70112.94,52748.8117,4.5017,3.89,2.4418,28822.216,2.4227,25279.083,2.4047,22363.8954,2.3876,19776.1029,2.3626,18061.181,2.3859,33879.7837,2.3425,42210.3656
20140609,002418.SZ,2.4669,2.5065,2.4405,2.4636,2.49,-0.0264000000000002,-1.0602,29858.43,22423.1605,1.9171,1.04,2.4471,28673.476,2.4323,26405.256,2.4141,23758.4077,2.3943,20692.9014,2.3652,18514.3897,2.3858,32137.8263,2.3446,42322.7876
20140610,002418.SZ,2.4636,2.5592,2.4504,2.5197,2.4636,0.05609999999999982,2.2772,54531.13,41589.2416,3.5012,1.9,2.4636,36394.748,2.4428,28607.874,2.4268,27096.3231,2.4027,22587.5214,2.3719,19774.5573,2.387,31575.9525,2.3462,41880.7446
20140611,002418.SZ,2.5032,2.5493,2.5032,2.523,2.5197,0.0033000000000003027,0.131,27104.73,20701.4348,1.7403,0.74,2.4841,39034.392,2.454,29643.375,2.441,28021.9323,2.4094,22596.3305,2.3795,20067.0903,2.3882,30680.8737,2.3482,41691.7208
20140612,002418.SZ,2.5131,2.5361,2.4768,2.49,2.523,-0.03299999999999992,-1.308,27210.28,20571.0811,1.7471,0.7,2.4973,41763.502,2.4606,29883.205,2.4504,28684.5154,2.4146,22903.8681,2.3882,20372.9157,2.389,30305.085,2.3501,41726.8428
20140703,002418.SZ,2.4933,2.6977,2.4735,2.6384,2.49,0.14839999999999964,5.9598,198541.52,157598.3255,12.7475,4.75,2.5269,67449.218,2.4844,48135.717,2.4677,41456.5592,2.4269,32028.4595,2.4001,26580.2287,2.3921,32300.0338,2.3533,43236.8465
20140704,002418.SZ,2.6087,2.9022,2.5856,2.8462,2.6384,0.2078000000000002,7.876,175471.78,145734.1088,11.2663,2.6,2.6035,96571.888,2.5253,62622.682,2.5011,53665.9485,2.4506,39702.2681,2.4184,32092.56,2.397,32284.5742,2.3588,44454.2873
20140707,002418.SZ,2.7967,2.9583,2.7472,2.8593,2.8462,0.013100000000000112,0.4603,132786.78,115316.521,8.5257,1.38,2.6714,112223.018,2.5675,74308.883,2.5346,61971.7023,2.4744,45369.8281,2.4366,36074.7233,2.4019,32973.8958,2.3644,45393.0316
20140708,002418.SZ,2.8659,3.0177,2.8198,2.9682,2.8593,0.10889999999999977,3.8086,147118.14,130477.0743,9.4459,1.31,2.7604,136225.7,2.6222,87630.046,2.5783,72056.4515,2.5033,51588.2586,2.4585,40706.454,2.4111,33568.7797,2.3708,46514.1578
20140709,002418.SZ,2.9781,3.0242,2.889,2.9286,2.9682,-0.03960000000000008,-1.3341,100206.92,89192.0541,6.4339,0.74,2.8481,150825.028,2.6727,96294.265,2.6161,77410.6662,2.5313,55801.4562,2.4792,43604.2623,2.4199,34186.848,2.377,47216.0518
20140710,002418.SZ,2.9253,2.9715,2.8791,2.9055,2.9286,-0.0230999999999999,-0.7888,69202.66,61258.5887,4.4432,0.46,2.9016,124957.256,2.7143,96203.237,2.6521,81508.9654,2.5575,58566.429,2.4987,45557.4957,2.4281,34672.0997,2.3829,47578.0041
20140711,002418.SZ,2.9187,3.0473,2.856,2.889,2.9055,-0.01650000000000018,-0.5679,178856.46,159269.6813,11.4836,1.43,2.9101,125634.192,2.7568,111103.04,2.6881,94197.4231,2.5837,66365.6981,2.5168,51027.9073,2.4367,36901.5763,2.3885,48830.1935
20140714,002418.SZ,2.889,2.9583,2.8198,2.9583,2.889,0.06930000000000014,2.3988,97805.32,86324.1543,6.2797,0.78,2.9299,118637.9,2.8007,115430.459,2.7292,100677.4685,2.6118,70137.5371,2.536,53390.76,2.4463,38023.4277,2.3942,49426.5463
20140715,002418.SZ,2.9583,3.0177,2.8989,2.988,2.9583,0.02970000000000006,1.004,72883.33,65699.8097,4.6795,0.61,2.9339,103790.938,2.8472,120008.319,2.7675,100890.5754,2.6392,72060.3171,2.5563,55128.4713,2.4567,38693.5072,2.4003,49717.2172
20140716,002418.SZ,2.9616,3.0341,2.9187,2.9583,2.988,-0.02970000000000006,-0.994,47098.93,42306.1324,3.024,0.45,2.9398,93169.34,2.894,121997.184,2.8056,102216.7677,2.6652,73505.5176,2.5755,56467.599,2.4683,38622.9848,2.4066,49832.4411
20140717,002418.SZ,2.9352,2.9979,2.9352,2.9979,2.9583,0.03960000000000008,1.3386,30258.03,27276.8628,1.9427,0.32,2.9583,85380.414,2.9299,105168.835,2.8424,100349.6062,2.6926,73764.8533,2.5972,56998.8067,2.48,38758.8292,2.4125,49518.5283
20140718,002418.SZ,2.9748,3.1858,2.9715,3.1001,2.9979,0.10219999999999985,3.4091,87576.07,82094.1245,5.6229,1.03,3.0005,67124.336,2.9553,96379.264,2.8868,105001.2477,2.7259,77172.4567,2.6219,59459.075,2.4931,39889.1632,2.4195,49926.9982
20140721,002418.SZ,3.11,3.1529,3.0177,3.0671,3.1001,-0.03299999999999992,-1.0645,77795.56,72144.8448,4.9949,1.16,3.0223,63122.384,2.9761,90880.142,2.9311,108892.4231,2.7559,79419.7629,2.6454,61501.2237,2.506,40906.733,2.4261,50422.615
20140722,002418.SZ,3.0935,3.199,3.0374,3.1298,3.0671,0.06269999999999998,2.0443,76567.24,72750.6444,4.9161,1.21,3.0506,63859.166,2.9923,83825.052,2.9689,99509.7862,2.7888,82307.4995,2.6717,63662.4727,2.5199,41942.8897,2.4334,50775.6771
20140723,002418.SZ,3.1496,3.1825,3.0012,3.0572,3.1298,-0.0726,-2.3196,58701.56,54809.9841,3.769,0.92,3.0704,66179.692,3.0051,79674.516,2.9852,90527.4615,2.8192,84440.5971,2.6951,65247.917,2.5316,42558.1765,2.4394,50209.8913
20140724,002418.SZ,3.0275,3.0572,2.8692,2.9682,3.0572,-0.08899999999999997,-2.9112,86977.92,77977.0964,5.5845,1.31,3.0645,77523.67,3.0114,81452.042,2.9936,87003.7031,2.8451,87936.4633,2.7161,67644.7873,2.5406,43082.6735,2.4446,50325.6253
20140725,002418.SZ,2.9682,2.9913,2.9088,2.9715,2.9682,0.0032999999999998586,0.1112,44453.86,39724.5434,2.8542,0.57,3.0388,68899.228,3.0196,68011.782,2.9938,79106.4508,2.868,86714.6024,2.7362,68506.6927,2.5495,43307.619,2.4501,49965.9379
20140728,002418.SZ,2.9682,2.9946,2.9154,2.9715,2.9715,0.0,0.0,49248.09,44035.8126,3.162,0.71,3.0196,63189.734,3.021,63156.059,2.9971,75186.5408,2.8922,87637.9195,2.7548,69064.7973,2.5583,43642.7615,2.4556,49800.0463
20140729,002418.SZ,2.9682,3.0836,2.9484,3.0605,2.9715,0.08900000000000041,2.9951,43874.92,40267.4961,2.817,0.69,3.0058,56651.27,3.0282,60255.218,3.009,73238.2531,2.9179,87130.481,2.7765,69968.9707,2.5686,43993.6473,2.4613,49221.6785
20140730,002418.SZ,3.0704,3.3672,3.0704,3.3672,3.0605,0.30669999999999975,10.0212,151497.99,149407.4535,9.7271,2.67,3.0678,75210.556,3.0691,70695.124,3.0458,71133.7554,2.9581,93053.9695,2.8079,74191.8377,2.5842,46088.6197,2.4699,49760.8238
20140731,002418.SZ,3.4134,3.5222,3.3804,3.4563,3.3672,0.08910000000000018,2.6461,79502.9,83191.7969,5.1046,1.06,3.1654,73715.552,3.1149,75619.611,3.0841,69725.8769,3.0041,95544.0943,2.8431,76308.0543,2.6014,47094.035,2.4803,49768.6176
20140801,002418.SZ,3.4563,3.4926,3.3804,3.4101,3.4563,-0.04620000000000024,-1.3367,67836.81,70597.1608,4.3555,0.92,3.2531,78392.142,3.1459,73645.685,3.1166,69337.6831,3.0409,89320.0605,2.8755,77549.2103,2.6178,47931.2863,2.4906,49664.8085
20140804,002418.SZ,3.3804,3.4068,3.3277,3.3771,3.4101,-0.03299999999999992,-0.9677,64742.53,65872.2731,4.1569,0.83,3.3342,81491.03,3.1769,72340.382,3.1488,70694.8831,3.0662,84047.239,2.9068,79176.469,2.6334,48427.4863,2.5004,49919.5157
20140805,002418.SZ,3.3639,3.3738,3.2452,3.2749,3.3771,-0.10219999999999985,-3.0263,118634.02,117766.2824,7.617,1.46,3.3771,96442.85,3.1915,76547.06,3.1701,77493.0362,3.086,83373.2981,2.9353,82667.386,2.6468,49955.7435,2.5095,50706.3937
20140806,002418.SZ,3.2683,3.4167,3.2485,3.3442,3.2749,0.0692999999999997,2.1161,92717.77,94097.8273,5.953,0.96,3.3725,84686.806,3.2202,79948.681,3.1889,77888.5515,3.1039,80782.8043,2.966,85305.8207,2.6626,50933.0405,2.5198,51176.9623
20140807,002418.SZ,3.3178,3.3804,3.2551,3.2551,3.3442,-0.08909999999999973,-2.6643,43800.4,43813.5984,2.8122,0.52,3.3323,77546.306,3.2488,75630.929,3.2034,75273.5392,3.1194,78096.7795,2.9915,84428.736,2.677,51244.9585,2.5294,51350.7161
20140808,002418.SZ,3.265,3.331,3.232,3.3277,3.2551,0.0726,2.2303,42169.17,42013.1667,2.7075,0.54,3.3158,72412.778,3.2845,75402.46,3.2186,72627.5338,3.1395,76809.4705,3.0203,84839.094,2.6928,51676.7418,2.5392,51497.2122
20140811,002418.SZ,3.3409,3.3705,3.3013,3.3178,3.3277,-0.00990000000000002,-0.2975,44352.72,44833.2122,2.8477,0.61,3.3039,68334.816,3.3191,74912.923,3.2386,71523.7769,3.1599,70404.5305,3.0469,84499.8137,2.7094,52137.1855,2.5486,51605.2348
20140812,002418.SZ,3.354,3.4365,3.298,3.331,3.3178,0.013199999999999878,0.3979,60366.07,61335.571,3.8759,0.88,3.3152,56681.226,3.3461,76562.038,3.2665,69476.7115,3.1777,68621.709,3.0738,85608.525,2.7267,52837.8077,2.5579,51871.5
20140813,002418.SZ,3.331,3.3639,3.2947,3.3639,3.331,0.03290000000000015,0.9877,40007.95,40339.9887,2.5687,0.71,3.3191,46139.262,3.3458,65413.034,3.2967,69134.7185,3.1956,67056.2148,3.103,86035.114,2.7456,53204.0148,2.5674,51991.4058
20140814,002418.SZ,3.331,3.4233,3.331,3.3573,3.3639,-0.006600000000000161,-0.1962,41720.86,42822.3592,2.6787,0.9,3.3395,45723.354,3.3359,61634.83,3.3264,68555.7008,3.2146,66800.1162,3.1269,80807.7587,2.7635,53693.9937,2.5764,51986.9307
20140815,002418.SZ,3.3277,3.3969,3.3178,3.3771,3.3573,0.01980000000000004,0.5898,43957.97,44800.6341,2.8224,0.96,3.3494,46081.114,3.3326,59246.946,3.3507,68562.0892,3.2326,67452.4943,3.1446,76423.965,2.7815,54258.2625,2.5858,52106.3781
20140818,002418.SZ,3.3771,3.5486,3.3606,3.5025,3.3771,0.12539999999999996,3.7132,62994.61,66326.3275,4.0446,1.37,3.3864,49809.492,3.3452,59072.154,3.3612,61754.1369,3.2518,66281.9486,3.1661,74097.5593,2.8013,55086.1413,2.596,52367.5525
20140819,002418.SZ,3.4761,3.5948,3.4629,3.4893,3.5025,-0.013199999999999878,-0.3769,51255.16,54690.6228,3.2909,1.03,3.418,47987.31,3.3666,52334.268,3.3637,59581.2338,3.2719,65018.12,3.1834,70902.1267,2.821,55804.2903,2.6059,52542.5448
20140820,002418.SZ,3.4893,3.5618,3.4827,3.5354,3.4893,0.04610000000000003,1.3212,32818.83,35080.9214,2.1072,0.68,3.4523,46549.486,3.3857,46344.374,3.3733,56887.5431,3.2912,62934.8624,3.2037,68655.857,2.8414,56130.0597,2.616,52599.8339
20140821,002418.SZ,3.5354,3.5618,3.4233,3.4992,3.5354,-0.03620000000000001,-1.0239,35649.48,37824.7934,2.2889,0.77,3.4807,45335.21,3.4101,45529.282,3.3827,54649.6162,3.3123,61837.1443,3.2234,67537.4177,2.8611,56547.4567,2.6252,52349.6052
20140822,002418.SZ,3.4695,3.5156,3.3672,3.4761,3.4992,-0.0230999999999999,-0.6602,55629.3,57606.1877,3.5717,1.23,3.5005,47669.476,3.425,46875.295,3.3982,49803.0992,3.3365,60344.3529,3.243,63429.8457,2.8799,57228.8765,2.6345,52420.6644
20140825,002418.SZ,3.3969,3.4992,3.3211,3.4827,3.4761,0.006599999999999717,0.1899,52856.7,54869.3992,3.2351,1.11,3.4965,45641.894,3.4415,47725.693,3.4089,46736.8631,3.3608,60744.4881,3.2605,61931.5583,2.8983,57661.1592,2.6438,52490.2698
20140826,002418.SZ,3.4464,3.5618,3.3804,3.4134,3.4827,-0.0692999999999997,-1.9898,43006.62,45249.1669,2.6322,0.94,3.4814,43992.186,3.4497,45989.748,3.421,46675.8031,3.3818,60447.2752,3.2747,60935.668,2.9155,58032.0697,2.6527,52473.759
20140827,002418.SZ,3.3771,3.5123,3.3639,3.4959,3.4134,0.08249999999999957,2.4169,25701.87,26917.7313,1.5731,0.58,3.4735,42568.794,3.4629,44559.14,3.434,45409.0877,3.4026,59581.8919,3.2926,60222.4327,2.9341,58345.0158,2.6619,52339.7576
20140828,002418.SZ,3.5189,3.5189,3.4167,3.4926,3.4959,-0.0032999999999998586,-0.0944,21514.05,22604.8255,1.3168,0.51,3.4721,39741.708,3.4764,42538.459,3.4474,43652.2669,3.4086,53392.1805,3.3091,59930.9667,2.9531,58464.8867,2.6709,52127.6981
20140829,002418.SZ,3.4497,3.4992,3.4332,3.4695,3.4926,-0.0230999999999999,-0.6614,14703.39,15402.8522,0.8999,0.37,3.4708,31556.526,3.4857,39613.001,3.4581,40139.7531,3.4092,50306.4895,3.3214,57501.8773,2.9717,58480.4762,2.6794,51696.7022
20140901,002418.SZ,3.4728,3.6443,3.4728,3.641,3.4695,0.17149999999999999,4.9431,70084.42,76287.8872,4.2895,2.22,3.5025,35002.07,3.4995,40321.982,3.4794,42453.3277,3.4202,50413.5186,3.3405,57244.8393,2.993,59373.0315,2.6896,51876.6468
20140902,002418.SZ,3.6608,3.7135,3.5915,3.6871,3.641,0.04610000000000003,1.2661,46007.0,51191.1495,2.8159,1.31,3.5572,35602.146,3.5193,39797.166,3.5048,42783.0308,3.4349,49521.3505,3.3591,56226.1647,3.0154,59944.3187,2.7007,51919.7669
20140903,002418.SZ,3.6805,3.7597,3.6278,3.7102,3.6871,0.0230999999999999,0.6265,25479.47,28494.2906,1.5595,0.72,3.6001,35557.666,3.5368,39063.23,3.5304,41361.6077,3.4557,45085.4195,3.3809,55118.7617,3.038,60183.3393,2.712,51911.6776
20140904,002418.SZ,3.7201,4.0136,3.7102,3.9246,3.7102,0.21439999999999992,5.7787,58557.75,68989.3838,3.584,1.65,3.6865,42966.406,3.5793,41354.057,3.5628,41020.3108,3.4833,43458.7519,3.4128,54171.4227,3.0644,60908.105,2.7246,51810.9334
20140905,002418.SZ,3.9576,4.04,3.8949,3.9444,3.9246,0.01980000000000004,0.5045,30064.12,35952.2049,1.8401,0.7,3.7815,46038.552,3.6261,38797.539,3.5979,39390.2308,3.5161,42804.6433,3.4452,53691.7647,3.0907,61099.2287,2.738,51594.0695
20140909,002418.SZ,3.9246,4.0895,3.918,4.0466,3.9444,0.10219999999999985,2.591,37220.23,45256.5248,2.2781,0.81,3.8626,39465.714,3.6825,37233.892,3.6372,39728.8,3.5504,42568.9795,3.481,53290.836,3.1179,61177.8167,2.752,51519.369
20140910,002418.SZ,4.0367,4.1225,4.0136,4.0961,4.0466,0.0495000000000001,1.2232,34325.17,42453.0237,2.1009,0.87,3.9444,37129.348,3.7508,36365.747,3.6831,39626.93,3.5874,42091.4771,3.5155,52972.511,3.146,61470.7408,2.7661,50993.9593
20140911,002418.SZ,4.0895,4.1159,3.9246,3.9543,4.0961,-0.14179999999999993,-3.4618,51925.03,63092.2681,3.1781,1.4,3.9932,42418.46,3.7966,38988.063,3.7199,39341.9862,3.6171,41689.5229,3.5351,49653.4123,3.1715,61922.625,2.7789,50782.3633
20140912,002418.SZ,3.9741,4.0367,3.8817,4.0301,3.9543,0.07580000000000009,1.9169,21361.78,25769.7628,1.3075,0.5,4.0143,34979.266,3.8504,38972.836,3.762,36919.3,3.6488,40801.61,3.5542,47715.375,3.1987,62011.7147,2.7921,49674.0186
20140915,002418.SZ,4.0301,4.1192,3.9972,4.1126,4.0301,0.08249999999999957,2.0471,25077.61,30868.5088,1.5349,0.72,4.0479,33981.964,3.9147,40010.258,3.8158,35540.1454,3.6848,40009.0743,3.5777,46290.0683,3.2266,61919.6393,2.806,49363.9128
20140916,002418.SZ,4.1159,4.1423,3.9477,3.9576,4.1126,-0.1549999999999998,-3.7689,40822.86,49807.8921,2.4986,1.2,4.0301,34702.49,3.9464,37084.102,3.8513,36703.2985,3.7124,39859.7833,3.597,45492.746,3.2519,62334.6075,2.8183,48842.0603
20140917,002418.SZ,3.9576,4.0169,3.8652,3.9213,3.9576,-0.03629999999999978,-0.9172,39796.78,47534.6606,2.4358,1.15,3.9952,35796.812,3.9698,36463.08,3.8843,38109.6623,3.7324,38755.1248,3.6186,42864.838,3.2769,62766.112,2.8307,48699.0265
20140918,002418.SZ,3.9213,3.951,3.9015,3.9312,3.9213,0.00990000000000002,0.2525,15721.5,18715.3459,0.9622,0.44,3.9906,28556.106,3.9919,35487.283,3.9198,38187.9785,3.7534,37063.0457,3.6381,40298.2957,3.3021,62802.0582,2.8431,48154.4836
20140919,002418.SZ,3.9312,4.3237,3.8883,4.3237,3.9312,0.3924999999999996,9.9842,81328.02,102361.4912,4.9777,2.85,4.0493,40549.354,4.0318,37764.31,3.9723,39052.8708,3.791,39373.0071,3.6737,41549.2163,3.3326,62988.9762,2.8593,48434.3799
20140922,002418.SZ,4.3039,4.4127,4.2346,4.3467,4.3237,0.023000000000000576,0.532,55375.42,72649.7407,3.3893,1.37,4.0961,46608.916,4.072,40295.44,4.023,39773.5185,3.8313,40312.3376,3.7077,41989.4247,3.364,63414.2593,2.8749,47776.0428
20140923,002418.SZ,4.3863,4.4754,4.2181,4.3698,4.3467,0.023099999999999454,0.5314,55605.54,72913.45,3.4034,1.19,4.1785,49565.452,4.1043,42133.971,4.0738,42090.9085,3.8739,40311.2062,3.7428,42364.5187,3.3948,63432.1662,2.8909,47504.0593
20140924,002418.SZ,4.3698,4.4424,4.3237,4.3632,4.3698,-0.006599999999999717,-0.151,35539.86,47129.8524,2.1752,0.72,4.2669,48714.068,4.1311,42255.44,4.1075,40320.3015,3.9158,39486.5948,3.7772,41536.9783,3.4255,63572.7517,2.9069,47126.8127
20140925,002418.SZ,4.4193,4.6996,4.3962,4.5116,4.3632,0.14839999999999964,3.4012,62895.34,86565.2124,3.8495,1.29,4.383,58148.836,4.1868,43352.471,4.1511,42845.78,3.9681,40433.6767,3.8154,42299.8913,3.4592,64167.5027,2.9241,47236.2938
20140926,002418.SZ,4.5512,4.6765,4.4523,4.5908,4.5116,0.07920000000000016,1.7555,31186.64,43457.1968,1.9088,0.54,4.4364,48120.56,4.2429,44334.957,4.193,42381.6577,4.0202,40694.8562,3.8566,41948.7507,3.4917,61378.2547,2.9419,46839.1443
20140929,002418.SZ,4.5908,4.6963,4.5512,4.5842,4.5908,-0.006599999999999717,-0.1438,28746.37,40286.871,1.7594,0.6,4.4839,42794.75,4.29,44701.833,4.2305,41952.5192,4.0722,41039.2524,3.8968,41441.6973,3.5207,58932.8312,2.9588,45608.7027
20140930,002418.SZ,4.5842,4.6567,4.5512,4.6172,4.5842,0.03300000000000036,0.7199,26515.08,36867.2793,1.6229,0.62,4.5334,36976.658,4.356,43271.055,4.2815,39997.9077,4.1269,41601.7138,3.9339,40225.713,3.55,57161.6362,2.9759,45067.766
20141008,002418.SZ,4.6007,4.637,4.4951,4.5743,4.6172,-0.04290000000000038,-0.9291,28933.2,40019.1579,1.7709,0.78,4.5756,35655.326,4.4213,42184.697,4.3234,40580.3246,4.1713,39642.1319,3.9701,39481.6477,3.5768,55191.8872,2.9939,44380.3334
20141009,002418.SZ,4.5248,4.6666,4.4853,4.6337,4.5743,0.05940000000000012,1.2986,45891.6,63616.0393,2.8088,1.29,4.6,32254.578,4.4915,45201.707,4.3635,42181.4008,4.2164,39636.6367,4.0067,39917.4067,3.6052,54286.6318,3.0125,44236.7399
20141010,002418.SZ,4.6403,4.6403,4.5116,4.5347,4.6337,-0.0990000000000002,-2.1365,27100.88,37315.6284,1.6587,0.84,4.5888,31437.426,4.5126,39778.993,4.4079,41125.8638,4.2557,39713.8467,4.0412,39632.4533,3.6323,53584.9355,3.0302,44128.5176
20141013,002418.SZ,4.5182,4.5215,4.3533,4.4127,4.5347,-0.12199999999999989,-2.6904,54955.94,73740.4936,3.3636,1.75,4.5545,36679.34,4.5192,39737.045,4.4457,42291.9531,4.2789,39542.3319,4.0725,39610.008,3.6577,51519.9268,3.0472,44210.7516
20141014,002418.SZ,4.4127,4.4787,4.3599,4.449,4.4127,0.03629999999999978,0.8226,33891.84,45284.8955,2.0744,0.92,4.5209,38154.692,4.5271,37565.675,4.4855,43689.6715,4.3029,39724.6043,4.1047,38977.846,3.6826,50454.7022,3.0644,44239.0649
20141015,002418.SZ,4.4457,4.6139,4.4061,4.5347,4.449,0.08570000000000011,1.9263,34645.99,47763.4647,2.1205,0.91,4.513,39297.25,4.5443,37476.288,4.5017,40098.7462,4.3262,39602.0214,4.142,38699.1583,3.7084,49817.4132,3.0825,44255.4602
20141016,002418.SZ,4.5116,4.5611,4.4523,4.5182,4.5347,-0.016499999999999737,-0.3639,24305.83,33305.3374,1.4876,0.62,4.4899,34980.096,4.545,33617.337,4.5149,37708.7777,4.3463,39124.91,4.1761,38652.6237,3.7344,49437.5282,3.1013,44030.2565
20141017,002418.SZ,4.505,4.5248,4.2247,4.4457,4.5182,-0.07249999999999979,-1.6046,38114.8,50707.1411,2.3328,1.09,4.4721,37182.88,4.5304,34310.153,4.5208,36363.3362,4.3697,38467.28,4.2079,39205.982,3.7585,49568.4743,3.1193,44163.6518
20141020,002418.SZ,4.4094,4.4951,4.4094,4.4523,4.4457,0.006599999999999717,0.1485,20401.06,27572.2748,1.2487,0.55,4.48,30271.904,4.5173,33475.622,4.5276,35198.8131,4.3898,38421.5314,4.2407,39395.9043,3.781,48448.8908,3.137,44169.027
20141021,002418.SZ,4.4061,4.4918,4.4061,4.4325,4.4523,-0.01980000000000004,-0.4447,14008.8,18934.0491,0.8574,0.46,4.4767,26295.296,4.4988,32224.994,4.5215,31438.31,4.405,37894.4452,4.267,37526.717,3.8038,47385.7782,3.1549,44146.2556
20141022,002418.SZ,4.3995,4.5842,4.3995,4.505,4.4325,0.07249999999999979,1.6356,35204.52,48092.8625,2.1547,1.34,4.4707,26407.002,4.4919,32852.126,4.5149,31747.3777,4.4311,37626.9052,4.2943,37166.6343,3.8267,46696.3995,3.1733,44319.6446
20141023,002418.SZ,4.5017,4.5248,4.3302,4.4523,4.505,-0.05269999999999975,-1.1698,23318.44,31386.319,1.4272,0.88,4.4576,26209.524,4.4737,30594.81,4.5048,31329.8446,4.4564,36842.2224,4.319,37094.6,3.85,46106.6808,3.1908,44332.4287
20141024,002418.SZ,4.4358,4.482,4.2379,4.2544,4.4523,-0.19789999999999974,-4.4449,40959.36,53769.377,2.5069,1.56,4.4193,26778.436,4.4457,31980.658,4.4769,32440.9431,4.4717,38044.0252,4.33,36507.987,3.8714,45339.7048,3.206,44211.1892
20141027,002418.SZ,4.2874,4.3171,4.0235,4.2148,4.2544,-0.03960000000000008,-0.9308,54247.37,68265.3681,3.3202,2.03,4.3718,33547.698,4.4259,31909.801,4.4492,34388.1869,4.4666,36754.4705,4.339,37314.0953,3.8921,45502.93,3.2208,44405.2745
20141028,002418.SZ,4.1851,4.294,4.1752,4.2379,4.2148,0.023099999999999454,0.5481,29796.96,38328.897,1.8237,0.89,4.3329,36705.33,4.4048,31500.313,4.4188,33150.1377,4.4614,35536.4486,4.3454,37066.653,3.9132,45178.7445,3.2358,44410.753
20141029,002418.SZ,4.2544,4.4193,4.2478,4.3006,4.2379,0.06270000000000042,1.4795,27112.15,35536.8865,1.6594,0.74,4.292,35086.856,4.3814,30746.929,4.4008,33151.0046,4.4581,34179.6205,4.3522,36826.219,3.9339,44899.365,3.2513,44446.5062
20141030,002418.SZ,4.2874,4.3896,4.2676,4.3434,4.3006,0.04279999999999973,0.9952,32496.14,42720.2552,1.9889,0.93,4.2702,36922.396,4.3639,31565.96,4.3954,31423.3277,4.4571,34034.6814,4.3652,36178.5893,3.9502,42916.0008,3.2672,44502.3103
20141031,002418.SZ,4.3698,4.3698,4.2643,4.3335,4.3434,-0.00990000000000002,-0.2279,18467.1,24086.9944,1.1303,0.5,4.286,32423.944,4.3527,29601.19,4.3866,30236.8092,4.4487,31919.051,4.3753,36082.1,3.9648,41898.7375,3.2831,44496.3863
20141103,002418.SZ,4.3335,4.3797,4.2742,4.3302,4.3335,-0.0033000000000003027,-0.0762,32417.9,42371.0184,1.9841,1.0,4.3091,28058.05,4.3405,30802.874,4.3708,30065.4177,4.4363,31977.6824,4.3826,36326.7763,3.9801,41308.4223,3.2989,44619.8543
20141104,002418.SZ,4.3237,4.3434,4.2115,4.3171,4.3302,-0.013099999999999667,-0.3025,29938.43,38725.0245,1.8324,1.07,4.325,28086.344,4.3289,32395.837,4.3554,30498.6946,4.4235,32034.4471,4.3946,35963.962,3.9958,40728.354,3.3146,44577.9202
20141105,002418.SZ,4.2544,4.3401,4.2313,4.3138,4.3171,-0.0033000000000003027,-0.0764,23586.39,30634.8367,1.4436,0.84,4.3276,27381.192,4.3098,31234.024,4.3452,29381.1246,4.4091,31894.9857,4.4076,35423.6157,4.0131,39144.2268,3.3299,44549.9852
20141106,002418.SZ,4.2709,4.3401,4.2709,4.3105,4.3138,-0.0032999999999994145,-0.0765,24316.4,31699.4235,1.4883,0.89,4.321,25745.244,4.2956,31333.82,4.3343,29682.3046,4.3965,31675.1381,4.4203,35710.1123,4.0292,38004.204,3.3459,44468.6223
20141107,002418.SZ,4.3105,4.4556,4.3006,4.4259,4.3105,0.11540000000000017,2.6772,51494.57,68769.3581,3.1517,2.0,4.3395,32350.738,4.3128,32387.341,4.3338,32565.8254,4.3866,31941.9462,4.4237,34715.664,4.0487,38132.4402,3.3629,44688.6993
20141110,002418.SZ,4.3632,4.7062,4.3632,4.5611,4.4259,0.13519999999999932,3.0547,64652.07,89175.0378,3.9571,2.0,4.3857,38797.572,4.3474,33427.811,4.3381,34831.0215,4.3879,33730.0981,4.4308,35024.8857,4.0693,38507.1552,3.381,45091.9485
20141111,002418.SZ,4.5611,4.604,4.2874,4.4391,4.5611,-0.12199999999999989,-2.6748,44497.83,60090.5073,2.7235,1.15,4.4101,41709.452,4.3675,34897.898,4.3371,36460.2054,4.3891,33232.0929,4.4331,34654.6287,4.088,38509.5737,3.3987,45323.3796
20141112,002418.SZ,4.3995,4.5578,4.3632,4.5182,4.4391,0.07910000000000039,1.7819,23468.54,31736.8378,1.4364,0.56,4.451,41685.882,4.3893,34533.537,4.3574,35114.7577,4.3924,32735.7452,4.4383,34252.2513,4.1077,37894.6148,3.4172,45366.2113
20141113,002418.SZ,4.5149,4.6337,4.4523,4.5776,4.5182,0.05940000000000012,1.3147,45812.82,63152.6145,2.804,1.1,4.5044,45985.166,4.4127,35865.205,4.3853,34465.9462,4.3945,33267.499,4.4405,33682.834,4.128,37991.3627,3.4368,45597.6888
20141114,002418.SZ,4.5908,4.6403,4.4885,4.5644,4.5776,-0.013200000000000323,-0.2884,28087.92,38928.9452,1.7191,0.61,4.5321,41303.836,4.4358,36827.287,4.4104,34334.4815,4.3967,33447.5986,4.4396,33579.5433,4.1481,37764.147,3.4558,45729.0703
20141117,002418.SZ,4.604,4.604,4.4688,4.505,4.5644,-0.05940000000000012,-1.3014,28108.78,38562.309,1.7204,0.68,4.5209,33995.178,4.4533,36396.375,4.4261,34411.1454,4.3995,32971.1214,4.437,33558.2903,4.1669,37499.9938,3.4742,45879.1282
20141118,002418.SZ,4.5083,4.5281,4.3797,4.482,4.505,-0.022999999999999687,-0.5105,38800.93,52121.6505,2.3748,1.14,4.5294,32855.798,4.4698,37282.625,4.4368,34896.1292,4.4009,33847.3057,4.4325,33967.8187,4.1832,37096.7658,3.4923,46091.4536
20141119,002418.SZ,4.4787,4.4853,4.383,4.3962,4.482,-0.08579999999999988,-1.9143,23753.8,31851.8327,1.4539,0.72,4.505,32912.85,4.478,37299.366,4.4416,35302.7985,4.3992,34311.3533,4.4266,33795.172,4.1983,36638.4098,3.5097,46221.3501
20141120,002418.SZ,4.3665,4.5842,4.3401,4.4754,4.3962,0.07919999999999927,1.8016,25535.41,34547.3677,1.5629,0.78,4.4846,28857.368,4.4945,37421.267,4.4528,34773.3762,4.3978,33850.9195,4.4213,33116.6323,4.214,36517.0195,3.5277,46323.5396
20141121,002418.SZ,4.4523,4.5545,4.4523,4.4951,4.4754,0.019700000000000273,0.4402,23889.79,32672.4991,1.4622,0.83,4.4707,28017.742,4.5014,34660.789,4.4665,34308.0962,4.3998,33878.1267,4.42,33009.596,4.2306,36321.0247,3.5458,46434.2407
20141124,002418.SZ,4.5512,4.5677,4.4523,4.4853,4.4951,-0.009800000000000253,-0.218,23742.86,32387.1531,1.4532,0.85,4.4668,27144.558,4.4938,30569.868,4.4797,34320.1323,4.4108,33058.2933,4.4224,31969.16,4.2474,35789.584,3.5637,46509.2303
20141125,002418.SZ,4.4853,4.5149,4.3368,4.3368,4.4853,-0.1484999999999994,-3.3108,37145.95,49573.9436,2.2735,1.37,4.4378,26813.562,4.4836,29834.68,4.4817,35307.0208,4.4166,32243.94,4.4186,32077.6303,4.2617,35527.7382,3.58,46594.4487
20141126,002418.SZ,4.3929,4.4523,4.2874,4.4259,4.3368,0.08910000000000018,2.0545,43860.85,57971.3493,2.6845,1.64,4.4437,30834.972,4.4744,31873.911,4.4817,34719.8115,4.4256,32913.649,4.415,32384.7923,4.2785,35541.9753,3.597,46787.0225
20141127,002418.SZ,4.4721,4.4721,4.3368,4.4028,4.4259,-0.023100000000000342,-0.5219,41520.7,55414.9381,2.5413,1.35,4.4292,34032.03,4.4569,31444.699,4.4695,32940.4754,4.4304,33599.7705,4.4112,32958.6213,4.2936,35805.6225,3.6138,47075.3192
20141128,002418.SZ,4.3896,4.3896,4.2907,4.3467,4.4028,-0.05609999999999982,-1.2742,29933.89,39322.967,1.8321,0.88,4.3995,35240.85,4.4351,31629.296,4.4624,31820.1723,4.4306,33477.7586,4.4079,32685.9243,4.3079,35945.9532,3.6305,47205.4199
20141201,002418.SZ,4.3698,4.4061,4.2049,4.3533,4.3467,0.006599999999999717,0.1518,31685.3,41634.161,1.9393,0.9,4.3731,36829.338,4.42,31986.948,4.4497,32452.2308,4.4315,34107.1967,4.4046,33062.0657,4.3226,36228.985,3.6471,47354.7306
20141202,002418.SZ,4.3599,4.5446,4.3599,4.5446,4.3533,0.19130000000000003,4.3944,76238.72,103559.5888,4.6662,2.07,4.4147,44647.892,4.4262,35730.727,4.4472,34792.6846,4.4418,36193.9024,4.4083,35136.3963,4.3377,36331.5567,3.6653,47852.2941
20141203,002418.SZ,4.5512,4.6073,4.4391,4.5479,4.5446,0.0033000000000003027,0.0726,39272.49,53637.5114,2.4037,0.88,4.4391,43730.22,4.4414,37282.596,4.4459,35653.0362,4.4527,36638.3814,4.4097,35271.9953,4.352,36219.3148,3.6837,48081.8168
20141204,002418.SZ,4.5578,4.7755,4.4918,4.7623,4.5479,0.21439999999999948,4.7143,68393.71,96519.3291,4.1861,1.56,4.511,49104.822,4.4701,41568.426,4.4657,38751.8769,4.4741,38772.0633,4.4201,36774.5043,4.3695,36934.5522,3.7038,48558.9458
20141205,002418.SZ,4.7623,4.9865,4.2874,4.6963,4.7623,-0.06599999999999984,-1.3859,76820.62,111686.8603,4.7018,1.56,4.5809,58482.168,4.4902,46861.509,4.4822,41676.4685,4.4925,41272.2643,4.4348,37969.8797,4.3824,37238.9333,3.7234,49073.5192
20141208,002418.SZ,4.5446,4.6897,4.505,4.5809,4.6963,-0.11540000000000017,-2.4573,45792.48,63906.394,2.8027,0.78,4.6264,61303.604,4.4998,49066.471,4.4964,43371.7515,4.4999,41000.7362,4.447,37688.05,4.393,37501.0727,3.7419,49300.1507
20141209,002418.SZ,4.5017,4.6271,4.1225,4.1225,4.5809,-0.45840000000000014,-10.0068,90000.66,119721.0411,5.5085,1.47,4.542,64055.992,4.4783,54351.942,4.4693,48330.6169,4.479,42207.8119,4.4431,39694.84,4.3943,38380.7465,3.7561,49779.2816
20141210,002418.SZ,4.2907,4.3138,4.1258,4.3138,4.1225,0.19130000000000003,4.6404,34144.32,43773.0398,2.0898,0.53,4.4952,63030.358,4.4671,53380.289,4.4553,49119.4269,4.473,41714.7876,4.4436,39929.2457,4.3979,38377.7323,3.772,49924.2366
20141211,002418.SZ,4.2973,4.3863,4.2214,4.3138,4.3138,0.0,0.0,20249.62,26454.5011,1.2394,0.32,4.4055,53401.54,4.4582,51253.181,4.4421,48850.7162,4.4633,41561.5057,4.4426,39521.0283,4.4039,37849.8088,3.7877,49886.2169
20141212,002418.SZ,4.3237,4.6172,4.3237,4.5512,4.3138,0.23740000000000006,5.5033,68306.15,93394.9499,4.1807,1.28,4.3764,51698.646,4.4787,55090.407,4.4586,51247.6546,4.462,42632.6167,4.4499,41182.33,4.4126,38632.215,3.8056,50321.9648
20141215,002418.SZ,4.5512,4.6007,4.449,4.5677,4.5512,0.016500000000000625,0.3625,27724.62,38080.3265,1.6969,0.54,4.3738,48085.074,4.5001,54694.339,4.4695,50006.4062,4.4622,42615.3167,4.4578,41025.8873,4.4202,38676.3318,3.8234,50297.9856
20141216,002418.SZ,4.5512,4.7227,4.5116,4.7194,4.5677,0.15169999999999995,3.3211,42398.22,59541.2119,2.595,0.88,4.4932,38564.586,4.5176,51310.289,4.4939,50073.9077,4.4724,43295.7662,4.4712,41441.2137,4.4329,38702.5878,3.8424,50518.5977
20141217,002418.SZ,4.7326,4.8118,4.6007,4.7062,4.7194,-0.013200000000000323,-0.2797,57185.37,81712.8719,3.5001,1.48,4.5717,43172.796,4.5334,53101.577,4.5215,52170.1754,4.4831,44171.2157,4.4843,42561.1797,4.446,38992.3977,3.8614,50879.2548
20141218,002418.SZ,4.7062,4.815,4.6007,4.6831,4.7062,-0.023100000000000342,-0.4908,50593.76,71518.8496,3.0966,1.17,4.6455,49241.624,4.5255,51321.582,4.5469,53624.6723,4.4967,45449.309,4.4967,43437.0917,4.4585,39573.602,3.8803,51187.8301
20141219,002418.SZ,4.6172,5.0129,4.538,4.9898,4.6831,0.3067000000000002,6.5491,93723.36,136932.0489,5.7364,1.9,4.7332,54325.066,4.5548,53011.856,4.5811,54969.6446,4.5212,48696.3543,4.5155,44844.718,4.4696,39780.191,3.9011,51384.5836
20141222,002418.SZ,4.9865,5.1943,4.571,4.5743,4.9898,-0.41549999999999976,-8.327,75358.81,110101.0934,4.6124,1.39,4.7346,63851.904,4.5542,55968.489,4.5832,57745.5154,4.525,51147.26,4.5159,45201.6093,4.4734,40113.2475,3.9187,51763.7534
20141223,002418.SZ,4.5743,4.6172,4.4193,4.449,4.5743,-0.1253000000000002,-2.7392,29945.08,40907.6243,1.8328,0.47,4.6805,61361.276,4.5868,49962.931,4.5591,54787.9285,4.5233,51442.6038,4.5163,44716.5177,4.4747,39685.5732,3.9348,51558.8697
20141224,002418.SZ,4.4853,4.5314,4.3204,4.4688,4.449,0.01980000000000004,0.445,25847.04,34855.6979,1.582,0.42,4.633,55093.61,4.6023,49133.203,4.5416,50866.8838,4.5295,50904.5605,4.5146,44795.801,4.4765,39524.0262,3.951,51548.3889
20141225,002418.SZ,4.5116,4.7689,4.4688,4.7161,4.4688,0.24730000000000008,5.5339,31594.58,44653.0549,1.9338,0.57,4.6396,51293.774,4.6426,50267.699,4.552,49774.7377,4.5434,50320.4524,4.5192,44321.8597,4.4799,39002.3468,3.9695,51584.9248
20141226,002418.SZ,4.7029,4.759,4.5545,4.637,4.7161,-0.07910000000000039,-1.6772,35681.02,50157.0966,2.1839,0.7,4.569,39685.306,4.6511,47005.186,4.5916,45596.3038,4.5545,50042.3724,4.5216,44574.963,4.4806,39077.2532,3.9862,50227.7539
20141229,002418.SZ,4.6106,4.6106,4.2874,4.4556,4.637,-0.1814,-3.912,26861.94,36424.6573,1.6441,0.68,4.5453,29985.932,4.6399,46918.918,4.6025,45036.1208,4.5597,49896.089,4.52,44533.4017,4.4785,39045.846,3.9996,48989.3386
20141230,002418.SZ,4.4193,4.5479,4.4028,4.5083,4.4556,0.052700000000000635,1.1828,11406.48,15415.4799,0.6981,0.38,4.5572,26278.212,4.6188,43819.744,4.6174,44355.8792,4.5671,48930.431,4.5209,43620.2533,4.4767,38794.036,4.0133,47977.8361
20141231,002418.SZ,4.5512,4.5512,4.4226,4.5512,4.5083,0.042899999999999494,0.9516,11301.8,15473.087,0.6917,0.43,4.5736,23369.164,4.6033,39231.387,4.6174,39970.9292,4.5674,45838.1967,4.526,43205.1867,4.4763,38500.1793,4.0265,46846.0333
20150105,002418.SZ,4.5512,4.6007,4.3533,4.4589,4.5512,-0.09229999999999983,-2.028,18141.44,24458.6619,1.1104,0.78,4.5222,20678.536,4.5809,35986.155,4.6091,39233.7615,4.5632,44831.9562,4.5255,42958.721,4.4734,38037.6767,4.0393,46162.1543
20150106,002418.SZ,4.4589,4.5413,4.3896,4.4589,4.4589,0.0,0.0,14984.81,20282.8895,0.9172,0.72,4.4866,16539.294,4.5278,28112.3,4.589,37125.0377,4.5487,42288.6752,4.5243,42661.8883,4.4721,37835.7422,4.0522,45710.3388
20150107,002418.SZ,4.4556,4.4556,4.3533,4.3533,4.4589,-0.10559999999999992,-2.3683,14398.73,19225.0848,0.8813,0.87,4.4661,14046.652,4.5057,22016.292,4.5619,33833.7577,4.5324,39316.2043,4.5199,42350.4173,4.4711,37159.7887,4.0644,44339.8578
20150108,002418.SZ,4.4259,4.4424,4.3302,4.4292,4.3533,0.07589999999999986,1.7435,19061.57,25355.8757,1.1667,1.36,4.4503,15577.67,4.5037,20927.941,4.5423,31408.2046,4.5251,38043.3038,4.523,41747.6047,4.4708,36912.6175,4.0767,43683.6598
20150109,002418.SZ,4.4523,4.604,4.4028,4.5809,4.4292,0.15169999999999995,3.425,29033.55,40043.9258,1.777,1.86,4.4562,19124.02,4.5149,21246.592,4.5109,26432.0654,4.547,35140.1081,4.5281,41253.3613,4.4716,36819.0768,4.09,43318.245
20150112,002418.SZ,4.6732,4.6765,4.4523,4.5446,4.5809,-0.03629999999999978,-0.7924,14150.44,19552.9659,0.8661,0.74,4.4734,18325.82,4.4978,19502.178,4.5086,21723.7292,4.558,34188.0186,4.5329,40341.0193,4.472,36649.8203,4.1032,43043.6743
20150113,002418.SZ,4.6337,4.6337,4.3896,4.5446,4.5446,0.0,0.0,17218.2,23668.3902,1.0538,0.94,4.4905,18772.498,4.4886,17655.896,4.516,20744.7385,4.569,34043.6652,4.5395,39917.163,4.4737,36301.5437,4.1161,42935.009
20150114,002418.SZ,4.4787,4.6007,4.4655,4.5479,4.5446,0.0033000000000003027,0.0726,31769.4,43697.7996,1.9445,1.69,4.5294,22246.632,4.4978,18146.642,4.522,21200.3046,4.5688,32303.82,4.5459,39919.9663,4.4752,36491.016,4.1281,42469.9534
20150115,002418.SZ,4.5512,4.6831,4.5479,4.5677,4.5479,0.01980000000000004,0.4354,23248.49,32481.0379,1.4229,1.05,4.5571,23084.016,4.5037,19330.843,4.5106,20558.2977,4.5688,32090.671,4.5467,38153.6253,4.4775,36645.0108,4.1406,42015.3945
20150116,002418.SZ,4.5611,4.6205,4.5248,4.6007,4.5677,0.032999999999999474,0.7225,17937.24,24923.8235,1.0979,0.78,4.5611,20864.754,4.5087,19994.387,4.5078,19193.3915,4.5631,30925.8624,4.5485,37442.4503,4.4791,36357.2228,4.1529,41526.8112
20150119,002418.SZ,4.5776,4.7623,4.4754,4.5149,4.6007,-0.08579999999999988,-1.8649,37282.67,52271.302,2.2819,1.79,4.5552,25491.2,4.5143,21908.51,4.5124,19994.9862,4.554,29978.1148,4.5402,36405.4157,4.4801,36589.96,4.165,41348.3204
20150120,002418.SZ,4.5182,4.6666,4.4787,4.6436,4.5149,0.12870000000000026,2.8506,34738.4,48357.5826,2.1262,1.36,4.575,28995.24,4.5327,23883.869,4.5228,21789.7492,4.5522,29223.0976,4.5385,35002.675,4.4866,36486.2773,4.179,40912.9911
20150121,002418.SZ,4.6469,5.1053,4.6469,4.9239,4.6436,0.28029999999999955,6.0363,74389.93,111655.0588,4.5531,2.57,4.6502,37519.346,4.5898,29882.989,4.5515,26642.6823,4.549,28302.4581,4.5499,35955.9233,4.4984,36821.9867,4.1953,41162.4583
20150122,002418.SZ,4.9964,5.4153,4.9898,5.4153,4.9239,0.4914000000000005,9.9799,106082.26,171932.1875,6.4928,2.83,4.8197,54086.1,4.6884,38585.058,4.625,33407.3608,4.5891,29765.4795,4.593,36491.9767,4.5181,38093.4083,4.2156,41636.0764
20150123,002418.SZ,5.6395,5.9561,5.2834,5.4087,5.4153,-0.006600000000000605,-0.1219,162248.83,274975.9141,9.9305,3.0,4.9813,82948.418,4.7712,51906.586,4.6981,44735.3623,4.6348,36065.6581,4.6295,40762.127,4.5365,40345.6863,4.2352,42622.5257
20150126,002418.SZ,5.3823,5.9496,5.2108,5.9496,5.4087,0.5409000000000006,10.0006,151876.68,263712.241,9.2957,1.83,5.2682,105867.22,4.9117,65679.21,4.8209,55310.5892,4.7053,42067.0695,4.684,45149.6957,4.5633,42335.362,4.2567,42625.6814
20150127,002418.SZ,5.9034,6.2035,5.8044,5.9891,5.9496,0.039499999999999424,0.6639,116649.31,213258.1142,7.1396,1.1,5.5373,122249.402,5.0561,75622.321,4.9409,62817.3385,4.7659,46117.2948,4.7319,46761.1343,4.5909,43971.7322,4.2778,42935.2348
20150128,002418.SZ,5.999,6.0254,5.8077,5.8869,5.9891,-0.10219999999999985,-1.7064,47149.65,84623.2539,2.8858,0.39,5.7299,116801.346,5.19,77160.346,5.0413,64210.8846,4.8254,46663.42,4.7759,47408.6353,4.6168,44217.2613,4.2985,42762.8418
20150129,002418.SZ,5.8539,5.9364,5.6395,5.9133,5.8869,0.026399999999999757,0.4485,30784.18,54159.1067,1.8842,0.26,5.8295,101741.73,5.3246,77913.915,5.1466,65490.4031,4.8948,46850.1933,4.8157,47021.5007,4.6434,44231.3572,4.3196,42479.8556
20150130,002418.SZ,5.91,6.0089,5.7715,5.7748,5.9133,-0.13849999999999962,-2.3422,20007.59,35532.03,1.2246,0.2,5.9027,73293.482,5.442,78120.95,5.2413,65704.9715,4.9551,47259.77,4.8513,45782.2413,4.6678,44171.7105,4.3404,41657.9687
20150202,002418.SZ,5.7253,5.9364,5.6593,5.8176,5.7748,0.04279999999999973,0.7412,36363.79,63980.7286,2.2257,0.5,5.8763,50190.904,5.5723,78029.062,5.3389,66058.3862,5.0154,48453.1981,4.8892,45307.909,4.6929,44372.5003,4.3611,41188.3522
20150203,002418.SZ,5.8176,6.1178,5.8176,6.1013,5.8176,0.2837000000000005,4.8766,50243.54,91148.8773,3.0752,1.0,5.8988,36909.75,5.7181,79579.576,5.4569,68134.9285,5.0937,49981.8695,4.9262,43858.5817,4.7208,44351.6498,4.3848,41242.045
20150204,002418.SZ,6.1013,6.2299,5.8902,5.9133,6.1013,-0.1880000000000006,-3.0813,25270.4,45829.5884,1.5467,0.68,5.9041,32533.9,5.817,74667.623,5.5579,68699.0177,5.1629,50471.6595,4.9708,42188.968,4.7434,43695.2887,4.4063,41101.2219
20150205,002418.SZ,5.9364,5.9364,5.6593,5.7451,5.9133,-0.16819999999999968,-2.8444,36576.97,64208.4293,2.2387,1.12,5.8704,33692.458,5.85,67717.094,5.6525,68644.7331,5.2292,51527.7662,5.014,42410.031,4.7651,43563.2743,4.4266,41036.424
20150206,002418.SZ,5.8011,5.9364,5.7286,5.8704,5.7451,0.1253000000000002,2.181,22784.7,40419.1514,1.3945,0.68,5.8895,34247.88,5.8961,53770.681,5.7469,67725.2177,5.2978,51705.0581,5.0608,42307.953,4.7877,43551.877,4.4477,40723.2459
20150209,002418.SZ,5.8671,5.8968,5.3196,5.7781,5.8704,-0.09229999999999983,-1.5723,48295.04,82484.4219,2.9559,1.41,5.8816,36634.13,5.879,43412.517,5.8126,65717.9185,5.3548,52622.2719,5.0962,42864.635,4.8077,43593.2473,4.4678,40792.305
20150210,002418.SZ,5.7055,5.8506,5.6198,5.6626,5.7781,-0.11549999999999994,-1.9989,20446.0,35530.2181,1.2514,0.56,5.7939,30674.622,5.8463,33792.186,5.8316,59130.5138,5.4081,52922.0605,5.1303,42356.801,4.826,43465.882,4.487,40615.0145
20150211,002418.SZ,5.6626,5.755,5.6132,5.7055,5.6626,0.042899999999999494,0.7576,16376.16,28277.1221,1.0023,0.53,5.7523,28895.774,5.8282,30714.837,5.8544,47909.5392,5.4633,52881.9633,5.172,42007.275,4.846,43270.3383,4.5064,40385.1661
20150212,002418.SZ,5.6956,5.8176,5.6395,5.6659,5.7055,-0.03960000000000008,-0.6941,13408.21,23175.5393,0.8207,0.46,5.7365,24262.022,5.8035,28977.24,5.8326,37258.1185,5.5166,52007.621,5.2106,42073.9993,4.8657,42847.1263,4.5245,39971.9461
20150213,002418.SZ,5.6725,5.8572,5.6593,5.722,5.6659,0.056100000000000705,0.9901,26454.36,46319.0686,1.6191,1.09,5.7068,24995.954,5.7982,29621.917,5.8121,30320.0454,5.5716,52160.2814,5.2496,42579.0847,4.8878,42892.1357,4.5431,39765.2728
20150216,002418.SZ,5.7418,6.2958,5.6725,6.2431,5.722,0.5210999999999997,9.107,50935.77,91720.6634,3.1175,2.04,5.7998,25524.1,5.8407,31079.115,5.8395,30611.2854,5.6498,53731.64,5.3091,43672.229,4.9173,43315.475,4.5656,39916.2473
20150217,002418.SZ,6.6256,6.6256,5.9364,6.1342,6.2431,-0.10890000000000022,-1.7443,41740.96,78585.7809,2.5548,1.64,5.8941,29783.092,5.844,30228.857,5.8565,31454.1146,5.7269,53943.9395,5.3649,44564.1007,4.9446,43612.9945,4.5876,39967.0096
20150225,002418.SZ,6.22,6.22,6.0518,6.0782,6.1342,-0.05600000000000005,-0.9129,12396.6,23018.5776,0.7587,0.42,5.9687,28987.18,5.8605,28941.477,5.8798,30868.6538,5.7952,52880.0443,5.4224,44497.363,4.9712,43423.8902,4.6093,39606.7371
20150226,002418.SZ,6.0782,6.1903,6.0353,6.0815,6.0782,0.0033000000000003027,0.0543,23198.56,42980.2959,1.4199,0.8,6.0518,30945.25,5.8942,27603.636,5.9001,29855.9438,5.8503,50442.36,5.4775,44635.2627,5.0002,43191.4337,4.6309,39359.5859
20150227,002418.SZ,6.0848,6.154,6.032,6.0584,6.0815,-0.023100000000000342,-0.3798,39126.58,72193.1326,2.3948,1.26,6.1191,33479.694,5.913,29237.824,5.8968,29000.7931,5.8809,47253.9943,5.5268,44971.697,5.0274,43112.5292,4.653,39327.2523
20150302,002418.SZ,6.065,6.3453,6.0485,6.2167,6.0584,0.15830000000000055,2.6129,72913.37,137228.9476,4.4627,2.18,6.1138,37875.214,5.9568,31699.657,5.9201,32665.6369,5.9194,42999.9248,5.5825,46930.4613,5.0577,43635.7403,4.6757,39720.6814
20150303,002418.SZ,6.2233,6.2991,6.1342,6.2728,6.2167,0.05609999999999982,0.9024,28589.57,54020.4866,1.7498,0.75,6.1415,35244.936,6.0178,32514.014,5.9607,32051.2215,5.9348,37129.11,5.6401,47309.507,5.0898,43613.335,4.6988,39779.6441
20150304,002418.SZ,6.2826,6.4179,6.2002,6.3717,6.2728,0.09889999999999954,1.5766,26964.34,51530.3272,1.6504,0.77,6.2002,38158.484,6.0845,33572.832,5.9993,32372.7323,5.953,32858.3971,5.7009,47149.3383,5.1234,43534.6523,4.723,39881.8187
20150305,002418.SZ,6.3783,6.5069,6.3255,6.4344,6.3717,0.06270000000000042,0.984,48093.59,93681.5016,2.9436,1.26,6.2708,43137.49,6.1613,37041.37,6.0498,32357.2362,5.9791,32903.3467,5.7631,47977.5083,5.1549,43065.5668,4.7463,39698.5618
20150306,002418.SZ,6.4311,6.4739,6.1243,6.1375,6.4344,-0.29689999999999994,-4.6143,42389.65,80736.9305,2.5945,0.98,6.2866,43790.104,6.2029,38634.899,6.0863,34045.2092,5.9898,33455.9881,5.8143,48792.5887,5.1814,43117.5195,4.7667,39668.4172
20150309,002418.SZ,5.9858,6.121,5.9364,6.0584,6.1375,-0.07910000000000039,-1.2888,32949.14,60032.2926,2.0167,0.75,6.255,35797.258,6.1844,36836.236,6.1134,35320.0538,6.0033,34072.2524,5.8658,48648.1377,5.203,42526.7767,4.7863,39730.6644
20150310,002418.SZ,6.0617,6.2266,6.0023,6.1507,6.0584,0.09229999999999983,1.5235,22659.85,42221.4336,1.3869,0.63,6.2305,34611.314,6.186,34928.125,6.1507,36031.7185,6.0191,33419.6838,5.916,48245.5193,5.2272,41624.0972,4.8048,39431.5153
20150311,002418.SZ,6.1573,6.596,6.1573,6.5102,6.1507,0.3595000000000006,5.8449,56716.47,110749.4335,3.4714,1.64,6.2582,40561.74,6.2292,39360.112,6.2114,38359.5731,6.0386,33727.9186,5.9689,47656.404,5.2594,41806.1637,4.8262,39653.6182
20150312,002418.SZ,6.5795,6.9192,6.4443,6.5762,6.5102,0.06599999999999984,1.0138,47610.17,96576.4722,2.914,1.17,6.2866,40465.056,6.2787,41801.273,6.237,38103.7577,6.0702,34791.7171,6.0076,45707.3343,5.3003,41099.6555,4.8473,39740.201
20150313,002418.SZ,6.619,6.8169,6.53,6.7938,6.5762,0.21760000000000002,3.3089,44717.44,89984.717,2.7369,1.11,6.4179,40930.614,6.3522,42360.359,6.2877,38332.7177,6.1201,35179.3586,6.0538,41789.6213,5.3416,41275.8742,4.8698,39826.8033
20150316,002418.SZ,6.7609,7.0544,6.6718,6.8598,6.7938,0.06599999999999984,0.9715,62752.54,130128.3215,3.8408,1.53,6.5781,46891.294,6.4166,41344.276,6.3479,42206.2515,6.1672,37082.589,6.0841,38818.8167,5.3841,41984.2562,4.894,39917.0325
20150317,002418.SZ,6.8565,6.8565,6.619,6.7477,6.8598,-0.11209999999999987,-1.6342,49694.24,100718.8092,3.0416,1.06,6.6975,52298.172,6.464,43454.743,6.3991,44244.3808,6.2134,37149.2176,6.1094,36586.981,5.4207,41674.0577,4.9166,40153.1363
20150318,002418.SZ,6.6949,6.7905,6.563,6.6784,6.7477,-0.06930000000000014,-1.027,51636.7,103872.1586,3.1604,0.99,6.7312,51282.218,6.4947,45921.979,6.4468,45206.6977,6.2618,38634.489,6.1358,36736.5493,5.4559,42072.5923,4.938,40374.4621
20150319,002418.SZ,6.6784,6.9258,6.6784,6.7411,6.6784,0.06270000000000042,0.9388,54892.99,112941.8885,3.3597,1.07,6.7642,52738.782,6.5254,46601.919,6.4871,43820.5146,6.3111,40468.6238,6.1634,37540.1763,5.4895,42280.8385,4.9612,40491.7132
20150320,002418.SZ,6.7444,6.8763,6.7114,6.7708,6.7411,0.02970000000000006,0.4406,35792.05,73829.1496,2.1907,0.68,6.7596,50953.704,6.5887,45942.159,6.5254,44374.5515,6.3637,41534.521,6.1966,38066.325,5.524,41924.2832,4.985,40458.3404
20150323,002418.SZ,6.8598,7.0907,6.8598,6.9653,6.7708,0.19449999999999967,2.8726,53874.17,114106.4378,3.2974,1.06,6.7807,49178.03,6.6794,48034.662,6.5711,46444.5385,6.4229,42840.2262,6.2348,38650.0043,5.562,41978.9567,5.0102,40776.2793
20150324,002418.SZ,6.9587,7.2424,6.6289,7.2061,6.9653,0.24080000000000013,3.4571,65869.1,139668.9189,4.0315,1.34,6.8723,52413.002,6.7849,52355.587,6.6305,47811.8854,6.4688,43551.3371,6.2717,39170.8563,5.5989,41514.719,5.0343,40647.455
20150325,002418.SZ,7.2951,7.9283,7.2951,7.7733,7.2061,0.5671999999999997,7.8711,119612.03,279445.7417,7.3209,2.28,7.0913,66008.068,6.9113,58645.143,6.7563,53752.0685,6.5468,47259.4833,6.3337,42315.5773,5.6522,42252.2727,5.0628,41182.7601
20150326,002418.SZ,7.7074,8.1064,7.648,7.902,7.7733,0.12870000000000026,1.6557,80361.33,192668.9897,4.9185,1.22,7.3235,71101.736,7.0438,61920.259,6.8981,57399.16,6.6337,50495.899,6.4056,43775.056,5.7098,43092.5435,5.0922,41389.0583
20150327,002418.SZ,7.8657,8.5352,7.7008,8.3703,7.902,0.46830000000000016,5.9263,95044.03,234089.5368,5.8172,1.34,7.6434,82952.132,7.2015,66952.918,7.0688,62967.1738,6.7426,53917.1119,6.4889,46183.7003,5.7748,44245.8267,5.1256,41884.9264
20150330,002418.SZ,8.4362,8.733,8.2713,8.4989,8.3703,0.1286000000000005,1.5364,61169.3,156581.1221,3.7439,0.74,7.9501,84411.158,7.3654,66794.594,7.2218,63309.6992,6.8589,54966.7652,6.5796,46612.8423,5.8379,44738.7387,5.1589,41870.5428
20150331,002418.SZ,8.4989,8.6737,8.3109,8.6737,8.4989,0.1747999999999994,2.0567,55211.86,141687.4982,3.3793,0.65,8.2436,82279.71,7.558,67346.356,7.3832,63894.4446,6.9759,54123.8362,6.68,47771.7043,5.9051,45064.2527,5.1929,42070.7529
20150401,002418.SZ,8.6077,9.5411,8.5352,9.3069,8.6737,0.6332000000000004,7.3002,45643.23,124157.7433,2.7936,0.55,8.5504,67485.95,7.8208,66747.009,7.5765,63965.6592,7.1203,54935.9152,6.8,48747.2733,5.986,45377.2742,5.2322,42211.5601
20150402,002418.SZ,9.3069,9.7092,9.2409,9.6301,9.3069,0.32319999999999993,3.4727,58569.67,169737.5582,3.5848,0.87,8.896,63127.618,8.1097,67114.677,7.7896,63643.9,7.2755,56440.931,6.9321,50252.6553,6.0714,46163.3273,5.274,42478.6817
20150403,002418.SZ,9.5674,9.8082,9.3893,9.7389,9.6301,0.10879999999999868,1.1298,60025.25,174185.6201,3.6739,0.95,9.1697,56123.862,8.4066,69537.997,8.0197,64438.5931,7.4329,57009.1052,7.066,51371.685,6.1578,46975.3848,5.3171,42737.7821
20150407,002418.SZ,9.6796,9.8247,9.5147,9.5806,9.7389,-0.15829999999999878,-1.6254,47445.51,138283.7448,2.9039,0.85,9.386,53379.104,8.6681,68895.131,8.2429,64116.1938,7.5968,57249.8605,7.1773,51255.343,6.2432,47463.786,5.3583,42750.7313
20150408,002418.SZ,9.5806,9.6301,9.1024,9.3003,9.5806,-0.28030000000000044,-2.9257,55225.98,156642.7446,3.3801,1.03,9.5114,53381.928,8.8775,67830.819,8.4398,64141.8085,7.7512,58310.6624,7.2828,51704.8437,6.3239,48134.4722,5.398,42985.1072
20150409,002418.SZ,9.2343,9.3333,8.4428,9.0628,9.3003,-0.2375000000000007,-2.5537,58220.74,158801.1184,3.5634,1.09,9.4625,55897.43,9.0065,61691.69,8.6161,65867.0923,7.8899,60004.0381,7.3823,53232.315,6.4024,48864.839,5.4367,43012.3138
20150410,002418.SZ,9.0365,9.8214,8.9045,9.6631,9.0628,0.6003000000000007,6.6238,45133.32,130517.9325,2.7624,0.81,9.4691,53210.16,9.1826,58168.889,8.8236,65194.7192,8.04,59452.4595,7.5017,53963.4737,6.4896,49299.3682,5.4802,43105.9928
20150413,002418.SZ,9.6631,9.828,9.4982,9.6961,9.6631,0.032999999999999474,0.3415,51551.42,151081.7996,3.1552,0.97,9.4606,51515.394,9.3151,53819.628,9.0152,64093.3592,8.1886,59640.1381,7.623,54377.635,6.5749,49674.666,5.5232,43246.8714
20150414,002418.SZ,9.6961,10.0786,9.5641,9.8577,9.6961,0.16159999999999997,1.6666,51971.72,154479.7289,3.1809,1.01,9.516,52420.636,9.451,52899.87,9.1755,58890.2585,8.3345,59985.58,7.7443,53679.58,6.6634,50305.0207,5.5677,43477.4205
20150424,002418.SZ,10.8438,10.8438,9.8016,10.1512,9.8577,0.29349999999999987,2.9774,148438.34,464110.4646,8.3911,2.83,9.6862,71063.108,9.5988,62222.518,9.3485,64126.9515,8.4912,64065.8562,7.8736,57674.539,6.7569,52492.023,5.6153,44396.7833
20150427,002418.SZ,9.6664,10.2171,9.5345,9.8181,10.1512,-0.33309999999999995,-3.2814,79725.77,236523.5053,4.5068,1.12,9.8372,75364.114,9.6499,65630.772,9.4599,62948.6238,8.6374,65495.929,7.9885,59433.2533,6.8447,53291.2958,5.66,44891.1559
20150428,002418.SZ,9.828,9.9104,9.2014,9.2376,9.8181,-0.5804999999999989,-5.9125,71864.35,205895.9907,4.0624,0.95,9.7521,80710.32,9.6106,66960.24,9.5167,63771.32,8.7593,66459.1505,8.0819,60225.612,6.9225,54101.5602,5.7,45373.2855
20150429,002418.SZ,9.2376,10.0588,9.053,9.7125,9.2376,0.4748999999999999,5.1409,56265.08,164621.4387,3.1806,0.7,9.7554,81653.052,9.608,66584.223,9.5966,63852.3369,8.9008,66524.4881,8.2011,60688.1263,7.0077,54740.3575,5.7434,45548.7902
20150430,002418.SZ,9.729,10.0259,9.5641,9.6367,9.7125,-0.07580000000000098,-0.7804,32006.98,94720.0145,1.8093,0.39,9.7112,77660.104,9.6136,65040.37,9.622,62803.3946,9.0372,66344.2467,8.3204,60656.721,7.0931,54652.4293,5.7866,45621.1947
20150504,002418.SZ,9.6532,9.8939,9.2442,9.7224,9.6367,0.085700000000001,0.8893,47154.42,138650.3078,2.6656,0.61,9.6255,57403.32,9.6558,64233.214,9.6291,61925.2985,9.1685,66024.2586,8.4394,61473.2067,7.1777,54859.363,5.8322,45672.8202
20150505,002418.SZ,9.7323,9.8741,9.6004,9.6268,9.7224,-0.09560000000000102,-0.9833,34202.44,101073.3188,1.9334,0.6,9.5872,48298.654,9.7122,61831.384,9.6205,59938.9285,9.2838,64516.3224,8.5433,60722.739,7.2561,54189.5715,5.8773,45505.7791
20150506,002418.SZ,9.7224,9.8544,9.0694,9.2805,9.6268,-0.3462999999999994,-3.5972,29912.73,87219.6415,1.6909,0.62,9.5958,39908.33,9.674,60309.325,9.5974,58590.2531,9.3556,60244.9271,8.6335,60132.8243,7.3205,52920.0793,5.9193,45506.7438
20150507,002418.SZ,9.4289,9.4289,8.5747,8.7957,9.2805,-0.4847999999999999,-5.2239,36420.87,97782.9874,2.0588,0.91,9.4124,35939.488,9.5839,58796.27,9.5586,57143.7062,9.3981,58152.5243,8.7002,59856.272,7.377,50822.9467,5.9568,45584.3165
20150508,002418.SZ,8.9243,9.1684,8.3373,8.4989,8.7957,-0.2967999999999993,-3.3744,64789.68,170154.1205,3.6625,1.8,9.1849,42496.028,9.448,60078.066,9.5152,57649.0092,9.4043,56711.841,8.7548,59924.1767,7.4195,49371.4967,5.9914,45853.4293
20150511,002418.SZ,8.5154,8.7726,8.4989,8.7627,8.4989,0.2637999999999998,3.1039,75008.92,196499.141,4.2402,1.77,8.9929,48066.928,9.3092,52735.124,9.4459,59947.1323,9.4168,57370.8705,8.822,60767.9993,7.4657,48677.4902,6.0283,46324.6112
20150512,002418.SZ,8.7693,9.64,8.7693,9.64,8.7627,0.8773,10.0118,84874.91,243507.6072,4.7979,1.77,8.9956,58201.422,9.2914,53250.038,9.4416,62510.4777,9.4628,58783.3967,8.9207,61875.9397,7.5282,49306.2445,6.0725,46761.7529
20150513,002418.SZ,10.0094,10.603,9.729,10.0522,9.64,0.41219999999999857,4.2759,124370.25,387233.3078,7.0305,2.14,9.1499,77092.926,9.3728,58500.628,9.4566,68079.5954,9.4983,62532.3024,9.0311,64191.8483,7.5972,50866.0123,6.1203,47548.6848
20150514,002418.SZ,10.1248,10.5535,9.8939,10.0852,10.0522,0.03300000000000125,0.3283,89493.83,278093.0466,5.059,1.16,9.4078,87707.518,9.4101,61823.503,9.4515,63545.4023,9.52,64004.8814,9.1416,65981.9077,7.6691,52024.1163,6.1684,48097.9134
20150515,002418.SZ,10.1941,10.5008,9.706,9.795,10.0852,-0.29020000000000046,-2.8775,60205.2,181756.9577,3.4033,0.69,9.667,86790.622,9.4259,64643.325,9.4497,62043.82,9.5227,64013.4505,9.2359,66192.942,7.7354,52421.4732,6.2141,48396.9868
20150518,002418.SZ,9.8972,9.9104,9.5312,9.5641,9.795,-0.2309000000000001,-2.3573,81998.76,240478.0926,4.6353,0.94,9.8273,88188.59,9.4101,68127.759,9.4748,62823.39,9.5219,65658.8433,9.3145,66730.5973,7.7931,52950.7268,6.257,48651.1883
20150519,002418.SZ,9.6466,10.5206,9.6466,10.2699,9.5641,0.7058,7.3797,105961.77,327851.831,5.9899,1.2,9.9533,92405.962,9.4744,75303.692,9.5177,66646.2123,9.5681,68074.8333,9.3977,66275.5887,7.8657,54295.583,6.3045,48995.4358
20150520,002418.SZ,10.2897,11.2791,10.0918,11.101,10.2699,0.8311000000000011,8.0926,102242.96,333579.2301,5.7797,1.11,10.163,87980.504,9.6565,82536.715,9.6303,72048.98,9.6651,70171.1295,9.5043,67004.9763,7.9549,55390.0162,6.36,49476.6453
20150521,002418.SZ,11.1076,12.1761,10.9559,11.7573,11.101,0.6562999999999999,5.9121,99852.84,352521.871,5.6446,1.13,10.4975,90052.306,9.9526,88879.912,9.7869,76102.7046,9.7648,72776.821,9.6172,67165.27,8.0531,56674.4852,6.4204,50113.1811
20150522,002418.SZ,11.8397,12.8555,11.2131,12.1695,11.7573,0.41219999999999857,3.5059,95880.13,354587.6775,5.42,1.06,10.9724,97187.292,10.3197,91988.957,9.9825,80847.1423,9.8826,74887.7119,9.7396,68322.2977,8.1596,57467.57,6.4836,50530.4087
20150525,002418.SZ,11.8727,12.5917,11.6089,12.2685,12.1695,0.0990000000000002,0.8135,77696.94,286236.5996,4.3921,0.8,11.5132,96326.928,10.6703,92257.759,10.2123,84522.8508,9.9974,76112.7224,9.8594,69071.8003,8.2697,58421.7523,6.5478,50943.8172
20150526,002418.SZ,12.2685,12.6576,12.0409,12.2718,12.2685,0.003300000000001191,0.0269,59762.22,224055.4832,3.3783,0.62,11.9136,87087.018,10.9335,89746.49,10.4797,86318.3392,10.0984,71890.05,9.9582,69542.4333,8.3791,59144.8533,6.6126,51207.5958
20150527,002418.SZ,12.7896,13.1853,12.2025,12.7203,12.2718,0.44849999999999923,3.6547,91859.94,351318.7593,5.1927,1.05,12.2375,85010.414,11.2003,86495.459,10.8044,88400.6669,10.2366,72467.8676,10.0612,70652.109,8.4967,60452.3822,6.6812,51649.7543
20150528,002418.SZ,12.717,13.1194,11.6419,11.7705,12.7203,-0.9497999999999998,-7.4668,89948.35,333978.1072,5.0847,1.06,12.2401,83029.516,11.3688,86540.911,11.0358,89549.8538,10.3572,73329.0105,10.129,71649.5457,8.5975,61510.6153,6.7427,52201.3755
20150529,002418.SZ,11.5429,12.8621,11.2791,12.3575,11.7705,0.5869999999999997,4.987,115441.32,425107.4833,6.5258,1.39,12.2777,86941.754,11.625,92064.523,11.2448,91901.1162,10.4832,76146.9267,10.2215,73916.0727,8.6994,62585.7078,6.8083,52950.5914
20150601,002418.SZ,13.027,13.027,12.4631,12.6576,12.3575,0.3001000000000005,2.4285,88258.66,339349.8392,4.9892,1.02,12.3555,89054.098,11.9344,92690.513,11.4452,89123.3015,10.627,78825.5781,10.3334,75017.162,8.8081,63361.0028,6.8764,53486.9987
20150602,002418.SZ,12.6576,12.8621,12.4664,12.8258,12.6576,0.1681999999999988,1.3288,78305.97,300268.2447,4.4266,0.88,12.4663,92762.848,12.19,89924.933,11.6561,88262.6969,10.7748,80308.9852,10.4589,75686.6697,8.9206,64459.4923,6.9459,53941.6913
20150603,002418.SZ,12.8456,12.8621,12.0607,12.529,12.8258,-0.2967999999999993,-2.3141,86337.53,327441.5766,4.8806,0.93,12.4281,91658.366,12.3328,88334.39,11.8664,90272.8762,10.913,82791.6086,10.5544,77060.1433,9.0281,65511.8085,7.0141,54351.6211
20150604,002418.SZ,12.2751,13.7823,11.5429,13.0435,12.529,0.5145,4.1065,136094.88,512562.8768,7.6933,1.48,12.6827,100887.672,12.4614,91958.594,12.134,94434.1162,11.0922,87847.9014,10.666,79878.2587,9.1445,67127.9468,7.086,55120.238
20150605,002418.SZ,13.06,13.8878,12.8126,13.7856,13.0435,0.7421000000000006,5.6894,101442.99,414064.7083,5.7345,1.01,12.9683,98088.006,12.623,92514.88,12.4045,94086.5177,11.3298,90944.1929,10.7969,81527.301,9.2706,67603.4405,7.1641,55619.5904
20150608,002418.SZ,13.8185,13.8515,13.2579,13.3238,13.7856,-0.4618000000000002,-3.3499,51085.79,208384.973,2.8878,0.52,13.1015,90653.432,12.7285,89853.765,12.5754,90151.3508,11.5596,90291.6267,10.9027,78282.216,9.3881,67978.3775,7.239,55795.8563
20150609,002418.SZ,13.1919,13.5217,12.2025,12.6642,13.3238,-0.6596000000000011,-4.9505,50384.06,196700.5148,2.8482,0.56,13.0692,85069.05,12.7678,88915.949,12.6452,86346.06,11.7453,89119.0143,10.9975,77304.159,9.493,68368.7062,7.3082,55951.6793
20150610,002418.SZ,12.7302,13.1853,12.3081,13.0996,12.6642,0.43540000000000134,3.438,90740.55,352759.6298,5.1295,1.07,13.1833,85949.654,12.8057,88804.01,12.7167,85950.7077,11.9101,89398.3305,11.1263,77933.3657,9.6041,69079.4888,7.3795,56072.5278
20150611,002418.SZ,13.1358,13.1886,12.5587,12.7302,13.0996,-0.3694000000000006,-2.8199,71349.66,278433.589,4.0333,0.83,13.1207,73000.61,12.9017,86944.141,12.7523,85462.4554,12.0376,86873.5405,11.2269,78436.185,9.714,69562.1557,7.4477,56339.8376
20150612,002418.SZ,12.7038,13.7856,12.3806,13.4558,12.7302,0.7256,5.6998,143199.96,568217.412,8.0949,1.96,13.0547,81352.004,13.0115,89720.005,12.8433,91880.7431,12.1981,89430.9752,11.3542,82142.6177,9.8373,71399.6693,7.5201,56963.223
20150615,002418.SZ,13.5217,14.8013,13.4558,13.8548,13.4558,0.39899999999999913,2.9653,120388.56,520948.4687,6.8054,1.48,13.1609,95212.558,13.1312,92932.995,12.9306,94075.2523,12.3914,92296.8495,11.4919,84583.7557,9.9657,73028.4812,7.5965,57326.2892
20150616,002418.SZ,13.8449,13.8449,12.4697,12.5587,13.8548,-1.2960999999999991,-9.3549,120470.38,471799.3846,6.8101,1.27,13.1398,109229.822,13.1045,97149.436,12.9912,96423.1008,12.534,94128.8314,11.5896,87459.3537,10.0665,74091.0463,7.6629,57948.605
20150617,002418.SZ,12.5323,13.1688,12.4664,12.8687,12.5587,0.3100000000000005,2.4684,82409.48,321733.3998,4.6585,0.75,13.0936,107563.608,13.1385,96756.631,13.0306,93882.19,12.6578,93007.2938,11.7092,89209.2453,10.1713,74671.0348,7.7358,57885.3452
20150618,002418.SZ,12.8687,13.2084,12.6972,12.7137,12.8687,-0.15500000000000114,-1.2045,49746.63,196044.2542,2.8121,0.46,13.0903,103243.002,13.1055,88121.806,13.0349,90919.7262,12.7346,90507.4686,11.8398,89653.4373,10.27,74754.8547,7.8058,58015.3644
20150619,002418.SZ,12.5257,12.6972,11.444,11.444,12.7137,-1.2696999999999985,-9.9869,52531.5,191600.0051,2.9696,0.51,12.688,85109.31,12.8714,83230.657,12.9286,88937.0746,12.7197,88254.0714,11.938,89244.8313,10.3464,74584.504,7.8652,58284.3801
20150623,002418.SZ,11.5165,11.8068,10.2996,10.8833,11.444,-0.5607000000000006,-4.8995,78022.87,250162.2893,4.4106,0.92,12.0937,76636.172,12.6273,85924.365,12.802,88297.4854,12.6584,87403.7257,12.0087,89345.2963,10.4153,75056.6478,7.918,58365.3528
20150624,002418.SZ,10.8833,11.3846,10.6228,11.0021,10.8833,0.11880000000000024,1.0916,59814.94,200514.2706,3.3813,0.78,11.7824,64505.084,12.4611,86867.453,12.645,82429.7977,12.5981,86552.2019,12.0541,88509.964,10.4874,75192.9518,7.9716,58632.7721
20150625,002418.SZ,11.0515,11.1999,10.2996,10.7118,11.0021,-0.2903000000000002,-2.6386,88461.96,290329.5698,5.0007,1.37,11.351,65715.58,12.2223,86639.594,12.4085,81431.2569,12.5238,87918.8562,12.0761,87313.021,10.5536,75752.4347,8.0216,59016.6366
20150626,002418.SZ,10.3886,11.7837,9.64,9.64,10.7118,-1.0717999999999996,-10.0058,69940.61,214688.087,3.9537,1.06,10.7362,69754.376,11.9133,86498.689,12.1251,82881.6277,12.3772,86875.0786,12.0613,86661.247,10.6014,76321.5773,8.0627,59122.9303
20150629,002418.SZ,9.9764,10.1578,8.677,9.33,9.64,-0.3100000000000005,-3.2158,167770.34,465642.2308,9.4839,2.41,10.3134,92802.144,11.5007,88955.727,11.8687,91911.3415,12.2609,90580.8876,12.0458,90246.7517,10.6408,78219.8468,8.1014,60099.4018
20150630,002418.SZ,9.4652,10.2633,8.4098,10.2633,9.33,0.9332999999999991,10.0032,180681.93,513216.4087,10.2138,1.95,10.1894,113333.956,11.1416,94985.064,11.6505,98829.9092,12.1612,93687.5833,12.0691,93536.1907,10.6918,80133.394,8.1454,60824.0565
20150701,002418.SZ,10.537,11.1406,9.8939,10.6525,10.2633,0.38920000000000066,3.7922,132426.08,434582.4484,7.4859,1.17,10.1195,127856.184,10.9509,96180.634,11.4907,103528.0954,12.0657,95790.7938,12.0818,94418.3343,10.7398,80346.9615,8.196,61299.6171
20150702,002418.SZ,10.6558,10.9922,10.0588,10.537,10.6525,-0.11549999999999905,-1.0843,126327.4,407026.972,7.1412,0.99,10.0846,135429.272,10.7178,100572.426,11.2661,102230.2062,11.9567,98077.5286,12.063,95221.149,10.7837,81113.0627,8.2467,62102.8031
20150703,002418.SZ,10.2897,10.3227,9.485,9.485,10.537,-1.0520000000000014,-9.9839,122566.63,356716.8753,6.9286,0.91,10.0536,145954.476,10.3949,107854.426,10.93,102397.75,11.8118,99802.7238,11.9873,95978.2753,10.8023,81571.7727,8.2885,62908.7997
20151208,002418.SZ,10.4348,10.4348,10.4348,10.4348,9.485,0.9497999999999998,10.0137,48833.69,154509.7952,2.6463,0.33,10.2745,122167.146,10.294,107484.645,10.7666,96887.2354,11.6876,95647.429,11.9294,94410.0607,10.8345,81366.1792,8.3362,63052.4589
20151209,002418.SZ,11.477,11.477,11.0185,11.477,10.4348,1.0422000000000011,9.9877,497953.59,1714741.6972,26.9841,4.08,10.5173,185621.478,10.3534,149477.717,10.6596,128852.1669,11.5776,114528.8862,11.9031,108418.6157,10.8812,88745.208,8.3932,66904.7303
20151210,002418.SZ,11.3286,11.8002,11.1472,11.2956,11.477,-0.1814,-1.5806,335209.98,1164099.9518,18.165,1.81,10.6459,226178.258,10.3827,177017.221,10.5505,150810.8862,11.4811,128058.6095,11.8705,117600.2077,10.9144,93571.3205,8.4502,69474.2973
20151211,002418.SZ,11.1241,11.9882,11.0515,11.5001,11.2956,0.20449999999999946,1.8104,220485.12,776544.9486,11.9481,0.97,10.8385,245009.802,10.4615,190219.537,10.5548,163730.3954,11.4256,136158.66,11.8299,121887.7137,10.9455,96269.9113,8.5085,71216.6193
20151214,002418.SZ,11.2791,11.6386,10.8174,11.1406,11.5001,-0.3595000000000006,-3.1261,185948.04,628170.016,10.0765,0.76,11.1696,257686.084,10.6116,201820.28,10.5746,172032.3315,11.3323,140692.35,11.8089,125087.7033,10.9689,98368.6245,8.5634,72672.0047
20151215,002418.SZ,11.2131,11.4605,11.0944,11.1604,11.1406,0.01980000000000004,0.1777,114850.22,391460.1099,6.2237,0.45,11.3147,270889.39,10.7946,196528.268,10.5868,176265.8146,11.2576,142763.8052,11.769,125068.0,10.9952,99492.0363,8.6192,73477.9112
20151216,002418.SZ,11.3516,12.2751,11.2164,12.2751,11.1604,1.114700000000001,9.988,285373.39,1037641.4942,15.4644,1.05,11.4744,228373.35,10.9958,206997.414,10.707,191412.8477,11.2014,149533.9686,11.7562,131638.491,11.0448,103327.8265,8.6844,75731.1493
20151217,002418.SZ,12.4664,13.4162,12.1629,13.0897,12.2751,0.8146000000000004,6.6362,425940.98,1652578.6836,23.0817,1.87,11.8332,246519.55,11.2395,236348.904,10.9724,218797.4915,11.1649,164084.0838,11.765,143226.3247,11.1119,109456.4972,8.7572,79160.6681
20151218,002418.SZ,12.7302,13.0237,12.5851,12.6148,13.0897,-0.4748999999999999,-3.628,220048.2,849896.3238,11.9244,0.89,12.0561,246432.166,11.4473,245720.984,11.2251,222818.8654,11.1676,168825.8848,11.7679,147683.347,11.1611,112371.7452,8.8254,80835.5567
20151221,002418.SZ,12.4664,12.9116,12.4664,12.7434,12.6148,0.12859999999999872,1.0194,126190.1,486474.8154,6.8382,0.51,12.3767,234480.578,11.7732,246083.331,11.4158,218627.1862,11.1616,170910.6762,11.7579,147353.1877,11.2119,113615.7232,8.8934,81645.1946
20151222,002418.SZ,12.8225,13.1787,12.6708,13.0138,12.7434,0.2704000000000004,2.1219,135172.16,531191.9131,7.325,0.58,12.7474,238544.966,12.0311,254717.178,11.5975,218838.4231,11.1759,174978.5586,11.7321,148477.4933,11.2645,115002.3972,8.964,82653.7089
20151223,002418.SZ,12.9116,12.9808,12.4598,12.5422,13.0138,-0.47160000000000046,-3.6238,144191.04,551434.7408,7.8137,0.6,12.8008,210308.496,12.1376,219340.923,11.7517,220212.5492,11.2282,179343.2986,11.7061,151581.0017,11.3044,114931.6088,9.0306,83711.8159
20151224,002418.SZ,12.4202,12.5191,12.1629,12.4004,12.5422,-0.14179999999999993,-1.1306,105094.82,391668.1821,5.6951,0.5,12.6629,146139.264,12.2481,196329.407,11.976,218868.5638,11.3005,180632.439,11.6973,153404.6937,11.3474,115354.4263,9.096,84322.8611
20151225,002418.SZ,12.4004,12.6873,12.3311,12.3905,12.4004,-0.00990000000000002,-0.0798,80659.77,305188.9838,4.3709,0.55,12.6181,118261.578,12.3371,182346.872,12.1264,221316.7238,11.3666,181625.05,11.6736,153068.6677,11.4,115501.0167,9.1612,84801.2884
20151228,002418.SZ,12.3081,12.4631,11.7342,11.7606,12.3905,-0.6298999999999992,-5.0837,123684.25,453520.7998,6.7024,1.05,12.4215,117760.408,12.3991,176120.493,12.1482,192526.7746,11.4165,183302.3019,11.6413,154813.154,11.4341,116624.6695,9.2209,85682.5135
20151229,002418.SZ,11.7606,11.8595,11.477,11.8266,11.7606,0.06599999999999895,0.5612,86915.83,307875.9737,4.71,0.74,12.1841,108109.142,12.4657,173327.054,12.1891,173427.2246,11.5206,184110.6457,11.587,152937.0163,11.4706,117539.817,9.2818,86096.1232
20151230,002418.SZ,11.8562,12.0211,11.6781,11.975,11.8266,0.14840000000000053,1.2548,64428.0,231419.9752,3.4913,0.6,12.0706,92156.534,12.4357,151232.515,12.2256,161422.8308,11.6466,179189.5819,11.5244,151071.6643,11.5081,117827.71,9.3429,86343.5365
20151231,002418.SZ,11.942,11.942,11.5429,11.5462,11.975,-0.42879999999999896,-3.5808,52225.88,185993.9611,2.8301,0.57,11.8998,81582.746,12.2813,113861.005,12.2568,151136.5108,11.7077,173072.6271,11.4906,148796.8477,11.5401,118128.1007,9.3981,86158.8361
20160104,002418.SZ,11.7078,11.7705,10.3919,10.3952,11.5462,-1.1509999999999998,-9.9686,77969.92,266853.1725,4.2252,0.96,11.5007,81044.776,12.0594,99653.177,12.198,148299.5646,11.6954,170479.4767,11.4082,148648.8623,11.5587,118929.0538,9.4396,85924.5666
20160105,002418.SZ,9.6367,11.0284,9.6334,10.603,10.3952,0.20779999999999887,1.999,130092.36,411584.2193,7.0497,1.61,11.2692,82326.398,11.8453,100043.403,12.0693,136354.87,11.6986,170658.7605,11.3378,151327.0533,11.5888,120490.2453,9.4829,85656.596
20160106,002418.SZ,10.636,11.5858,10.4216,11.4275,10.603,0.8245000000000005,7.7761,116897.57,387012.6013,6.3347,1.42,11.1894,88322.746,11.6867,98215.944,11.9415,112582.3,11.7911,170388.8052,11.3372,153472.589,11.6376,121358.7102,9.5286,85365.1034
20160107,002418.SZ,10.9823,11.2065,10.2864,10.2864,11.4275,-1.1410999999999998,-9.9856,26623.4,86536.1454,1.4427,0.3,10.8517,80761.826,11.4611,86459.18,11.7624,97703.4692,11.784,169331.1724,11.3174,151759.2733,11.663,120552.2848,9.5644,84614.8875
20160108,002418.SZ,10.6162,10.9823,9.729,10.7448,10.2864,0.45839999999999925,4.4564,109896.99,355690.4286,5.9553,1.36,10.6914,92296.048,11.2956,86939.397,11.6086,96450.1531,11.7491,150852.2867,11.3088,153428.675,11.6814,120969.3195,9.6048,85137.782
20160111,002418.SZ,10.5074,10.7382,9.6697,9.6697,10.7448,-1.075099999999999,-10.0058,107383.87,328354.4493,5.8191,1.16,10.5463,98178.838,11.0235,89611.807,11.3514,94312.5923,11.6717,140003.4243,11.274,154059.4053,11.6751,120686.2132,9.6361,85776.1128
20160112,002418.SZ,9.5641,9.828,8.9045,9.1651,9.6697,-0.5045999999999999,-5.2184,80812.85,228389.5533,4.3792,0.82,10.2587,88322.936,10.764,85324.667,11.0916,89437.3469,11.5605,133352.3638,11.2582,154421.8133,11.6597,120541.5302,9.6644,86282.8233
20160113,002418.SZ,9.208,9.3992,8.4593,8.4593,9.1651,-0.7058,-7.701,76550.74,210294.1406,4.1483,0.87,9.6651,80253.57,10.4272,84288.158,10.7885,87241.6485,11.4328,128142.9686,11.2292,151381.16,11.6375,120813.9558,9.6864,86617.7145
20160114,002418.SZ,8.08,8.766,7.6348,8.6803,8.4593,0.22100000000000009,2.6125,109178.33,274318.1293,5.9164,1.36,9.3438,96764.556,10.0978,88763.191,10.5031,89435.3838,11.3147,127872.8786,11.1764,148997.7067,11.6227,121266.9487,9.7079,87108.8378
20160115,002418.SZ,8.5747,8.6935,7.8129,7.9283,8.6803,-0.7520000000000007,-8.6633,87256.26,220379.8716,4.7284,0.9,8.7805,92236.41,9.736,92266.229,10.2083,86633.2308,11.1078,118438.7295,11.0856,147492.046,11.5837,120955.1902,9.7247,87625.3866
20160118,002418.SZ,7.9184,8.7199,7.9184,8.7199,7.9283,0.7916000000000007,9.9845,125097.89,325256.7371,6.779,1.36,8.5906,95779.214,9.5684,96979.026,9.9693,89570.3123,10.8997,104112.8681,11.025,147451.0623,11.544,121336.1057,9.7495,88363.0609
20160119,002418.SZ,8.8979,9.3959,8.7396,9.264,8.7199,0.5440999999999985,6.2398,163197.3,444414.096,8.8437,1.7,8.6104,112256.104,9.4345,100289.52,9.7607,97167.9508,10.7401,101405.6824,11.0177,148805.418,11.5025,122391.8467,9.7778,89533.1659
20160120,002418.SZ,9.1453,10.0094,9.1024,9.5312,9.264,0.26720000000000077,2.8843,186330.33,541445.93,10.0972,1.66,8.8247,134212.022,9.2449,107232.796,9.6057,107483.6777,10.5871,104269.5029,10.9876,153388.6393,11.4585,123899.35,9.809,90683.46
20160121,002418.SZ,9.2673,9.5938,8.8386,8.8452,9.5312,-0.6859999999999999,-7.1974,112534.06,317545.3649,6.0982,0.84,8.8577,134883.168,9.1008,115823.862,9.4865,110142.4577,10.3886,103191.4981,10.8998,140541.3217,11.4014,124479.9687,9.8356,91450.8605
20160122,002418.SZ,9.0398,9.6895,9.0365,9.3992,8.8452,0.5540000000000003,6.2633,138960.79,392941.1415,7.5303,1.03,9.1519,145224.074,8.9662,118730.242,9.3939,110824.6446,10.239,102942.4386,10.8366,133999.682,11.3536,125799.9448,9.8663,92472.3991
20160125,002418.SZ,9.5872,9.8807,9.4256,9.8445,9.3992,0.4452999999999996,4.7376,133104.36,390399.6901,7.2129,0.92,9.3768,146825.368,8.9837,121302.291,9.2721,112071.3208,10.1173,104276.2262,10.7814,131086.99,11.3056,126487.3518,9.9012,93469.867
20160126,002418.SZ,9.5608,9.7224,8.9375,9.0958,9.8445,-0.7486999999999995,-7.6053,125049.04,355694.5832,6.7764,0.85,9.3432,139195.716,8.9768,125725.91,9.1806,119642.5238,9.9604,106390.001,10.7133,129057.0233,11.2611,127072.3633,9.9293,94291.4893
20160127,002418.SZ,9.2343,9.3992,8.1856,8.4296,9.0958,-0.6661999999999999,-7.3243,182371.94,476758.277,9.8827,1.31,9.1229,138404.038,8.9738,136308.03,9.0025,125217.52,9.8018,109184.6529,10.6222,131307.7473,11.1956,128187.8737,9.9475,95386.7908
20160128,002418.SZ,8.146,8.3439,7.5854,7.5854,8.4296,-0.8442000000000007,-10.0147,113211.69,273147.0035,6.1349,0.82,8.8709,138539.564,8.8643,136711.366,8.8421,125665.8138,9.5998,110436.8367,10.4659,125569.024,11.1111,128603.7575,9.9596,95982.3802
20160129,002418.SZ,7.4534,8.0372,7.4205,7.8129,7.5854,0.22750000000000004,2.9992,152202.53,359049.5522,8.2478,1.1,8.5536,141187.912,8.8528,143205.993,8.7381,131157.3277,9.4016,114616.5762,10.29,116444.409,11.0275,129835.3668,9.9741,97147.4296
20160201,002418.SZ,7.8624,7.8624,7.0775,7.2885,7.8129,-0.5244,-6.712,102950.73,234567.3745,5.5789,0.73,8.0424,135157.186,8.7096,140991.277,8.6481,133188.0962,9.1988,117032.0452,10.1125,112541.16,10.9402,130112.2535,9.9841,97812.031
20160202,002418.SZ,7.3512,7.7305,7.3215,7.5952,7.2885,0.3067000000000002,4.208,86591.61,198458.0443,4.6924,0.64,7.7423,127465.7,8.5428,133330.708,8.5646,131450.6562,9.0655,117442.6019,9.9409,111221.2103,10.8494,129287.199,9.9969,98207.5729
20160203,002418.SZ,7.4205,7.8789,7.2556,7.7305,7.5952,0.13529999999999998,1.7814,127671.86,294824.8485,6.9185,1.0,7.6025,116525.684,8.3627,127464.861,8.5494,134559.5485,8.9287,117327.34,9.7648,110971.2003,10.7484,129724.3468,10.0095,98663.8937
20160204,002418.SZ,7.6942,8.3109,7.6942,8.08,7.7305,0.3494999999999999,4.5211,124494.76,303633.143,6.7464,1.07,7.7014,118782.298,8.2862,128660.931,8.5002,134513.1538,8.7693,117689.111,9.616,110314.6577,10.6611,130947.8297,10.0246,99463.1036
20160205,002418.SZ,8.1295,8.1625,7.7898,7.7997,8.08,-0.28030000000000044,-3.4691,86681.21,208921.4089,4.6972,0.73,7.6988,105678.034,8.1262,123432.973,8.3875,128627.3008,8.6509,120549.0067,9.4627,109700.8707,10.58,131552.7822,10.0365,99960.7442
20160215,002418.SZ,7.2852,7.8756,7.2852,7.8261,7.7997,0.026400000000000645,0.3385,89641.95,206598.4975,4.8577,0.85,7.8063,103016.278,7.9244,119086.732,8.2564,121189.7331,8.5119,119584.481,9.3105,110000.2767,10.4921,131534.4722,10.0481,100306.9805
20160216,002418.SZ,7.9053,8.3835,7.8657,8.2911,7.8261,0.46499999999999986,5.9417,111908.56,276799.269,6.0643,1.09,7.9455,108079.668,7.8439,117772.684,8.2137,121141.6177,8.4463,119799.9424,9.1949,109607.7537,10.4181,132210.4538,10.066,100886.3048
20160217,002418.SZ,8.2351,8.7792,8.0899,8.6011,8.2911,0.3100000000000005,3.7389,165353.58,421380.7113,8.9605,1.53,8.1196,115616.012,7.8611,116070.848,8.1523,123171.8323,8.4194,123825.6914,9.0874,112222.3453,10.3372,132579.6808,10.0872,101989.6751
20160218,002418.SZ,8.7396,9.0694,8.4923,8.6539,8.6011,0.052799999999999514,0.6139,185857.25,493883.5623,10.0716,1.61,8.2344,127888.51,7.9679,123335.404,8.0608,127229.7469,8.4287,129030.7633,8.9767,116269.987,10.2505,133670.8257,10.1081,103349.6534
20160219,002418.SZ,8.5747,8.8617,8.5747,8.7199,8.6539,0.06600000000000072,0.7627,102791.66,271541.2738,5.5703,0.8,8.4184,131110.6,8.0586,118394.317,8.0318,125517.6408,8.4306,128726.6362,8.8824,117955.513,10.1865,133376.1803,10.1265,103733.6133
20160222,002418.SZ,8.865,9.0035,8.7232,8.9771,8.7199,0.2571999999999992,2.9496,108223.08,290122.8406,5.8646,0.83,8.6486,134826.826,8.2275,118921.552,8.074,119813.8823,8.4805,129725.0562,8.8352,118963.9517,10.1217,133806.407,10.1465,104238.7209
20160223,002418.SZ,8.9837,9.1816,8.6473,8.987,8.9771,0.00990000000000002,0.1103,136975.77,372772.5727,7.4227,1.02,8.7878,139840.268,8.3666,123959.968,8.1818,121641.8885,8.4932,130290.6695,8.7813,119193.3987,10.0596,135260.226,10.1648,105007.5403
20160224,002418.SZ,8.8716,8.9639,8.5418,8.8683,8.987,-0.11870000000000047,-1.3208,120470.16,319618.6275,6.5283,0.86,8.8412,130863.584,8.4804,123239.798,8.263,119200.9369,8.4744,128256.0438,8.696,119312.485,10.0166,136392.537,10.1815,105488.5205
20160225,002418.SZ,8.865,8.9012,7.9811,7.9811,8.8683,-0.8872,-10.0042,148589.22,374669.9755,8.052,1.14,8.7067,123409.978,8.4705,125649.244,8.3162,122711.59,8.4006,126458.8481,8.6192,123378.0123,9.9683,137568.6428,10.1918,106312.6453
20160226,002418.SZ,8.0471,8.1955,7.4732,7.9745,7.9811,-0.006599999999999717,-0.0827,121086.52,291629.0736,6.5617,0.98,8.5576,127068.95,8.488,129089.775,8.3454,125365.0446,8.3591,126866.1081,8.5268,123750.9967,9.9178,138589.8358,10.2026,106891.3938
20160229,002418.SZ,7.8261,7.9745,7.1896,7.5524,7.9745,-0.42210000000000036,-5.2931,106357.75,244535.1097,5.7635,0.84,8.2727,126695.884,8.4606,130761.355,8.3317,123725.4977,8.2712,125313.5824,8.4562,123716.7927,9.8651,138888.099,10.2094,107320.2668
20160301,002418.SZ,7.6249,7.9184,7.3578,7.8162,7.5524,0.2638000000000007,3.4929,68954.05,160125.2179,3.7366,0.54,8.0385,113091.54,8.4132,126465.904,8.3114,119453.1354,8.1746,122258.8057,8.4113,123321.4993,9.8347,138871.6563,10.2181,107596.6168
20160302,002418.SZ,7.803,8.3043,7.7766,8.1955,7.8162,0.37929999999999886,4.8527,80832.66,197086.465,4.3803,0.71,7.9039,105164.04,8.3726,118013.812,8.3419,119003.2469,8.1317,120153.2638,8.4025,123464.23,9.8158,137422.695,10.2283,107821.2709
20160303,002418.SZ,8.1757,8.4989,8.1394,8.1724,8.1955,-0.023099999999999454,-0.2819,121081.83,303246.8632,6.5614,1.15,7.9422,99662.562,8.3244,111536.27,8.3685,121421.6992,8.1195,117234.6871,8.3855,123861.0133,9.781,136429.36,10.2364,108281.377
20160304,002418.SZ,8.1163,8.1163,7.4534,7.5524,8.1724,-0.6200000000000001,-7.5865,107539.45,252635.9393,5.8276,1.08,7.8578,96953.148,8.2077,112011.049,8.3117,121085.6138,8.1179,116964.5805,8.373,124537.1197,9.7293,136014.5828,10.2345,108180.7722
20160307,002418.SZ,7.6843,7.8822,7.5425,7.6018,7.5524,0.04940000000000033,0.6541,61477.15,143830.336,3.3314,0.63,7.8677,87977.028,8.0702,107336.456,8.2348,113095.1192,8.1078,112644.3243,8.3357,122416.4283,9.6804,134933.7453,10.232,108023.404
20160308,002418.SZ,7.615,7.615,7.117,7.526,7.6018,-0.07580000000000009,-0.9971,67816.88,151401.6309,3.675,0.77,7.8096,87749.594,7.9241,100420.567,8.148,104015.0908,8.1192,110971.2838,8.2778,119237.081,9.6477,134021.2495,10.225,107796.5111
20160309,002418.SZ,7.3512,7.4073,7.1764,7.3017,7.526,-0.2242999999999995,-2.9803,59141.28,130809.1583,3.2049,0.67,7.6309,83411.318,7.7674,94287.679,8.039,100657.3692,8.1052,109664.1252,8.2035,114997.446,9.5955,134193.0427,10.215,107779.6109
20160310,002418.SZ,7.3017,7.3908,7.183,7.2621,7.3017,-0.03960000000000008,-0.5423,68973.75,152063.2446,3.7377,0.83,7.4488,72989.702,7.6955,86326.132,7.907,97638.19,8.0829,106868.9771,8.1507,113545.4357,9.5253,127043.3787,10.2033,107894.2933
20160311,002418.SZ,7.1071,7.1764,6.9455,7.0577,7.2621,-0.20440000000000058,-2.8146,58073.99,124479.5669,3.147,0.8,7.3499,63096.61,7.6038,80024.879,7.7586,91568.8223,8.0342,103706.0833,8.0727,110849.209,9.4546,122424.4455,10.1845,107997.883
20160314,002418.SZ,7.1962,7.5458,7.1896,7.3908,7.0577,0.33309999999999995,4.7197,75096.54,168581.016,4.0695,1.19,7.3077,65820.488,7.5877,76898.758,7.645,88078.5438,8.0147,103154.4324,7.9909,108915.615,9.3862,120001.3025,10.1659,108135.6069
20160315,002418.SZ,7.3545,7.4205,7.1467,7.1797,7.3908,-0.21109999999999918,-2.8563,52868.89,116791.6047,2.865,0.8,7.2384,62830.89,7.524,75290.242,7.5833,80715.4415,7.9839,101403.3343,7.927,106509.61,9.3201,117783.3167,10.1445,108075.9706
20160316,002418.SZ,7.2556,7.4205,7.0907,7.1896,7.1797,0.00990000000000002,0.1379,52001.3,114729.945,2.8179,0.83,7.216,61402.894,7.4234,72407.106,7.5229,75401.1938,7.9315,98550.6076,7.8857,102163.922,9.254,116735.8347,10.1246,108113.9355
20160317,002418.SZ,7.249,7.5854,7.2226,7.5689,7.1896,0.37929999999999975,5.2757,85759.87,193397.3452,4.6473,1.4,7.2773,64760.118,7.3631,68874.91,7.5242,73816.7415,7.8823,94760.431,7.8851,101248.8613,9.1755,113408.9427,10.1102,108368.3846
20160318,002418.SZ,7.6513,8.113,7.5886,7.9382,7.5689,0.36929999999999996,4.8792,113334.88,269735.9058,6.1416,1.75,7.4534,75812.296,7.4017,69454.453,7.5336,77230.6515,7.8483,91306.9848,7.8893,99953.273,9.0897,108198.841,10.1008,108827.6691
20160321,002418.SZ,8.1262,8.2779,7.9514,8.2614,7.9382,0.32319999999999993,4.0715,118722.06,291848.8703,6.4335,1.57,7.6276,84537.4,7.4676,75178.944,7.5387,80145.2208,7.8264,92065.5752,7.9217,100478.984,9.0171,106510.072,10.0891,109440.9086
20160322,002418.SZ,8.1295,8.7265,8.0866,8.4659,8.2614,0.20449999999999946,2.4754,135243.32,342054.3219,7.3288,1.6,7.8848,101012.286,7.5616,81921.588,7.5612,81234.5662,7.8021,93352.2533,7.9508,102100.7077,8.9458,106660.959,10.0789,110138.3411
20160323,002418.SZ,8.4032,8.799,8.3373,8.733,8.4659,0.267100000000001,3.155,128174.11,332269.1591,6.9457,1.27,8.1935,116246.848,7.7047,88824.871,7.6521,82821.8477,7.79,92933.1267,7.9842,102117.4493,8.8745,106544.3248,10.0695,110773.361
20160324,002418.SZ,8.578,9.5608,8.5418,8.8716,8.733,0.13860000000000028,1.5871,201309.68,550048.1997,10.909,1.73,8.454,139356.81,7.8657,102058.464,7.7497,93578.1962,7.7901,96782.6276,8.0106,104677.9467,8.8133,107496.3022,10.0588,111213.9555
20160325,002418.SZ,8.8452,9.02,8.5121,8.6572,8.8716,-0.21440000000000126,-2.4167,120548.09,318314.3639,6.5325,0.87,8.5978,140799.452,8.0256,108305.874,7.8368,97634.4431,7.8223,95447.3357,8.0392,105806.8427,8.7509,107753.8567,10.0492,111554.1415
20160328,002418.SZ,8.7396,8.9672,8.4758,8.5418,8.6572,-0.11539999999999928,-1.333,89484.64,237871.3775,4.8492,0.64,8.6539,134951.968,8.1407,109744.684,7.9321,99968.5477,7.8493,93942.4843,8.063,105801.599,8.6868,107900.9378,10.0434,111700.9773
20160329,002418.SZ,8.5121,8.5154,8.0141,8.146,8.5418,-0.3957999999999995,-4.6337,134762.38,336327.0324,7.3028,1.0,8.5899,134855.78,8.2374,117934.033,8.0001,105029.2115,7.8776,95295.0857,8.0582,106563.393,8.6265,108085.5733,10.0303,112355.1214
20160330,002418.SZ,8.2384,8.9309,8.2285,8.8617,8.146,0.7157,8.7859,164881.08,425363.2119,8.9349,1.22,8.6157,142197.174,8.4046,129222.011,8.1389,113245.1415,7.9274,99863.0395,8.0669,106547.643,8.5771,109384.9942,10.0238,113462.4056
20160331,002418.SZ,8.9078,9.3893,8.8716,8.9672,8.8617,0.10549999999999926,1.1905,206320.39,565389.5972,11.1805,1.45,8.6348,143199.316,8.5444,141278.063,8.2602,123339.2838,7.9641,105838.6457,8.0773,107229.7477,8.527,111749.8673,10.0176,114788.7887
20160401,002418.SZ,8.9012,9.3069,8.7726,9.2838,8.9672,0.3165999999999993,3.5306,169523.82,463399.7588,9.1865,1.18,8.7601,152994.462,8.679,146896.957,8.422,132312.74,8.0171,108145.4071,8.0961,109454.153,8.4893,113704.833,10.0147,115916.4668
20160405,002418.SZ,9.4586,9.6895,9.3597,9.5081,9.2838,0.22430000000000128,2.416,161765.19,468546.5453,8.766,1.06,8.9534,167450.572,8.8036,151201.27,8.6004,140756.1162,8.1102,110727.5852,8.1138,111238.89,8.4745,115101.4208,10.0166,117015.2373
20160406,002418.SZ,9.4322,10.0489,9.3992,9.9467,9.5081,0.4385999999999992,4.6129,202212.47,598760.706,10.9579,1.21,9.3135,180940.59,8.9517,157898.185,8.7833,149714.0085,8.2219,117429.2671,8.1458,113413.4467,8.4635,116303.4227,10.0262,118396.834
20160407,002418.SZ,9.9368,9.9995,9.6037,9.7125,9.9467,-0.23419999999999952,-2.3545,185870.39,550904.6606,10.0723,1.03,9.4837,185138.452,9.0497,163667.813,8.9198,155293.6631,8.326,123050.8629,8.1739,115593.4543,8.435,117452.9697,10.0363,119405.8399
20160408,002418.SZ,9.5641,9.6796,9.2343,9.485,9.7125,-0.22750000000000092,-2.3423,136691.95,391545.8921,7.4073,0.74,9.5872,171212.764,9.111,157206.04,9.0139,156675.9623,8.4299,126743.7519,8.2241,115196.8787,8.4216,119287.4455,10.0423,119919.8652
20160411,002418.SZ,9.5971,9.9533,9.5312,9.5674,9.485,0.0823999999999998,0.8687,118897.4,350600.3234,6.443,0.69,9.6439,161087.48,9.202,157040.971,9.0986,155418.5838,8.5397,129121.0686,8.2772,115123.908,8.402,119437.4523,10.0417,120203.3859
20160412,002418.SZ,9.5674,9.6499,9.0859,9.2541,9.5674,-0.3132999999999999,-3.2747,119927.93,337285.7429,6.4989,0.74,9.5931,152720.028,9.2733,160085.3,9.1387,154784.2623,8.6443,132066.4943,8.3339,115576.2473,8.3951,119646.52,10.0351,120166.3666
20160413,002418.SZ,9.3069,9.5542,9.3003,9.3267,9.2541,0.07260000000000133,0.7845,92523.1,265284.5942,5.0138,0.61,9.4691,130782.154,9.3913,155861.372,9.1737,146416.0638,8.7365,132896.3305,8.3842,116361.8823,8.3978,119841.6908,10.0287,120191.6105
20160414,002418.SZ,9.4256,9.6664,9.3267,9.6631,9.3267,0.33639999999999937,3.6068,90248.44,259429.0951,4.8906,0.69,9.4593,111657.764,9.4715,148398.108,9.2511,144085.3215,8.8548,134676.309,8.4331,116675.7417,8.4178,120069.9858,10.0276,120441.9708
20160415,002418.SZ,9.6763,9.828,9.5641,9.8247,9.6631,0.16159999999999997,1.6723,112057.21,329468.3323,6.0724,1.0,9.5272,106730.816,9.5572,138971.79,9.3498,145821.6731,8.9802,137536.1143,8.4882,116374.921,8.4369,120117.9672,10.0298,120692.4579
20160418,002418.SZ,9.7983,10.1446,9.6895,9.8676,9.8247,0.042899999999999494,0.4367,221907.2,669266.5827,12.0251,2.08,9.5872,127332.776,9.6156,144210.128,9.4822,152525.1208,9.0897,144019.3205,8.5654,120187.1793,8.4692,122362.1495,10.0265,121658.6698
20160419,002418.SZ,9.7686,9.884,9.3992,9.4619,9.8676,-0.4056999999999995,-4.1114,143989.91,418422.2575,7.8028,1.13,9.6288,132145.172,9.611,142432.6,9.5284,150918.1077,9.1623,145479.0838,8.6274,122937.6047,8.4816,122677.0165,10.0128,122006.5611
20160420,002418.SZ,9.4586,9.5312,8.5187,8.7594,9.4619,-0.7025000000000006,-7.4245,140850.21,383105.8988,7.6327,1.07,9.5153,141810.594,9.4922,136296.374,9.5124,145881.94,9.186,146532.8052,8.6685,125372.049,8.4732,122304.565,9.9878,122348.2058
20160421,002418.SZ,8.71,8.8716,8.5352,8.5747,8.7594,-0.18469999999999942,-2.1086,77416.27,204776.6433,4.1952,0.55,9.2977,139244.16,9.3785,125450.962,9.4578,138796.7438,9.1912,143779.1362,8.711,125981.2153,8.4572,120489.3307,9.9579,122194.3403
20160422,002418.SZ,8.5088,8.9045,8.4593,8.8848,8.5747,0.31010000000000026,3.6165,76605.59,202464.9496,4.1513,0.55,9.1097,132153.836,9.3184,119442.326,9.4099,132246.0054,9.1984,141323.4924,8.765,126235.61,8.4579,119890.5228,9.9297,122185.2458
20160425,002418.SZ,8.8056,8.8485,8.5154,8.6605,8.8848,-0.2242999999999995,-2.5245,55223.26,145173.6405,2.9925,0.42,8.8683,98817.048,9.2278,113074.912,9.311,120939.1431,9.1883,134366.9962,8.8185,126140.5857,8.4456,118494.8973,9.8996,122147.4211
20160426,002418.SZ,8.6836,8.8914,8.677,8.8782,8.6605,0.2176999999999989,2.5137,58049.51,155187.3169,3.1457,0.59,8.7515,81628.968,9.1902,106887.07,9.2468,111106.7677,9.1989,131390.8733,8.868,125572.3513,8.4295,117243.9832,9.8676,121865.6675
20160427,002418.SZ,8.9078,9.0694,8.8386,8.8815,8.8782,0.003300000000001191,0.0372,66623.53,180538.4289,3.6103,0.82,8.7759,66783.632,9.1456,104297.113,9.2004,105716.8892,9.215,130302.249,8.9248,126030.8393,8.4259,116270.2247,9.8435,121671.294
20160428,002418.SZ,8.9111,8.9606,8.5813,8.7792,8.8815,-0.10230000000000139,-1.1518,57279.58,152538.6508,3.104,0.86,8.8168,62756.294,9.0573,101000.227,9.1397,100977.0569,9.2452,126612.5919,8.9778,126206.782,8.4317,114185.352,9.8137,121186.6128
20160429,002418.SZ,8.7726,9.0431,8.7133,8.8716,8.7792,0.09240000000000137,1.0525,49439.62,133597.7739,2.6791,0.79,8.8142,57323.1,8.9619,94738.468,9.1103,95554.8792,9.2457,121115.3795,9.0212,124996.107,8.4532,113122.4842,9.7821,120863.1208
20160503,002418.SZ,8.8452,9.2343,8.7726,9.2113,8.8716,0.3396999999999988,3.8291,69767.23,192072.8853,3.7807,1.22,8.9244,60231.894,8.8963,79524.471,9.1014,93804.4277,9.2573,114612.8481,9.0636,123543.852,8.4765,111748.5625,9.752,120791.9647
20160504,002418.SZ,9.1552,9.452,8.9243,9.2871,9.2113,0.07580000000000098,0.8229,75719.52,213961.1079,4.1032,1.26,9.0061,63765.896,8.8788,72697.432,9.0725,92686.8185,9.2574,110145.9767,9.0978,122110.434,8.5098,111294.709,9.725,120703.4813
20160505,002418.SZ,9.2838,9.6895,9.1717,9.6697,9.2871,0.38260000000000005,4.1197,119213.37,344505.8797,6.4602,1.87,9.1638,74283.864,8.9699,70533.748,9.0606,93237.2923,9.2651,108119.6995,9.1379,121576.1023,8.5444,111838.405,9.6969,120562.802
20160506,002418.SZ,9.828,9.8313,9.1255,9.1321,9.6697,-0.5376000000000012,-5.5596,139723.1,399844.0817,7.5716,1.88,9.2344,90772.568,9.0256,76764.431,9.004,86915.4385,9.2263,105144.0152,9.1512,121961.0687,8.5677,112039.259,9.6581,120881.8029
20160509,002418.SZ,8.9705,9.0826,8.7726,8.8551,9.1321,-0.27699999999999925,-3.0333,75633.9,203813.9297,4.0986,0.83,9.2311,96011.424,9.0226,76667.262,8.9573,81657.2838,9.1855,99894.6586,9.1507,117771.876,8.5806,111224.9113,9.6208,121086.3705
20160510,002418.SZ,8.8914,8.987,8.8155,8.8716,8.8551,0.016500000000000625,0.1863,53361.78,144047.2783,2.8917,0.56,9.1631,92730.334,9.0437,76481.114,8.966,74927.4046,9.1563,95926.5552,9.1578,115532.3323,8.5985,110669.5875,9.5892,121111.1848
20160511,002418.SZ,8.9243,8.987,8.5747,8.6341,8.8716,-0.2375000000000007,-2.6771,65844.24,173914.5542,3.5681,0.71,9.0325,90755.278,9.0193,77260.587,8.9705,74037.2485,9.1119,93400.2143,9.1609,114744.319,8.612,110272.959,9.552,120903.7156
20160512,002418.SZ,8.5385,8.5747,8.179,8.5418,8.6341,-0.09229999999999983,-1.069,75821.6,193233.98,4.1088,0.84,8.8069,82076.924,8.9854,78180.394,8.9441,73976.9415,9.0779,91299.9129,9.1741,112779.6263,8.6161,109671.5097,9.5171,120940.9818
20160513,002418.SZ,8.5352,8.865,8.5022,8.6836,8.5418,0.14179999999999993,1.6601,59038.6,156027.2641,3.1993,0.72,8.7172,65940.024,8.9758,78356.296,8.9459,74270.4292,9.0473,89705.4129,9.1682,109251.5437,8.6175,107899.5933,9.4774,120239.6371
20160516,002418.SZ,8.5616,9.2343,8.5616,9.1948,8.6836,0.5112000000000005,5.887,70522.97,190755.1233,3.8216,1.07,8.7852,64917.838,9.0081,80464.631,8.9703,75229.9262,9.025,88766.1048,9.1758,104724.963,8.6265,105977.3553,9.4385,119824.0905
20160517,002418.SZ,9.3597,9.363,8.8122,8.9342,9.1948,-0.26060000000000016,-2.8342,98753.2,270143.6291,5.3514,1.52,8.7977,73996.122,8.9804,83363.228,8.9743,77701.4392,8.9826,88132.5805,9.1641,102365.9423,8.6301,105910.0477,9.4083,119643.114
20160518,002418.SZ,8.9045,8.9045,8.0405,8.1922,8.9342,-0.7420000000000009,-8.3052,106787.18,271752.4366,5.7868,1.44,8.7093,82184.71,8.8709,86469.994,8.9292,81509.7162,8.9028,82650.6748,9.1202,100533.342,8.617,105886.116,9.3693,119846.2615
20160519,002418.SZ,8.0449,8.2932,7.7469,7.7668,8.1939,-0.42709999999999937,-5.2124,207565.69,167197.6171,3.7493,2.53,8.5543,108533.528,8.6806,95305.226,8.8442,93673.26,8.8221,85678.0929,9.0476,100711.7827,8.5967,107062.6147,9.3281,121161.4203
20160520,002418.SZ,7.6377,7.6377,7.1907,7.5086,7.7668,-0.25819999999999954,-3.3244,236723.57,177447.2603,4.276,2.18,8.3193,144070.522,8.5183,105005.273,8.7132,106516.0554,8.7625,90243.491,8.9741,102406.8887,8.574,109000.1715,9.2953,122696.3543
20160523,002418.SZ,7.5185,7.7271,7.4291,7.7271,7.5086,0.2184999999999997,2.91,180357.11,137302.3739,3.2578,1.25,8.0258,166037.35,8.4055,115477.594,8.5932,114565.1008,8.7222,95145.4357,8.9155,103862.394,8.5698,109529.6363,9.269,123549.1396
20160524,002418.SZ,7.5682,7.8264,7.5284,7.5582,7.7271,-0.16889999999999983,-2.1858,157659.28,121345.6795,2.8478,0.95,7.7506,177818.566,8.2741,125907.344,8.4308,117522.4785,8.659,99005.1352,8.8485,105154.4567,8.5629,110139.1823,9.2403,124364.5091
20160525,002418.SZ,7.6277,7.7469,7.2603,7.3099,7.5582,-0.2483000000000004,-3.2852,163724.99,123486.096,2.9574,0.92,7.5741,189206.128,8.1417,135695.419,8.2906,119368.7777,8.5947,104171.8843,8.7837,106614.3587,8.5588,111095.303,9.212,124991.701
20160526,002418.SZ,7.3199,7.4986,7.1907,7.4589,7.3099,0.14900000000000002,2.0383,138965.83,102948.0564,2.5102,0.73,7.5125,175486.156,8.0334,142009.842,8.1832,124240.4646,8.5271,108025.0424,8.7215,108162.4497,8.5529,112262.166,9.1938,125566.9112
20160527,002418.SZ,7.439,7.4986,7.3496,7.3496,7.4589,-0.10930000000000017,-1.4654,104759.85,78029.3286,1.8923,0.6,7.4807,149093.412,7.9,146581.967,8.0661,128194.1623,8.4542,109841.0576,8.6444,108646.1633,8.5388,112660.9525,9.1773,125041.8238
20160530,002418.SZ,7.3596,7.4092,7.2106,7.2404,7.3496,-0.10919999999999952,-1.4858,94522.49,69532.9527,1.7074,0.63,7.3834,131926.488,7.7046,148981.919,7.9589,130400.1815,8.3809,111614.5295,8.5582,108061.6727,8.5232,112218.2968,9.1521,124323.8284
20160531,002418.SZ,7.3397,7.8264,7.3397,7.7171,7.2404,0.4767000000000001,6.5839,214389.08,163733.1739,3.8726,1.63,7.4152,143272.448,7.5829,160545.507,7.8955,141059.2185,8.3259,119469.2657,8.4865,107811.0687,8.526,113999.124,9.1276,125006.8534
20160601,002418.SZ,7.7668,8.1939,7.7171,7.9654,7.7171,0.24829999999999952,3.2175,271620.09,218888.77,4.9064,1.9,7.5463,164851.468,7.5602,177028.798,7.8402,157411.6408,8.2666,129081.3067,8.4367,112065.408,8.532,117501.5063,9.1062,126217.6258
20160602,002418.SZ,7.9555,8.0945,7.8562,7.9853,7.9654,0.019899999999999807,0.2498,161922.96,130154.0886,2.9249,0.98,7.6516,169442.894,7.5821,172464.525,7.7472,164442.4092,8.2046,133186.2324,8.4108,112767.833,8.5397,119069.941,9.0937,126545.5953
20160603,002418.SZ,8.0449,8.0846,7.8562,7.886,7.9853,-0.0992999999999995,-1.2435,156780.57,125131.7971,2.832,0.93,7.7588,179847.038,7.6198,164470.225,7.6666,168906.0531,8.1197,134975.1467,8.3879,115413.3097,8.5494,120697.2625,9.0725,127445.1526
20160606,002418.SZ,7.9257,8.6706,7.9257,8.6706,7.886,0.7846000000000002,9.9493,321174.99,273610.8838,5.8015,1.79,8.0449,225177.538,7.7141,178552.013,7.7034,185397.4231,8.0977,143615.7129,8.3808,123565.623,8.5729,124900.6165,9.0491,125971.9976
20160607,002418.SZ,8.8494,9.0282,8.5514,8.9189,8.6706,0.2483000000000004,2.8637,610013.54,540675.6728,11.0189,2.71,8.2852,304302.43,7.8502,223787.439,7.792,216354.95,8.1007,169062.3624,8.3894,142058.6323,8.6039,134099.609,9.0293,128262.0273
20160608,002418.SZ,8.7699,8.9487,8.6011,8.7203,8.9189,-0.19860000000000078,-2.2267,308400.3,271370.8967,5.5707,1.01,8.4362,311658.472,7.9913,238254.97,7.8852,221868.5446,8.0935,181207.0538,8.3841,150403.6587,8.6261,137988.005,9.0061,128994.6538
20160613,002418.SZ,8.5415,8.6309,7.9456,7.9456,8.7203,-0.7747000000000002,-8.8839,256242.76,214825.2106,4.6286,0.82,8.4283,330522.432,8.0399,249982.663,7.902,227705.9023,8.0607,190273.65,8.3529,156724.2997,8.6388,141377.5695,8.9795,129580.4431
20160614,002418.SZ,7.9356,8.0846,7.5483,8.0151,7.9456,0.06950000000000056,0.8747,200432.31,159570.1635,3.6205,0.61,8.4541,339252.78,8.1065,259549.909,7.9372,230996.1354,8.0356,196207.4933,8.3274,161496.0573,8.6526,143851.4197,8.9533,130293.6272
20160615,002418.SZ,7.737,8.8196,7.7072,8.8196,8.0151,0.8044999999999991,10.0373,336917.74,290687.9393,6.0859,0.99,8.4839,342401.33,8.2644,283789.434,8.0533,244318.6546,8.0421,209439.8333,8.3257,171078.6613,8.6734,148037.3842,8.9245,130723.1634
20160616,002418.SZ,9.2367,9.7035,9.2367,9.7035,8.8196,0.8839000000000006,10.022,1301112.11,1262867.4549,23.5024,3.8,8.6408,480621.044,8.463,392461.737,8.226,333714.5223,8.0663,268039.3162,8.3421,212123.4907,8.7029,167833.6713,8.8963,138016.2562
20160617,002418.SZ,9.8326,10.4385,9.5148,9.9717,9.7035,0.2682000000000002,2.764,1138788.26,1140637.441,20.5703,2.37,8.8911,646698.636,8.6637,479178.554,8.4277,413255.1692,8.1158,317564.7952,8.3649,247559.1153,8.7314,184834.7747,8.8742,145672.4233
20160620,002418.SZ,9.8525,10.3789,9.5843,10.2101,9.9717,0.2384000000000004,2.3908,657433.28,663332.7638,11.8754,1.02,9.344,726936.74,8.8861,528729.586,8.6561,456555.9992,8.2118,343786.0381,8.3829,265499.779,8.7604,193537.9407,8.8531,150099.4498
20160621,002418.SZ,10.2101,11.1635,9.8922,10.3094,10.2101,0.0992999999999995,0.9726,727011.16,768715.4029,13.1322,1.0,9.8029,832252.51,9.1285,585752.645,8.8555,495988.4669,8.3329,368521.5367,8.4222,285076.0477,8.7867,203518.5582,8.8306,155031.4415
20160622,002418.SZ,10.3392,11.1735,10.0809,11.0344,10.3094,0.7249999999999996,7.0324,620776.32,662186.1752,11.2133,0.75,10.2458,889024.226,9.3649,615712.778,9.0916,522846.6385,8.5008,386809.7629,8.4948,303247.4617,8.8228,210509.6688,8.818,159002.9855
20160623,002418.SZ,10.8258,10.9748,10.2498,10.4484,11.0344,-0.5860000000000003,-5.3107,465196.22,493033.5674,8.403,0.52,10.3948,721841.048,9.5178,601231.046,9.281,546175.3508,8.6304,400373.53,8.5474,316975.2763,8.8526,216253.8043,8.8018,162003.8305
20160624,002418.SZ,10.3789,10.5477,9.5446,10.1306,10.4484,-0.3178000000000001,-3.0416,689910.62,695621.7092,12.4621,0.96,10.4266,632065.52,9.6588,639382.078,9.4537,587185.3546,8.7529,425718.8319,8.5973,337777.489,8.8791,226260.904,8.7829,167080.9209
20160627,002418.SZ,9.9816,10.369,9.8525,10.3292,10.1306,0.19860000000000078,1.9604,376010.17,384397.4821,6.792,0.59,10.4504,575780.898,9.8972,651358.819,9.5813,591403.4454,8.8967,435827.65,8.6569,347783.7747,8.9155,230281.7005,8.771,169183.6369
20160628,002418.SZ,10.2001,10.4981,10.0114,10.3392,10.3292,0.009999999999999787,0.0968,435982.31,448111.3292,7.8753,0.76,10.4564,517575.128,10.1296,674913.819,9.6905,578016.4277,9.0338,449971.2919,8.712,360348.565,8.9401,234800.0543,8.7586,172092.5243
20160629,002418.SZ,10.3491,10.9748,10.1902,10.6272,10.3392,0.28800000000000026,2.7855,648771.14,693107.8969,11.719,1.25,10.3749,523174.092,10.3104,706099.159,9.8372,604198.8,9.1899,475876.5914,8.7598,379623.504,8.9678,242174.2335,8.7474,176962.0504
20160630,002418.SZ,10.508,10.7563,10.3292,10.4881,10.6272,-0.1391000000000009,-1.3089,271703.42,286957.1521,4.9079,0.52,10.3829,484475.532,10.3888,603158.29,10.0328,605388.0815,9.3446,484313.7786,8.8116,385388.5113,8.9878,243877.2268,8.7386,178791.0299
20160701,002418.SZ,10.369,10.5378,10.1604,10.2994,10.4881,-0.18869999999999898,-1.7992,197650.41,205714.2409,3.5702,0.41,10.4166,386023.49,10.4216,509044.505,10.2085,605174.0892,9.4675,483516.699,8.8818,388417.2857,9.001,244475.3138,8.7378,179788.3673
20160704,002418.SZ,10.1902,10.6769,10.1306,10.2895,10.2994,-0.00990000000000002,-0.0961,317475.87,332270.1258,5.7347,0.82,10.4087,374316.63,10.4295,475048.764,10.3216,603678.5608,9.5782,485700.3076,8.9659,392080.9583,9.0067,246396.3705,8.7351,181349.8966
20160705,002418.SZ,10.1803,10.5179,10.1703,10.4484,10.2895,0.15889999999999915,1.5443,286852.89,298433.0835,5.1815,0.77,10.4305,344490.746,10.4434,431032.937,10.3789,525658.6208,9.6955,491649.3519,9.0639,393751.9357,9.019,248079.4122,8.727,182766.1909
20160706,002418.SZ,10.4286,10.9252,10.2796,10.7364,10.4484,0.28800000000000026,2.7564,439329.71,471928.5372,7.9358,1.28,10.4524,302602.46,10.4136,412888.276,10.4377,471854.1169,9.8312,505104.0729,9.1642,402384.3557,9.0399,253123.3748,8.7307,186205.4102
20160707,002418.SZ,10.6371,11.3423,10.5875,11.2231,10.7364,0.4867000000000008,4.5332,437724.07,487602.4976,7.9067,1.45,10.5994,335806.59,10.4911,410141.061,10.5156,454953.4085,9.9528,510654.029,9.2864,411719.8487,9.0675,258437.1527,8.7347,188937.3025
20160708,002418.SZ,11.4019,11.4019,11.0642,11.0741,11.2231,-0.1490000000000009,-1.3276,281845.41,318340.5574,5.0911,0.84,10.7543,352645.59,10.5855,369334.54,10.5745,420709.8892,10.0554,495026.9752,9.4119,415657.196,9.0978,261135.7773,8.7464,190391.1487
20160711,002418.SZ,11.0741,11.8588,10.945,11.6005,11.0741,0.5264000000000006,4.7534,419333.99,483191.898,7.5746,1.19,11.0165,373017.214,10.7126,373666.922,10.618,405214.3254,10.1925,500309.5319,9.5499,425002.8013,9.1357,266582.6255,8.7667,193212.1582
20160712,002418.SZ,11.6105,11.6601,10.9748,11.3026,11.6005,-0.2979000000000003,-2.568,303806.43,344741.9437,5.4878,0.81,11.1873,376407.922,10.8089,360449.334,10.6837,392799.7262,10.3524,502574.4686,9.6817,431637.6873,9.163,270141.9253,8.7904,195105.9556
20160713,002418.SZ,11.3224,11.4019,11.0543,11.1437,11.3026,-0.15889999999999915,-1.4059,200379.99,225977.317,3.6195,0.53,11.2688,328617.978,10.8606,315610.219,10.7616,355143.5238,10.5014,502571.9771,9.8118,435166.2707,9.185,271613.9717,8.8109,195865.9694
20160714,002418.SZ,11.2231,11.5111,11.2032,11.2231,11.1437,0.07939999999999969,0.7125,160127.33,182591.602,2.8924,0.49,11.2688,273098.63,10.9341,304452.61,10.8304,338537.1515,10.6158,494153.3862,9.9286,433357.5457,9.2076,270584.3072,8.8384,196473.2283
20160715,002418.SZ,11.1437,11.2628,11.0543,11.0741,11.2231,-0.1490000000000009,-1.3276,122823.56,137307.2634,2.2186,0.45,11.2688,241294.26,11.0116,296969.925,10.8869,314448.0169,10.6811,438044.4076,10.0323,428397.6613,9.2345,270231.5347,8.858,196454.2756
20160718,002418.SZ,11.0245,11.0344,10.5378,10.7265,11.0741,-0.3475999999999999,-3.1389,238838.32,258224.2906,4.3142,0.99,11.094,205195.126,11.0553,289106.17,10.8946,282914.7231,10.717,395189.6486,10.1236,430961.5067,9.2672,271864.6698,8.8702,197084.6174
20160719,002418.SZ,10.7265,10.9847,10.6371,10.8159,10.7265,0.08939999999999948,0.8334,138181.06,150599.8964,2.496,0.67,10.9967,172070.052,11.092,274238.987,10.9198,272643.7723,10.7459,370463.3524,10.2213,430341.523,9.3046,272877.4163,8.8809,196683.3735
20160720,002418.SZ,10.8258,11.2231,10.7563,11.0741,10.8159,0.25820000000000043,2.3872,149755.07,167462.8938,2.7051,0.87,10.9827,161945.068,11.1258,245281.523,10.9794,268959.5154,10.7823,342974.9671,10.3014,424627.5257,9.3411,274096.5743,8.8995,196993.5486
20160721,002418.SZ,11.0841,11.1735,10.8258,10.8954,11.0741,-0.1786999999999992,-1.6137,111059.81,122528.0573,2.0061,0.69,10.9172,152131.564,11.093,212615.097,11.026,253081.3569,10.7757,318702.7524,10.3673,407995.7347,9.3783,275027.1835,8.912,196761.0404
20160722,002418.SZ,10.8358,11.0046,10.4484,10.5179,10.8954,-0.3775000000000013,-3.4648,149403.55,160431.3123,2.6987,0.98,10.806,157447.562,11.0374,199370.911,11.0313,242508.3308,10.779,303665.0062,10.4272,402695.843,9.4057,276549.7508,8.9176,196896.867
20160725,002418.SZ,10.5378,10.6173,9.9419,10.0313,10.5179,-0.48659999999999926,-4.6264,216671.31,222042.4834,3.9138,1.38,10.6669,153014.16,10.8805,179104.643,10.9771,225380.7615,10.7743,281129.801,10.4967,401376.7947,9.4248,279050.5472,8.9254,197660.3859
20160726,002418.SZ,10.0313,10.2895,9.932,10.1405,10.0313,0.10919999999999952,1.0886,144283.86,146688.8603,2.6062,0.94,10.5318,154234.72,10.7643,163152.386,10.8938,202808.4377,10.7653,270095.2148,10.5676,399505.1797,9.4475,280500.6185,8.9396,197342.9853
20160727,002418.SZ,10.1803,10.2101,9.336,9.5645,10.1405,-0.5759999999999987,-5.6802,222662.77,218712.3311,4.022,1.44,10.2299,168816.26,10.6063,165380.664,10.7777,198255.9269,10.7284,259937.1414,10.5924,395696.6807,9.4591,283387.671,8.9561,198255.0776
20160728,002418.SZ,9.634,9.7035,8.899,9.3658,9.5645,-0.19870000000000054,-2.0775,257326.78,238979.5613,4.6482,1.52,9.924,198069.654,10.4206,175100.609,10.6058,185793.8338,10.6683,241296.9338,10.5812,360903.8363,9.4616,286513.6635,8.9691,199131.113
20160729,002418.SZ,9.336,9.5843,9.1871,9.5049,9.3658,0.1390999999999991,1.4852,140865.59,133629.1788,2.5445,0.71,9.7214,196362.062,10.2637,176904.812,10.4675,173259.9231,10.6215,235066.561,10.5656,327639.7473,9.4653,287599.4313,8.9875,199447.0702
20160801,002418.SZ,9.4354,9.7929,9.1374,9.6737,9.5049,0.16880000000000095,1.7759,169651.38,163796.3524,3.0645,0.86,9.6499,186958.076,10.1584,169986.118,10.3544,170896.1838,10.5917,233733.2738,10.5477,311380.3507,9.4653,288440.0648,9.0048,200139.2349
20160802,002418.SZ,9.5446,9.7135,9.4453,9.5545,9.6737,-0.1191999999999993,-1.2322,100302.44,96261.3538,1.8118,0.54,9.5327,178161.792,10.0323,166198.256,10.2261,166294.2692,10.5567,223391.6819,10.5226,290490.06,9.4724,287783.0538,9.02,199911.1564
20160803,002418.SZ,9.5645,9.8128,9.4453,9.6837,9.5545,0.1291999999999991,1.3522,126888.6,123965.0126,2.292,0.71,9.5565,159006.958,9.8932,163911.609,10.1191,166606.9646,10.5203,215774.3348,10.4775,274027.136,9.4862,288637.2988,9.0334,199931.1051
20160804,002418.SZ,9.634,9.7929,9.5645,9.6638,9.6837,-0.019899999999999807,-0.2055,99613.01,97011.1734,1.7993,0.63,9.6161,127464.204,9.7701,162766.929,10.0374,155897.3254,10.4692,199597.349,10.4514,261841.029,9.4994,289408.1527,9.0489,200038.8701
20160805,002418.SZ,9.6539,9.6638,9.495,9.495,9.6638,-0.16880000000000095,-1.7467,66879.17,64500.2605,1.2081,0.52,9.6141,112666.92,9.6678,154514.491,9.9358,150412.5646,10.3869,181938.0681,10.4302,241073.314,9.5137,289425.4015,9.0628,199849.1803
20160808,002418.SZ,9.5347,9.5744,8.9388,9.3857,9.495,-0.10929999999999929,-1.1511,123129.8,115720.7029,2.2241,1.09,9.5565,103362.604,9.6032,145160.34,9.8059,148364.4669,10.3065,174380.1819,10.3988,232643.9683,9.5278,290213.8715,9.072,199942.6906
20160809,002418.SZ,9.4155,9.7532,9.336,9.6936,9.3857,0.30790000000000006,3.2805,160723.95,156166.9443,2.9032,1.55,9.5844,115446.906,9.5585,146804.349,9.7135,152184.7854,10.2157,162065.4181,10.3772,223468.6897,9.5446,291908.6273,9.0811,199904.1103
20160810,002418.SZ,9.6539,9.9916,9.5843,9.6936,9.6936,0.0,0.0,128144.79,126479.3735,2.3147,1.11,9.5863,115698.144,9.5714,137352.551,9.65,150549.4962,10.1391,153700.5781,10.3461,206114.478,9.5529,292868.991,9.0897,199423.1732
20160811,002418.SZ,9.7135,9.783,9.495,9.5148,9.6936,-0.17880000000000074,-1.8445,83218.86,80239.703,1.5032,0.72,9.5565,112419.314,9.5863,119941.759,9.6103,140283.9231,10.0615,148121.4767,10.3137,199831.6593,9.5626,292610.0853,9.0964,199260.0665
20160812,002418.SZ,9.5148,9.6737,9.4254,9.5347,9.5148,0.019900000000001583,0.2091,68782.72,66170.1178,1.2424,0.61,9.5645,112800.024,9.5893,112733.472,9.5637,134476.1431,9.9811,143771.7333,10.2882,195536.0697,9.585,291976.6777,9.101,198931.3968
20160815,002418.SZ,9.6241,9.8724,9.3956,9.8028,9.5347,0.2680999999999987,2.8118,185459.46,181693.4285,3.35,1.64,9.6479,125265.956,9.6022,114314.28,9.582,131614.35,9.9206,146754.3952,10.272,191135.5227,9.6189,291608.2405,9.1078,199335.4276
20160816,002418.SZ,9.8426,10.0114,9.7135,9.7929,9.8028,-0.00990000000000002,-0.101,143019.84,141895.2328,2.5834,1.14,9.6678,121725.134,9.6261,118586.02,9.6149,122821.5085,9.8761,142191.6105,10.2501,186341.0877,9.657,290046.5117,9.1155,199523.3416
20160817,002418.SZ,9.932,10.0213,9.783,9.8525,9.7929,0.05959999999999965,0.6086,124079.27,123305.4256,2.2413,1.02,9.6995,120912.03,9.6429,118305.087,9.6416,121530.2531,9.8303,141520.0967,10.2206,175832.7397,9.6924,289108.5477,9.1311,199319.092
20160818,002418.SZ,9.8227,10.8358,9.8227,10.7762,9.8525,0.9237000000000002,9.3753,501040.75,528708.0044,9.0505,4.14,9.9518,204476.408,9.7542,158447.861,9.7264,147021.7431,9.8161,158247.9862,10.2057,177943.2957,9.7461,294831.5722,9.1545,202485.3773
20160819,002418.SZ,10.6371,10.7861,10.5179,10.5974,10.7762,-0.17879999999999896,-1.6592,261640.86,280085.3294,4.7261,1.28,10.1644,243048.036,9.8644,177924.03,9.8067,159432.3908,9.8019,165418.5124,10.1899,177269.8107,9.8009,296463.5033,9.1798,203779.4032
20160822,002418.SZ,10.5775,10.9351,10.4683,10.5676,10.5974,-0.029799999999999827,-0.2812,202040.51,217335.3206,3.6495,0.83,10.3173,246364.246,9.9826,185815.101,9.8747,165213.3069,9.8043,167925.0343,10.1554,170026.6947,9.8527,297514.748,9.2028,204888.457
20160823,002418.SZ,10.6371,10.7166,10.2101,10.3392,10.5676,-0.2284000000000006,-2.1613,198621.64,207036.6251,3.5878,0.81,10.4266,257484.606,10.0472,189604.87,9.9266,172829.3554,9.8189,167065.5262,10.1233,166520.535,9.9025,299079.1112,9.2206,205870.0318
20160824,002418.SZ,10.3491,10.3988,10.0809,10.22,10.3392,-0.1191999999999993,-1.1529,149509.23,153573.9728,2.7006,0.58,10.5001,262570.598,10.0998,191741.314,9.9824,179185.5138,9.8227,167314.3533,10.0925,164824.843,9.9522,299995.5568,9.2377,206106.9268
20160825,002418.SZ,10.1604,10.3988,10.0015,10.2696,10.22,0.049599999999999866,0.4853,112917.02,116212.926,2.0397,0.43,10.3988,184945.852,10.1753,194711.13,10.0504,178399.9154,9.8563,162088.3652,10.0607,163251.166,9.9947,298304.3558,9.2603,206151.7399
20160826,002418.SZ,10.2597,10.3789,10.1008,10.1505,10.2696,-0.11910000000000132,-1.1597,113545.22,116495.0526,2.051,0.61,10.3094,155326.724,10.2369,199187.38,10.0855,174770.7823,9.8937,155241.6243,10.03,162941.888,10.0311,295669.7747,9.2816,206585.6405
20160829,002418.SZ,10.071,10.4385,10.071,10.2498,10.1505,0.09930000000000128,0.9783,145758.84,151184.8437,2.6329,0.94,10.2458,144070.39,10.2816,195217.318,10.1283,176125.7092,9.9291,155474.6362,10.0141,159839.2387,10.0689,295400.3727,9.3043,207235.1568
20160830,002418.SZ,10.2895,10.3193,10.1207,10.1405,10.2498,-0.10930000000000106,-1.0664,100663.22,103279.1483,1.8183,0.7,10.2061,124478.706,10.3163,190981.656,10.1764,177467.5831,9.9514,152189.4857,9.9916,158588.644,10.1064,294465.0835,9.3279,207581.173
20160831,002418.SZ,10.1505,10.2696,9.9121,10.0511,10.1405,-0.08939999999999948,-0.8816,138512.44,139742.9605,2.502,1.11,10.1723,122279.348,10.3362,192424.973,10.2162,182831.4077,9.975,154009.0095,9.9575,158213.8897,10.1294,291420.7077,9.3512,208160.6621
20160901,002418.SZ,10.2101,10.2101,9.8128,9.8227,10.0511,-0.2284000000000006,-2.2724,121548.93,122519.6671,2.1956,0.99,10.0829,124005.73,10.2408,154475.791,10.2177,177915.2131,9.9816,153754.7395,9.9217,158563.527,10.1445,283279.6308,9.3742,208689.6199
20160902,002418.SZ,9.7433,9.8227,9.495,9.5347,9.8227,-0.2879999999999985,-2.932,182676.59,176997.0665,3.2997,1.47,9.9598,137832.004,10.1346,146579.364,10.1978,180965.7323,9.9755,157710.1481,9.8889,159672.6283,10.1581,281184.2357,9.3921,209586.1203
20160905,002418.SZ,9.6042,9.6737,9.2764,9.4254,9.5347,-0.10930000000000106,-1.1463,220492.11,208431.3952,3.9828,1.6,9.7949,152778.658,10.0204,148424.524,10.165,188382.1046,9.9722,165025.05,9.8687,159799.9883,10.1827,280588.3915,9.4108,210982.9805
20160906,002418.SZ,8.9487,9.3062,8.6607,9.2268,9.4254,-0.198599999999999,-2.1071,404203.6,363967.3415,7.3013,2.65,9.6121,213486.734,9.9091,168982.72,10.0458,180933.0931,9.9646,178409.5167,9.8383,168463.9797,10.2029,283984.5797,9.4278,213917.9997
20160907,002418.SZ,9.1175,9.3758,9.0877,9.1871,9.2268,-0.03970000000000162,-0.4303,225820.92,209030.5029,4.0791,1.06,9.4393,230948.43,9.8058,176613.889,9.9373,178177.7131,9.9405,181509.3724,9.8257,168569.2513,10.2091,282132.966,9.4412,215085.1751
20160908,002418.SZ,9.197,9.2367,9.1076,9.2069,9.1871,0.01980000000000004,0.2155,117467.22,108668.8323,2.1218,0.51,9.3162,230132.088,9.6996,177068.909,9.8326,171672.0754,9.9173,181000.9167,9.8204,163907.266,10.2008,262405.5512,9.4518,215119.6113
20160909,002418.SZ,9.2864,9.7035,9.2864,9.3857,9.2069,0.17880000000000074,1.942,283025.26,270276.9171,5.1124,1.23,9.2864,250201.822,9.6231,194016.913,9.7593,178164.6615,9.9111,190515.5071,9.8164,168645.9217,10.191,248142.8345,9.4612,216488.8046
20160912,002418.SZ,9.2268,9.4354,9.0977,9.1374,9.3857,-0.2483000000000004,-2.6455,168235.93,156200.3016,3.0389,0.67,9.2288,239750.586,9.5118,196264.622,9.676,179605.1769,9.8922,195251.3743,9.7985,168598.74,10.1731,239989.5453,9.4668,216763.743
20160913,002418.SZ,9.2566,9.3162,9.0282,9.0579,9.1374,-0.07949999999999946,-0.8701,186469.19,170892.9393,3.3683,0.78,9.195,196203.704,9.4036,204845.219,9.5828,185263.0362,9.8568,195299.4567,9.782,171470.965,10.1523,230980.5125,9.4695,217249.5353
20160914,002418.SZ,9.0877,9.0877,8.9189,8.9586,9.0579,-0.0992999999999995,-1.0963,133525.47,120426.4768,2.4119,0.68,9.1493,177744.614,9.2943,204346.522,9.4911,186799.9785,9.817,194847.3438,9.7578,171692.194,10.1177,222859.665,9.4702,216684.6669
20160919,002418.SZ,8.9884,9.1175,8.9884,9.0579,8.9586,0.0992999999999995,1.1084,101004.5,91991.4009,1.8245,0.57,9.1195,174452.07,9.2178,202292.079,9.3994,183357.3369,9.7792,193748.5452,9.7376,171738.577,10.0945,216789.803,9.4736,216521.8037
20160920,002418.SZ,9.1275,9.1275,8.9686,9.0282,9.0579,-0.02970000000000006,-0.3279,76826.83,69760.2122,1.3877,0.44,9.048,133212.384,9.1672,191707.103,9.3139,181523.7685,9.696,173547.8824,9.7221,172070.1657,10.0761,206571.7398,9.4776,216416.3219
20160921,002418.SZ,9.0282,9.0381,8.9586,8.9785,9.0282,-0.04969999999999963,-0.5505,69633.48,62984.9389,1.2578,0.52,9.0162,113491.894,9.1225,176621.24,9.2314,176225.3869,9.6189,164404.6738,9.7085,170286.955,10.0536,201465.4617,9.4845,215873.5811
20160922,002418.SZ,9.0182,9.2268,8.9984,9.1672,8.9785,0.18869999999999898,2.1017,131682.75,120814.5986,2.3786,1.16,9.0381,102534.606,9.1165,149369.155,9.1809,177004.9115,9.5522,161054.3043,9.6909,169318.915,10.0341,196393.8023,9.4871,215596.9283
20160923,002418.SZ,9.2069,9.2764,9.0579,9.0679,9.1672,-0.0992999999999995,-1.0832,92897.38,85792.6134,1.678,0.91,9.0599,94408.988,9.1046,136076.801,9.145,170098.8185,9.4916,156019.8157,9.6701,168144.0013,10.0081,187129.2397,9.4879,214651.7366
20160926,002418.SZ,9.0778,9.0977,8.8593,8.8792,9.0679,-0.18869999999999898,-2.081,104326.8,93912.8892,1.8845,1.11,9.0242,95073.448,9.0719,134762.759,9.103,161163.0254,9.4278,153868.2714,9.6489,168847.5993,9.9813,184339.6293,9.4846,214108.4281
20160927,002418.SZ,8.8593,8.9388,8.7203,8.9388,8.8792,0.05959999999999965,0.6712,102657.67,91114.1322,1.8543,1.08,9.0063,100239.616,9.0272,116726.0,9.0809,137967.1846,9.3644,153379.731,9.629,169976.7643,9.9586,182756.417,9.4798,213615.8654
20160928,002418.SZ,8.9487,8.9686,8.8494,8.8692,8.9388,-0.06960000000000122,-0.7786,50816.04,45484.388,0.9179,0.51,8.9845,96476.128,9.0003,104984.011,9.0564,124505.2708,9.3034,150392.6271,9.5979,165488.6503,9.9349,178312.0865,9.4708,212354.2285
20160929,002418.SZ,8.8792,9.197,8.8792,8.9984,8.8692,0.12920000000000087,1.4567,109834.04,100438.4952,1.984,1.14,8.9507,92106.386,8.9944,97320.496,9.0404,123918.1031,9.2438,148681.9224,9.5714,164382.457,9.9108,175361.7723,9.4649,211720.5923
20160930,002418.SZ,9.0182,9.1771,8.9487,9.1175,8.9984,0.11909999999999954,1.3236,73388.88,67196.9466,1.3256,0.8,8.9606,88204.686,9.0103,91306.837,9.0197,107792.2277,9.1951,147383.1443,9.5469,162692.7773,9.8838,169262.7585,9.4618,211193.0667
20161010,002418.SZ,9.1871,9.3162,9.0679,9.2665,9.1175,0.1490000000000009,1.6342,130408.17,120859.4718,2.3556,1.48,9.0381,93420.96,9.0311,94247.204,9.0297,104882.4,9.1577,146997.2267,9.4966,150338.358,9.8512,164140.8268,9.4593,211288.9898
20161011,002418.SZ,9.2367,9.6141,9.1672,9.5148,9.2665,0.24829999999999863,2.6795,195760.68,186545.6843,3.5361,2.1,9.1533,112041.562,9.0798,106140.589,9.0648,105597.13,9.1431,150531.1195,9.4605,148142.352,9.8252,162706.0813,9.4615,211920.9293
20161012,002418.SZ,9.5347,9.5843,9.336,9.495,9.5148,-0.01980000000000004,-0.2081,128055.44,121601.3667,2.3131,1.14,9.2784,127489.442,9.1315,111982.785,9.1061,105176.3585,9.1412,147930.1124,9.4248,145676.183,9.7901,157851.4388,9.4629,212217.0322
20161013,002418.SZ,9.495,9.7234,9.4354,9.634,9.495,0.13900000000000112,1.4639,176426.78,170471.7493,3.1869,1.38,9.4056,140807.99,9.1781,116457.188,9.1504,110978.0723,9.1511,145831.7633,9.4013,144936.3543,9.7623,155728.4447,9.4627,212935.185
20161014,002418.SZ,9.634,10.5974,9.5744,10.2796,9.634,0.6456,6.7013,724959.3,755006.1087,13.0952,5.15,9.638,271122.074,9.2993,179663.38,9.2467,160834.4162,9.2013,161105.8443,9.4032,164118.0233,9.7479,164471.4332,9.4664,218042.7024
20161017,002418.SZ,10.3193,10.6073,10.1505,10.3193,10.2796,0.039699999999999847,0.3862,381830.41,399356.371,6.8971,1.41,9.8485,321406.522,9.4433,207413.741,9.3498,184849.5646,9.2552,168534.8676,9.4049,173081.803,9.7328,168166.4845,9.4702,219375.3958
20161018,002418.SZ,10.2994,10.3789,10.1207,10.3789,10.3193,0.05959999999999965,0.5776,199005.82,205178.8715,3.5947,0.62,10.0214,322055.55,9.5873,217048.556,9.443,190028.2623,9.311,172417.6581,9.4125,175930.4897,9.7212,169436.1888,9.4778,219833.8618
20161019,002418.SZ,10.3292,10.4981,10.1703,10.2498,10.3789,-0.12909999999999933,-1.2439,157358.31,163089.1944,2.8424,0.49,10.1723,327916.124,9.7254,227702.783,9.5339,194986.7954,9.3521,166433.5176,9.4125,176317.1387,9.7133,168078.1887,9.4903,219971.4293
20161020,002418.SZ,10.2796,10.4286,10.1505,10.1902,10.2498,-0.05959999999999965,-0.5815,157475.18,162585.4772,2.8445,0.48,10.2836,324125.804,9.8446,232466.897,9.6348,199075.1323,9.4023,165921.101,9.4142,178210.8707,9.7029,168399.7573,9.5037,220638.5868
20161021,002418.SZ,10.1306,10.2001,9.9121,10.0909,10.1902,-0.09930000000000128,-0.9745,156648.59,158323.7432,2.8296,0.48,10.2458,210463.662,9.9419,240792.868,9.7234,203228.28,9.4514,164501.0724,9.4155,178815.409,9.6865,168514.6493,9.5138,221305.6118
20161024,002418.SZ,10.1207,10.4186,10.1207,10.2895,10.0909,0.19860000000000078,1.9681,197118.49,204692.7348,3.5606,0.94,10.2399,173521.278,10.0442,247463.9,9.8326,214482.3146,9.5148,167529.3114,9.4311,181334.3943,9.6764,169948.9607,9.5274,222488.0721
20161025,002418.SZ,10.3491,10.369,10.22,10.2498,10.2895,-0.039699999999999847,-0.3858,96241.37,99572.5122,1.7384,0.55,10.214,152968.388,10.1177,237511.969,9.9289,213436.7246,9.5716,167302.4957,9.4549,178453.2203,9.6719,169062.9243,9.5388,222806.3376
20161026,002418.SZ,10.2597,10.7563,10.2597,10.4484,10.2498,0.198599999999999,1.9376,239540.56,252936.3051,4.3269,1.57,10.2538,169404.838,10.213,248660.481,10.0313,226217.6231,9.6392,175050.7686,9.489,179088.1687,9.6789,169444.0785,9.5518,224247.3128
20161027,002418.SZ,10.3988,10.5378,10.2796,10.3888,10.4484,-0.05959999999999965,-0.5704,111017.07,115997.7751,2.0053,0.66,10.2935,160113.216,10.2885,242119.51,10.1176,224726.0,9.7064,177021.4157,9.5277,169315.2843,9.683,168889.632,9.5653,224695.1253
20161028,002418.SZ,10.359,10.4186,10.0809,10.0909,10.3888,-0.2979000000000003,-2.8675,127800.05,131187.0479,2.3085,0.8,10.2935,154343.508,10.2697,182403.585,10.1619,219498.2592,9.7504,176836.5252,9.5579,166047.922,9.6918,167308.5867,9.5754,225348.1288
20161031,002418.SZ,10.0809,10.3094,10.0809,10.1604,10.0909,0.06949999999999967,0.6887,120593.84,123434.114,2.1783,0.78,10.2677,139038.578,10.2538,156279.928,10.2131,218924.29,9.8024,178155.4043,9.5896,166152.1427,9.705,165029.7043,9.5833,225771.6839
20161101,002418.SZ,10.1207,10.3789,10.1008,10.2696,10.1604,0.1092000000000013,1.0748,138672.71,142728.228,2.5049,1.0,10.2716,147524.846,10.2428,150246.617,10.262,216020.1308,9.8686,179790.9238,9.6191,161340.391,9.7178,164993.1563,9.5915,226296.2938
20161102,002418.SZ,10.2597,10.3491,10.0313,10.0909,10.2696,-0.17870000000000097,-1.7401,191471.08,196836.117,3.4586,1.3,10.2001,137910.95,10.2269,153657.894,10.2475,174982.5754,9.9234,184020.1338,9.6509,162114.896,9.7247,165356.818,9.595,226898.4414
20161103,002418.SZ,10.0809,10.2101,9.9518,10.1306,10.0909,0.039699999999999847,0.3934,130769.99,132774.954,2.3621,0.95,10.1485,141861.534,10.221,150987.375,10.233,155670.2354,9.9835,187827.4648,9.6866,160258.256,9.7343,165864.6105,9.6033,226823.8322
20161104,002418.SZ,10.1803,10.2796,10.0412,10.1604,10.1306,0.029799999999999827,0.2942,135810.44,138955.005,2.4532,0.96,10.1624,143463.612,10.2279,148903.56,10.2162,150809.0523,10.0388,189064.4362,9.7267,160334.4217,9.7423,166013.3078,9.6142,227325.3033
20161107,002418.SZ,10.1604,10.8159,10.0809,10.5577,10.1604,0.3973000000000013,3.9103,350523.51,370921.736,6.3316,2.44,10.2418,189449.546,10.2548,164244.062,10.2399,165667.9138,10.1074,202261.3233,9.7767,168651.722,9.7572,170195.1495,9.6283,229801.6511
20161108,002418.SZ,10.5378,10.6272,10.3292,10.4484,10.5577,-0.10930000000000106,-1.0353,161054.39,169567.204,2.9092,0.85,10.2776,193925.882,10.2746,170725.364,10.2597,165943.2377,10.1637,203720.6671,9.824,171459.3073,9.773,171764.7365,9.6434,230595.069
20161109,002418.SZ,10.4683,10.6371,10.0313,10.369,10.4484,-0.07939999999999969,-0.7599,270841.42,281321.854,4.8923,1.4,10.3332,209799.95,10.2667,173855.45,10.2811,174727.3015,10.2044,207295.9405,9.8704,178166.2387,9.7894,174226.5968,9.6586,232220.2342
20161110,002418.SZ,10.4782,11.1635,10.3888,10.955,10.369,0.5860000000000003,5.6515,467361.34,507199.927,8.4421,2.23,10.4981,277118.22,10.3233,209489.877,10.3323,195515.2131,10.2739,223453.3643,9.93,189355.525,9.8105,179337.22,9.6775,235622.9237
20161111,002418.SZ,10.8258,11.094,10.7861,10.945,10.955,-0.009999999999999787,-0.0913,329110.53,362217.994,5.9448,1.19,10.655,315778.238,10.4087,229620.925,10.3858,213428.2254,10.3363,230724.019,9.9925,197229.2967,9.8313,182686.649,9.6921,237777.82
20161114,002418.SZ,10.9748,11.1536,10.6769,10.8159,10.945,-0.1291000000000011,-1.1795,226091.32,247014.261,4.084,0.72,10.7067,290891.8,10.4743,240170.673,10.414,212393.6685,10.3619,206968.401,10.0571,201288.114,9.853,185067.8567,9.7078,238838.971
20161115,002418.SZ,10.8656,10.9252,10.5577,10.7563,10.8159,-0.05959999999999965,-0.551,199776.65,215097.817,3.6086,0.69,10.7682,298636.252,10.5229,246281.067,10.4423,219221.3285,10.3827,198299.1743,10.1177,204525.4133,9.8734,187251.0888,9.7292,239613.8833
20161116,002418.SZ,10.7464,11.4118,10.7265,10.9152,10.7563,0.15890000000000093,1.4773,253296.66,280633.162,4.5754,0.85,10.8775,295127.3,10.6054,252463.625,10.5057,228874.9138,10.4082,200884.4524,10.1859,211274.7673,9.8919,188381.7088,9.7554,239994.9747
20161117,002418.SZ,10.9152,10.955,10.6868,10.7762,10.9152,-0.13900000000000112,-1.2735,146820.26,160052.501,2.6521,0.5,10.8417,231019.084,10.6699,254068.652,10.5531,230892.3308,10.4333,200382.6405,10.2451,212507.6413,9.9083,188445.0492,9.7826,239245.7804
20161118,002418.SZ,10.796,10.9053,10.5378,10.5676,10.7762,-0.2085999999999988,-1.9357,151280.25,162758.678,2.7326,0.65,10.7662,195453.028,10.7106,255615.633,10.576,231862.1415,10.4513,200087.6438,10.2935,215104.0203,9.9202,188898.3988,9.8063,239003.4733
20161121,002418.SZ,10.5577,10.9748,10.508,10.6371,10.5676,0.06949999999999967,0.6577,180152.8,194622.47,3.2542,0.92,10.7305,186265.324,10.7186,238578.562,10.618,230991.5046,10.4773,201206.8919,10.3392,216762.1747,9.9179,183550.2663,9.832,239190.9193
20161122,002418.SZ,10.5974,10.7464,10.508,10.5477,10.6371,-0.08939999999999948,-0.8405,132829.69,141353.28,2.3993,0.71,10.6888,172875.932,10.7285,235756.092,10.6501,231149.9431,10.4896,198145.5205,10.3736,214664.475,9.9171,181403.4135,9.859,238933.4584
20161123,002418.SZ,10.5775,10.6669,10.2299,10.2696,10.5477,-0.27810000000000024,-2.6366,175331.8,184365.266,3.1671,1.01,10.5596,157282.96,10.7186,226205.13,10.6585,234190.0477,10.4905,201911.7314,10.3994,216240.3537,9.9121,180958.2683,9.8824,239236.5082
20161124,002418.SZ,10.2895,10.369,10.071,10.0909,10.2696,-0.17870000000000097,-1.7401,172749.55,176391.187,3.1204,1.1,10.4226,162468.818,10.6322,196743.951,10.6226,220515.1277,10.4735,198731.2071,10.4147,216117.7793,9.908,180527.0668,9.9052,239803.089
20161125,002418.SZ,10.0611,10.2299,9.922,10.1604,10.0909,0.06949999999999967,0.6887,136764.2,138842.699,2.4704,0.84,10.3411,159565.608,10.5537,177509.318,10.6005,218646.6515,10.4626,199957.261,10.4107,196511.276,9.907,180314.6497,9.9296,240155.1033
20161128,002418.SZ,10.1902,10.359,10.1405,10.1405,10.1604,-0.019899999999999807,-0.1959,119016.22,122765.915,2.1498,0.75,10.2418,147338.292,10.4862,166801.808,10.5829,206967.79,10.465,199538.9833,10.4047,187750.803,9.9048,180416.303,9.9498,239360.3294
20161129,002418.SZ,10.1306,10.2498,9.9816,10.0015,10.1405,-0.13899999999999935,-1.3707,116914.8,119115.788,2.1119,0.79,10.1326,144155.314,10.4107,158515.623,10.5095,180010.3638,10.4574,199363.791,10.3921,185014.4357,9.9023,180472.4627,9.9667,238071.1187
20161130,002418.SZ,9.9816,10.0909,9.922,10.0511,10.0015,0.049599999999999866,0.4959,71051.03,71563.906,1.2834,0.49,10.0889,123299.16,10.3243,140291.06,10.4408,160159.6331,10.447,196143.711,10.3855,182137.5263,9.899,179227.3325,9.9839,237313.8526
20161201,002418.SZ,10.0114,10.1107,9.9916,10.0313,10.0511,-0.01980000000000004,-0.197,58226.28,58761.75,1.0518,0.47,10.077,100394.506,10.2498,131431.662,10.3804,147246.9377,10.4442,189798.7205,10.3802,178829.2297,9.8972,178520.0502,10.0018,236492.5668
20161202,002418.SZ,10.0511,10.0809,9.8326,9.8426,10.0313,-0.18870000000000076,-1.8811,89717.0,89577.828,1.6206,0.89,10.0134,90985.066,10.1773,125275.337,10.3101,138780.8108,10.4304,187843.8162,10.3719,176598.1767,9.8937,177706.7928,10.0116,234563.7503
20161205,002418.SZ,9.8227,9.8227,9.5744,9.6539,9.8426,-0.18869999999999898,-1.9172,78386.58,76122.908,1.4159,0.86,9.9161,82859.138,10.079,115098.715,10.2131,125326.1892,10.4063,185109.3467,10.3508,172640.4463,9.8909,176987.4203,10.0177,230133.5256
20161206,002418.SZ,9.6539,9.9816,9.6539,9.9717,9.6539,0.3178000000000001,3.2919,121440.46,121100.129,2.1936,1.47,9.9101,83764.27,10.0214,113959.792,10.1512,123373.8969,10.3784,174200.63,10.3415,173480.416,9.8982,175966.8182,10.0281,228575.5269
20161207,002418.SZ,9.9717,10.1306,9.932,10.0015,9.9717,0.029799999999999827,0.2988,96665.2,97452.685,1.7461,1.15,9.9002,88887.104,9.9945,106093.132,10.1077,119172.7392,10.3571,171134.4781,10.3266,168717.904,9.9078,173903.0363,10.0453,227245.7139
20161208,002418.SZ,10.0313,10.2895,9.9717,10.1902,10.0015,0.18870000000000076,1.8867,162660.12,166467.733,2.9382,1.83,9.932,109773.872,10.0045,105084.189,10.0733,117827.1485,10.3486,165982.9876,10.32,170439.339,9.9239,169877.3117,10.0634,226930.9457
20161209,002418.SZ,10.2597,10.3094,10.1306,10.2498,10.1902,0.05959999999999965,0.5849,109524.71,112781.585,1.9784,1.0,10.0134,113735.414,10.0134,102360.24,10.0504,116034.4577,10.315,148943.1481,10.3253,169830.161,9.9416,167939.0415,10.0753,225036.0038
20161212,002418.SZ,10.2498,10.3094,9.9121,10.0114,10.2498,-0.2384000000000004,-2.3259,210535.54,214756.366,3.803,1.85,10.0849,140165.206,10.0005,111512.172,10.0305,118742.4377,10.2706,143296.72,10.3203,172828.2177,9.955,169490.1802,10.0779,215947.8657
20161213,002418.SZ,10.0114,10.2498,9.922,10.2001,10.0114,0.18870000000000076,1.8849,115095.89,117705.291,2.079,0.82,10.1306,138896.292,10.0204,111330.281,10.0389,114307.5408,10.2413,138011.2233,10.318,172042.3237,9.9685,166691.3573,10.0798,207417.0959
20161214,002418.SZ,10.2696,10.5378,9.8922,9.9419,10.2001,-0.25820000000000043,-2.5313,185262.03,190771.423,3.3464,1.33,10.1187,156615.658,10.0094,122751.381,10.0221,118038.1431,10.2025,137320.051,10.313,171835.3553,9.982,166975.1257,10.0775,203482.3355
20161215,002418.SZ,9.783,10.0809,9.6737,9.9022,9.9419,-0.039699999999999847,-0.3993,77952.64,77841.639,1.4081,0.5,10.0611,139674.162,9.9965,124724.017,10.0038,114879.4062,10.1542,128970.3357,10.3054,170074.777,9.996,165166.5165,10.0742,198073.5145
20161216,002418.SZ,9.8823,10.071,9.8823,10.0412,9.9022,0.13899999999999935,1.4037,61240.98,61611.908,1.1062,0.44,10.0194,130017.416,10.0164,121876.415,10.0068,110596.8046,10.1192,124895.1319,10.3014,167589.1283,10.0141,163961.775,10.0659,193410.72
20161219,002418.SZ,10.0313,10.1107,9.9816,10.0412,10.0412,0.0,0.0,52794.93,53402.345,0.9537,0.41,10.0253,98469.294,10.0551,119317.25,10.0061,109192.4892,10.0942,120205.3548,10.2842,157664.8423,10.0305,163158.2822,10.0625,189974.0426
20161220,002418.SZ,10.0114,10.3094,10.0114,10.2994,10.0412,0.25820000000000043,2.5714,117383.78,120572.819,2.1203,1.19,10.0452,98926.872,10.0879,118911.582,10.0267,113743.0662,10.0781,117216.3538,10.2792,156209.1553,10.0516,163834.2313,10.0639,185202.9856
20161221,002418.SZ,10.3789,10.4087,10.1405,10.1902,10.2994,-0.10919999999999952,-1.0603,83359.08,85982.44,1.5057,0.84,10.0948,78546.282,10.1068,117580.97,10.0534,113253.9954,10.0611,114860.6105,10.2733,149959.744,10.0718,164062.9913,10.0627,182764.2265
20161222,002418.SZ,10.1902,10.2597,10.0511,10.2101,10.1902,0.019899999999999807,0.1953,59697.5,60925.499,1.0783,0.76,10.1564,74895.254,10.1088,107284.708,10.0962,111816.3738,10.0582,109354.2152,10.2485,136370.9493,10.0892,162863.2372,10.0617,179628.5198
20161223,002418.SZ,10.1306,10.2796,10.1207,10.2299,10.2101,0.01980000000000004,0.1939,89498.87,92051.346,1.6166,1.19,10.1942,80546.832,10.1068,105282.124,10.1161,109359.3285,10.0649,105389.8971,10.2246,128383.894,10.1086,162806.5953,10.0583,174967.9175
20161226,002418.SZ,10.2299,10.2696,10.0412,10.2696,10.2299,0.039699999999999847,0.3881,65622.77,67289.587,1.1854,0.81,10.2398,83112.4,10.1326,90790.847,10.1367,106971.4492,10.0701,102002.21,10.2064,123034.9423,10.1318,162161.5282,10.0565,173250.5788
20161227,002418.SZ,10.2696,10.3094,10.1405,10.1505,10.2696,-0.11910000000000132,-1.1597,59885.0,61580.532,1.0817,0.72,10.2101,71612.644,10.1276,85269.758,10.1337,99065.6708,10.0705,99186.4376,10.1862,118371.8873,10.152,161448.6503,10.0553,172102.5337
20161228,002418.SZ,10.1604,10.2101,9.9916,10.0114,10.1505,-0.1390999999999991,-1.3704,60331.4,61389.064,1.0898,0.84,10.1743,67007.108,10.1346,72776.695,10.1153,95281.57,10.071,96491.99,10.1561,111939.712,10.171,161607.2397,10.053,169959.6631
20161229,002418.SZ,10.0114,10.0809,9.8823,9.9816,10.0114,-0.029799999999999827,-0.2977,76335.08,76596.046,1.3789,1.14,10.1286,70334.624,10.1425,72614.939,10.113,84958.4577,10.0677,96743.6114,10.1296,109590.206,10.1874,161048.9237,10.0491,168205.348
20161230,002418.SZ,9.9618,10.2895,9.9121,10.1604,9.9816,0.17879999999999896,1.7913,85702.04,87221.478,1.5481,1.22,10.1147,69575.258,10.1544,75061.045,10.11,82697.3923,10.0738,98051.981,10.116,107404.2657,10.2048,161254.143,10.0443,165258.4508
20170103,002418.SZ,10.2398,10.7762,10.2101,10.7166,10.1604,0.5562000000000005,5.4742,370505.3,394049.475,6.6926,5.33,10.2041,130551.764,10.222,106832.082,10.1696,96946.8746,10.1155,111422.8524,10.1187,113749.349,10.2289,165255.7618,10.0401,164698.2943
20170104,002418.SZ,10.6272,10.8258,10.5676,10.7166,10.7166,0.0,0.0,353166.77,380872.54,6.3794,2.71,10.3173,189208.118,10.2637,130410.381,10.2322,118117.1923,10.1661,124507.6233,10.1243,121093.9183,10.249,167879.1967,10.0371,165292.639
20170105,002418.SZ,10.6769,10.945,10.6073,10.7265,10.7166,0.00990000000000002,0.0924,376881.11,408699.755,6.8077,1.99,10.4603,252518.06,10.3173,159762.584,10.2849,142397.2023,10.202,136671.4638,10.1395,127812.2287,10.2695,172026.2912,10.0298,164938.865
20170106,002418.SZ,10.6669,10.8854,10.6073,10.6073,10.7265,-0.1191999999999993,-1.1113,219253.55,237703.129,3.9604,0.87,10.5855,281101.754,10.357,175718.189,10.3285,155201.7115,10.2309,142509.0043,10.1568,129362.362,10.2857,172740.0707,10.024,164234.2577
20170109,002418.SZ,10.5279,10.8457,10.3888,10.6471,10.6073,0.03979999999999961,0.3752,288599.16,310022.65,5.2131,1.03,10.6828,321681.178,10.3988,195628.218,10.3552,168372.1254,10.2526,148506.1014,10.173,134423.5273,10.2918,165467.4017,10.0199,164969.4174
20170110,002418.SZ,10.6371,10.8755,10.5875,10.8656,10.6471,0.21850000000000058,2.0522,340082.38,369066.195,6.143,1.06,10.7126,315596.594,10.4584,223074.179,10.4072,188120.0715,10.2819,159485.0381,10.1971,141792.3993,10.3009,164771.6012,10.0169,166469.0428
20170111,002418.SZ,10.8656,10.8755,10.5676,10.6868,10.8656,-0.17880000000000074,-1.6456,115886.03,124866.588,2.0933,0.37,10.7067,268140.446,10.512,228674.282,10.4438,192442.2662,10.3141,154977.9186,10.22,141758.107,10.3061,163386.2713,10.0137,166411.2301
20170112,002418.SZ,10.6868,10.7662,10.3888,10.4286,10.6868,-0.25820000000000043,-2.4161,101955.89,108491.703,1.8417,0.38,10.6471,213155.402,10.5537,232836.731,10.4591,193400.4985,10.325,154352.2043,10.2326,142788.269,10.309,162462.8977,10.0112,165270.5432
20170113,002418.SZ,10.3988,10.5279,10.2101,10.22,10.4286,-0.2085999999999988,-2.0003,92848.06,97097.336,1.6771,0.44,10.5696,187874.304,10.5776,234488.029,10.4553,195494.7515,10.3382,149951.539,10.2389,143942.3283,10.3095,161385.779,10.0062,164892.7682
20170116,002418.SZ,10.22,10.2796,9.197,9.6042,10.22,-0.6158000000000001,-6.0254,188280.07,185037.793,3.401,1.0,10.361,167810.486,10.5219,244745.832,10.4133,205371.2954,10.324,155205.2262,10.2309,147227.764,10.3014,161912.9703,9.994,165213.8098
20170117,002418.SZ,9.6042,9.783,9.2665,9.7532,9.6042,0.14899999999999913,1.5514,102520.99,98427.236,1.8519,0.61,10.1386,120298.208,10.4256,217947.401,10.3934,208616.6485,10.3103,157170.941,10.2342,148032.2443,10.2925,160336.3453,9.9844,165142.653
20170118,002418.SZ,9.7333,9.8227,9.6042,9.6241,9.7532,-0.12909999999999933,-1.3237,49129.99,47996.452,0.8875,0.41,9.926,106947.0,10.3163,187543.723,10.3659,206523.9492,10.2905,156996.42,10.2226,145621.8953,10.2821,159551.1557,9.977,164307.04
20170119,002418.SZ,9.6737,9.7333,9.4056,9.4354,9.6241,-0.18870000000000076,-1.9607,56890.24,54659.433,1.0276,0.53,9.7274,97933.87,10.1872,155544.636,10.3102,204307.6569,10.2493,154115.7752,10.2038,144296.0633,10.2652,156506.9837,9.972,162975.5311
20170120,002418.SZ,9.4354,9.5446,9.4056,9.5148,9.4354,0.07939999999999969,0.8415,58673.8,55968.728,1.0598,0.6,9.5863,91099.018,10.078,139486.661,10.2177,180320.6185,10.2172,152940.2857,10.1813,140829.8527,10.2506,155634.5958,9.9668,162262.1139
20170123,002418.SZ,9.5049,9.7631,9.495,9.6837,9.5148,0.16890000000000072,1.7751,49846.17,48534.843,0.9004,0.55,9.6022,63412.238,9.9816,115611.362,10.1383,156988.2646,10.1921,152471.1748,10.1624,138840.568,10.2438,154335.3645,9.9678,160821.9756
20170124,002418.SZ,9.6936,9.8028,9.6439,9.6737,9.6837,-0.009999999999999787,-0.1033,39389.22,38570.16,0.7115,0.62,9.5863,50785.884,9.8625,85542.046,10.0573,131027.35,10.1656,150085.001,10.1511,133135.6907,10.2357,152981.9542,9.9704,159005.8293
20170125,002418.SZ,9.6737,9.7333,9.5943,9.6042,9.6737,-0.06949999999999967,-0.7184,38259.13,37215.445,0.6911,0.75,9.5824,48611.712,9.7542,77779.356,9.9801,117104.7023,10.1339,148781.9705,10.1313,130574.4653,10.2246,151308.3945,9.9712,158150.7754
20170126,002418.SZ,9.6936,9.6936,9.495,9.6539,9.6042,0.04969999999999963,0.5175,49580.03,47936.031,0.8956,1.02,9.6261,47149.67,9.6767,72541.77,9.9037,98718.6154,10.1103,148291.2576,10.1217,126051.732,10.2173,148943.5437,9.971,157150.1808
20170203,002418.SZ,9.6539,9.7333,9.6042,9.6439,9.6539,-0.009999999999999787,-0.1036,37106.64,36145.478,0.6703,0.79,9.6519,42836.238,9.6191,66967.628,9.8097,75412.7892,10.0928,147185.3167,10.1131,124690.1987,10.2092,147382.4878,9.9718,156623.5492
20170206,002418.SZ,9.6439,9.6936,9.5247,9.6241,9.6439,-0.01980000000000004,-0.2053,57643.18,55651.676,1.0412,1.35,9.64,44395.64,9.6211,53903.939,9.728,70932.57,10.0757,146295.2262,10.0992,124570.272,10.2003,146079.7002,9.9713,156046.504
20170207,002418.SZ,9.634,9.6638,9.5744,9.6439,9.6241,0.01980000000000004,0.2057,59171.86,57359.993,1.0688,1.33,9.634,48352.168,9.6102,49569.026,9.6676,67641.4908,10.0512,145031.8843,10.0859,124782.8363,10.1851,141223.8393,9.9711,155709.4944
20170208,002418.SZ,9.634,9.6837,9.5148,9.6837,9.6439,0.03979999999999961,0.4127,54626.9,52812.214,0.9867,1.13,9.6499,51625.722,9.6161,50118.717,9.6264,64701.4015,10.002,129990.0557,10.0654,122690.9403,10.1723,139450.0478,9.9727,155607.3922
20170209,002418.SZ,9.6837,10.1107,9.6638,9.922,9.6837,0.23830000000000062,2.4608,143792.66,143941.499,2.5974,2.79,9.7035,70468.248,9.6648,58808.959,9.6508,61279.2931,9.9641,120019.86,10.0564,124705.393,10.1649,137332.5685,9.9772,155779.5827
20170210,002418.SZ,9.922,10.1107,9.922,9.9717,9.922,0.04969999999999963,0.5009,78264.05,78986.49,1.4137,1.11,9.7691,78699.73,9.7105,60767.984,9.6676,59413.3746,9.9282,105800.0,10.0485,125324.278,10.1485,130847.6137,9.9795,155092.4168
20170213,002418.SZ,9.932,10.0809,9.932,10.0015,9.9717,0.029799999999999827,0.2988,58711.37,59118.783,1.0605,0.75,9.8446,78913.368,9.7423,61654.504,9.6967,60150.4038,9.8993,98155.1343,10.0409,124298.028,10.1328,126340.961,9.982,154513.805
20170214,002418.SZ,10.0213,10.0809,9.932,9.9419,10.0015,-0.05959999999999965,-0.5959,65869.68,66095.033,1.1898,0.83,9.9042,80252.932,9.7691,64302.55,9.7356,60841.13,9.8658,87548.9686,10.03,124306.2583,10.1182,123670.6003,9.9856,154369.2285
20170215,002418.SZ,9.9816,10.0809,9.8724,9.8724,9.9419,-0.06949999999999967,-0.6991,59240.97,59479.143,1.0701,0.74,9.9419,81175.746,9.7959,66400.734,9.7631,60884.7585,9.8185,74175.5681,10.0207,124284.7907,10.1035,121328.339,9.9884,154289.7139
20170216,002418.SZ,9.8624,10.0313,9.8525,9.932,9.8724,0.05959999999999965,0.6037,61246.23,61248.364,1.1063,0.75,9.9439,64666.46,9.8237,67567.354,9.7822,61761.6862,9.7825,71573.6729,10.018,124315.285,10.0871,118127.4985,9.9895,153254.6037
20170217,002418.SZ,9.9419,9.9916,9.6936,9.7035,9.932,-0.22850000000000037,-2.3006,82574.13,81487.339,1.4916,1.28,9.8903,65528.476,9.8297,72114.103,9.7845,65083.6023,9.748,70650.7319,10.0088,124523.2533,10.0692,117056.7297,9.9887,152750.8894
20170220,002418.SZ,9.7035,9.7631,9.5744,9.6936,9.7035,-0.00990000000000002,-0.102,69053.19,67119.993,1.2473,1.05,9.8287,67596.84,9.8366,73255.104,9.7914,67452.3762,9.7229,69517.6429,9.9932,123968.2917,10.0546,115686.2787,9.9874,152292.3388
20170221,002418.SZ,9.6936,9.7532,9.5744,9.7433,9.6936,0.04969999999999963,0.5127,80386.16,78239.583,1.452,1.19,9.789,70500.136,9.8466,75376.534,9.7983,69822.0785,9.7295,64379.8376,9.9608,114297.6537,10.0397,114023.5013,9.9788,148786.8838
20170222,002418.SZ,9.7433,9.773,9.6539,9.6737,9.7433,-0.06959999999999944,-0.7143,59131.03,57713.84,1.0681,0.84,9.7492,70478.148,9.8456,75826.947,9.8006,71516.2623,9.7258,62313.649,9.926,104496.4623,10.0252,112795.1903,9.9711,147099.3019
20170223,002418.SZ,9.6539,9.7035,9.5347,9.5744,9.6737,-0.0992999999999995,-1.0265,93422.82,90098.542,1.6875,1.33,9.6777,76913.466,9.8108,70789.963,9.7967,74268.5423,9.7234,64422.8314,9.8876,95047.8527,10.0136,111430.0407,9.9628,146194.1545
20170224,002418.SZ,9.5347,9.6141,9.5347,9.5744,9.5744,0.0,0.0,62987.77,60699.742,1.1378,0.82,9.6519,72996.194,9.7711,69262.335,9.7914,74562.0738,9.73,64713.19,9.8532,89838.9933,10.005,109600.6777,9.9565,145063.8723
20170227,002418.SZ,9.5943,9.7234,9.5446,9.5545,9.5744,-0.019899999999999807,-0.2078,87393.17,84752.292,1.5786,1.2,9.6241,76664.19,9.7264,72130.515,9.7815,77082.5562,9.7319,66080.779,9.8168,83132.127,9.9949,108777.8272,9.9509,144546.2384
20170228,002418.SZ,9.5347,9.6539,9.5049,9.5446,9.5545,-0.00990000000000002,-0.1036,65721.88,63222.362,1.1872,0.86,9.5843,73731.334,9.6866,72115.735,9.7524,71077.1115,9.7253,66836.7652,9.7727,73986.777,9.9849,107889.5882,9.9449,144152.9456
20170301,002418.SZ,9.5843,9.634,9.5148,9.6141,9.5446,0.06949999999999967,0.7282,75385.73,72692.121,1.3617,1.02,9.5724,76982.274,9.6608,73730.211,9.7249,70855.7023,9.7224,68550.8848,9.737,72636.767,9.9785,107197.437,9.9404,143834.9498
20170302,002418.SZ,9.6241,9.6936,9.4254,9.4354,9.6141,-0.17870000000000097,-1.8587,97639.63,93695.73,1.7637,1.27,9.5446,77825.636,9.6112,77369.551,9.6814,73850.1838,9.7144,71378.5276,9.7039,72492.8917,9.9682,107640.5803,9.9336,143433.9564
20170303,002418.SZ,9.4155,9.4254,9.2268,9.2566,9.4354,-0.17879999999999896,-1.895,130908.82,122572.326,2.3646,1.68,9.481,91409.846,9.5665,82203.02,9.6287,78853.1946,9.6955,75251.3271,9.6717,73761.5837,9.9553,108851.956,9.9263,143686.0031
20170306,002418.SZ,9.2864,9.3758,9.197,9.336,9.2566,0.07939999999999969,0.8578,81139.61,75924.141,1.4657,0.89,9.4373,90159.134,9.5307,83411.662,9.5874,80537.7054,9.6808,77348.1352,9.6628,70190.235,9.9469,108708.9995,9.9203,143207.8962
20170307,002418.SZ,9.3559,9.495,9.3261,9.3559,9.336,0.019899999999999807,0.2132,103151.74,97845.848,1.8633,1.14,9.3996,97645.106,9.492,85688.22,9.5431,83761.2062,9.6681,79515.2095,9.6496,70211.26,9.9419,109121.7522,9.9164,143054.5863
20170308,002418.SZ,9.3857,9.4751,9.346,9.4354,9.3559,0.07949999999999946,0.8497,61942.1,58750.819,1.1189,0.63,9.3639,94956.38,9.4681,85969.327,9.5225,82174.1269,9.6581,79647.1257,9.6433,70638.3303,9.933,108130.1128,9.9156,142048.4655
20170309,002418.SZ,9.4354,9.4652,9.2864,9.4552,9.4354,0.01980000000000004,0.2098,61675.15,58172.885,1.1141,0.65,9.3678,87763.484,9.4562,82794.56,9.5041,81606.5854,9.6472,79982.7567,9.6439,70797.8273,9.9239,107546.9453,9.9158,140724.9908
20170310,002418.SZ,9.4552,9.5148,9.3658,9.485,9.4552,0.029799999999999827,0.3152,63845.57,60693.578,1.1533,0.73,9.4135,74350.834,9.4473,82880.34,9.4842,80334.2323,9.6264,76175.7524,9.6429,70970.2197,9.9121,105900.0362,9.918,137888.6739
20170313,002418.SZ,9.495,9.5148,9.3758,9.4453,9.485,-0.039699999999999847,-0.4186,70039.38,66551.0,1.2651,0.94,9.4354,72130.788,9.4364,81144.961,9.4667,81173.3362,9.6014,75784.1014,9.635,71643.3267,9.8987,105241.9473,9.9201,136590.4944
20170314,002418.SZ,9.4751,9.495,9.336,9.3758,9.4453,-0.06949999999999967,-0.7358,63252.18,59873.8,1.1425,0.88,9.4393,64150.876,9.4195,80897.991,9.4514,78852.5177,9.5716,76000.3305,9.6251,72438.7587,9.8881,102787.2247,9.9215,136138.7024
20170315,002418.SZ,9.3857,9.4552,9.3162,9.4552,9.3758,0.07939999999999969,0.8469,59398.49,56227.832,1.0729,0.93,9.4433,63642.154,9.4036,79299.267,9.4422,78576.4192,9.5484,75692.1786,9.6201,73143.404,9.8757,101858.9347,9.9221,134275.146
20170316,002418.SZ,9.4453,9.4751,9.3758,9.4552,9.4552,0.0,0.0,70666.03,67045.471,1.2765,1.11,9.4433,65440.33,9.4056,76601.907,9.4346,77289.7162,9.5285,76236.229,9.6135,73846.2707,9.8676,99949.0013,9.9248,133462.0635
20170317,002418.SZ,9.4453,9.4453,9.2367,9.2467,9.4552,-0.20849999999999902,-2.2051,160650.99,150502.152,2.9019,2.45,9.3956,84801.414,9.4046,79576.124,9.4117,84591.9554,9.4959,80969.789,9.6002,77964.4157,9.8566,101327.3072,9.9263,133246.9118
20170710,002418.SZ,9.2367,9.336,8.323,8.323,9.2467,-0.9237000000000002,-9.9895,383275.2,333163.587,6.9232,4.52,9.1712,147448.578,9.3033,109789.683,9.3124,108275.7608,9.4302,95288.8876,9.5569,88818.8163,9.828,106694.5442,9.921,135328.1596
20170711,002418.SZ,8.2435,8.3726,7.876,8.0548,8.323,-0.2682000000000002,-3.2224,233096.46,190807.917,4.2105,1.58,8.907,181417.434,9.1732,122784.155,9.2062,118695.5169,9.3521,103100.4719,9.5039,94616.303,9.7949,109699.5697,9.9127,136428.9259
20170712,002418.SZ,7.9456,8.0151,7.6973,7.9853,8.0548,-0.06950000000000056,-0.8628,160482.98,126768.066,2.8989,0.88,8.613,201634.332,9.0282,132638.243,9.1084,120970.4523,9.2684,106914.6062,9.4473,98144.839,9.7563,110417.8897,9.904,137126.0605
20170713,002418.SZ,7.9644,8.2236,7.8847,8.0242,7.9844,0.0398000000000005,0.4985,101258.52,82065.199,1.8291,0.5,8.3268,207752.83,8.8851,136596.58,9.0075,122518.0608,9.1899,108920.6771,9.384,96727.0343,9.7202,110716.2137,9.896,137389.6025
20170714,002418.SZ,7.9844,8.2336,7.9744,8.094,8.0242,0.06979999999999897,0.8699,87061.55,71057.774,1.5726,0.42,8.0963,193034.942,8.746,138918.178,8.9104,121280.3538,9.1194,108617.7595,9.3214,97020.2843,9.685,111172.2812,9.8871,137017.7592
20170717,002418.SZ,7.9744,7.9744,7.2966,7.9644,8.094,-0.12959999999999905,-1.6012,153416.68,118282.226,2.7712,0.79,8.0245,147063.238,8.5979,147255.908,8.7972,128316.86,9.0427,112923.8981,9.2535,100177.128,9.6472,112237.578,9.8779,137522.0867
20170718,002418.SZ,7.6853,8.0541,7.6853,7.9644,7.9644,0.0,0.0,91719.94,72480.257,1.6568,0.62,8.0065,118787.934,8.4567,150102.684,8.6826,130627.9977,8.967,113129.9348,9.1876,101038.8033,9.6088,112672.5308,9.8703,137417.0295
20170719,002418.SZ,7.9744,8.1737,7.8847,8.1737,7.9644,0.20929999999999982,2.6279,104932.92,84567.542,1.8954,0.88,8.0441,107677.922,8.3286,154656.127,8.5817,133788.5631,8.9017,114997.1271,9.131,102561.8683,9.5758,113423.3295,9.8639,137435.9899
20170720,002418.SZ,8.1438,8.1438,7.9844,8.0242,8.1737,-0.14949999999999974,-1.829,66107.61,53472.666,1.1941,0.61,8.0441,100647.74,8.1855,154200.285,8.4724,133486.1192,8.826,114555.3119,9.0674,102723.9143,9.5427,113519.5997,9.8569,137563.4197
20170721,002418.SZ,7.9744,7.9844,7.8747,7.8747,8.0242,-0.14950000000000063,-1.8631,62420.0,49582.591,1.1275,0.62,8.0003,95719.43,8.0483,144377.186,8.3569,133422.1054,8.7517,112878.1867,9.0064,102052.11,9.5076,113287.6817,9.8475,137168.3027
20170724,002418.SZ,7.8149,8.0641,7.8149,7.9744,7.8747,0.09970000000000034,1.2661,69102.82,55168.464,1.2482,0.72,8.0023,78856.658,8.0134,112959.948,8.243,134168.5923,8.6906,109935.0438,8.9491,102053.7643,9.4712,113011.028,9.838,137132.5855
20170725,002418.SZ,7.9744,8.104,7.9644,7.9943,7.9744,0.019899999999999807,0.2495,95005.29,76660.159,1.7161,1.2,8.0083,79513.728,8.0074,99150.831,8.1306,136040.8431,8.6267,110595.3143,8.8908,102541.0687,9.4258,108419.3612,9.8274,136837.5615
20170726,002418.SZ,7.9744,8.0741,7.8847,7.9146,7.9943,-0.07969999999999988,-0.997,102246.26,81625.969,1.8469,1.29,7.9564,78976.396,8.0003,93327.159,8.0282,131548.1715,8.5581,110552.1962,8.8322,103978.243,9.3791,104237.3527,9.814,136058.2747
20170727,002418.SZ,7.8548,8.0541,7.785,7.9644,7.9146,0.04980000000000029,0.6292,101437.65,80804.069,1.8323,1.28,7.9445,86042.404,7.9943,93345.072,8.0006,109868.36,8.488,112432.9367,8.7785,104245.404,9.3331,99646.6283,9.8013,135836.4598
20170728,002418.SZ,7.9644,8.0143,7.8049,7.9445,7.9644,-0.019900000000000695,-0.2499,105341.95,83780.248,1.9028,1.22,7.9584,94626.794,7.9794,95173.112,7.9921,100041.09,8.4161,114512.3081,8.7242,105657.21,9.2887,97748.1017,9.7872,135244.0862
20170731,002418.SZ,7.9345,8.0043,7.7651,7.8847,7.9445,-0.059800000000000075,-0.7527,113780.63,89811.856,2.0553,1.2,7.9405,103562.356,7.9714,91209.507,7.9843,96448.6015,8.3399,116890.1681,8.6685,106536.792,9.2426,94834.4595,9.7672,130150.9306
20170801,002418.SZ,7.8847,8.0741,7.7651,7.9744,7.8847,0.08970000000000056,1.1376,163201.86,129709.521,2.948,1.58,7.9365,117201.67,7.9724,98357.699,7.9805,101213.4738,8.2699,121326.4767,8.6162,109786.1247,9.1945,91886.4508,9.7477,128329.026
20170802,002418.SZ,7.9844,8.1737,7.8348,8.0442,7.9744,0.06979999999999986,0.8753,219661.02,175907.837,3.9678,1.87,7.9624,140684.622,7.9594,109830.509,7.9767,111413.4331,8.2064,128774.5167,8.5639,114595.301,9.1504,93616.034,9.7282,128501.1527
20170803,002418.SZ,7.9943,8.2734,7.8747,8.0242,8.0442,-0.019999999999999574,-0.2486,207344.97,167393.834,3.7453,1.47,7.9744,161866.086,7.9594,123954.245,7.9813,115561.7631,8.1383,135819.5871,8.5168,118252.1457,9.1103,95372.5187,9.7097,128917.7082
20170804,002418.SZ,7.9943,8.1139,7.9345,8.0741,8.0242,0.04989999999999917,0.6219,108419.03,87284.18,1.9584,0.67,8.0003,162481.502,7.9794,128554.148,7.9897,116846.3085,8.0725,137617.349,8.4774,117502.486,9.0746,95632.0348,9.6921,128508.9069
20170807,002418.SZ,8.0641,8.084,7.8946,8.0043,8.0741,-0.06979999999999897,-0.8645,168466.0,134646.956,3.0431,1.04,8.0242,173418.576,7.9824,138490.466,7.9767,121733.4685,8.0134,137989.4924,8.433,120413.3657,9.0479,95301.8003,9.6747,128607.3853
20170808,002418.SZ,7.9744,8.0641,7.9146,7.9943,8.0043,-0.010000000000000675,-0.1249,142145.01,113810.834,2.5676,0.82,8.0282,169207.206,7.9824,143204.438,7.9744,127582.4992,7.9977,126507.1024,8.3876,121713.1413,9.0186,95962.2007,9.6555,128149.273
20170809,002418.SZ,7.9844,8.2036,7.9046,7.9943,7.9943,0.0,0.0,151615.51,121301.04,2.7387,0.9,8.0182,155598.104,7.9903,148141.363,7.9836,134443.6923,7.9948,122627.0571,8.3396,124702.255,8.9914,97670.2927,9.6367,128610.7242
20170810,002418.SZ,8.0043,8.0043,7.8448,7.9544,7.9943,-0.03990000000000027,-0.4991,101965.55,80912.386,1.8418,0.66,8.0043,134522.22,7.9893,148194.153,7.9821,136971.5946,7.9934,119840.5129,8.2896,126045.2683,8.9668,98421.5478,9.616,127464.2658
20170811,002418.SZ,7.8747,8.0242,7.8548,7.9345,7.9544,-0.019899999999999807,-0.2502,129744.31,103153.328,2.3436,0.96,7.9764,138787.276,7.9883,150634.389,7.9775,139643.8269,7.9891,121196.979,8.2379,128241.893,8.9404,99606.0563,9.5955,127620.3261
20170814,002418.SZ,7.9046,7.9644,7.775,7.9245,7.9345,-0.009999999999999787,-0.126,123675.01,97776.656,2.234,0.89,7.9604,129829.078,7.9923,151623.827,7.9782,141292.1923,7.981,122940.4771,8.1872,130029.7473,8.9111,100836.537,9.5775,127585.9508
20170815,002418.SZ,7.9245,7.9245,7.8448,7.9146,7.9245,-0.00990000000000002,-0.1249,101679.55,80330.118,1.8367,0.78,7.9445,121735.986,7.9863,145471.596,7.9744,141310.8,7.9787,120476.8043,8.1385,131310.6597,8.8818,101874.7092,9.5587,127428.3317
20170816,002418.SZ,7.8847,7.9445,7.8348,7.9245,7.9146,0.00990000000000002,0.1251,115110.94,91128.267,2.0793,0.95,7.9305,114435.072,7.9744,135016.588,7.9728,142062.2608,7.9768,121590.6614,8.0875,133167.7413,8.8538,103155.5727,9.5392,127231.9836
20170817,002418.SZ,7.9146,7.9345,7.8249,7.9245,7.9245,0.0,0.0,136886.93,108143.969,2.4726,1.2,7.9245,121419.348,7.9644,127970.784,7.9759,143839.6685,7.9649,123112.281,8.0364,135375.1047,8.825,104610.6877,9.5211,126777.1157
20170818,002418.SZ,7.8647,7.9445,7.8548,7.8946,7.9245,-0.029900000000000482,-0.3773,119317.0,94667.355,2.1553,0.98,7.9165,119333.886,7.9465,129060.581,7.9698,140463.91,7.9587,125646.0614,7.9914,133997.305,8.7958,105980.8603,9.5025,126681.6741
20170821,002418.SZ,7.8946,8.0641,7.8747,8.0541,7.8946,0.15950000000000042,2.0204,120050.54,96294.158,2.1685,1.01,7.9425,118608.992,7.9514,124219.035,7.9705,132801.5654,7.9673,128390.3729,7.9824,125223.1497,8.7696,107020.983,9.485,126550.3416
20170822,002418.SZ,8.0442,8.5525,8.0442,8.393,8.0541,0.33890000000000065,4.2078,293094.94,245401.517,5.2943,2.47,8.0381,156892.07,7.9913,139314.028,7.9989,139397.7169,7.9872,139056.6643,7.9937,127223.099,8.7488,110919.701,9.4669,126071.7702
20170823,002418.SZ,8.3432,8.413,8.2734,8.3731,8.393,-0.019899999999999807,-0.2371,151373.97,126779.655,2.7343,0.96,8.1279,164144.676,8.0292,139289.874,8.0219,142701.9431,8.0052,141740.8871,8.0066,126919.4653,8.7269,112532.1522,9.4496,125991.1
20170824,002418.SZ,8.3731,8.403,8.3133,8.3631,8.3731,-0.010000000000001563,-0.1194,89299.49,74884.465,1.613,0.54,8.2156,154627.188,8.0701,138023.268,8.0495,136612.2115,8.0266,141124.3743,8.0179,126520.831,8.701,111623.9327,9.4329,124478.2506
20170825,002418.SZ,8.3233,8.5027,8.3233,8.4628,8.3631,0.09970000000000034,1.1921,128978.58,109414.275,2.3298,0.83,8.3292,156559.504,8.1229,137946.695,8.0855,135599.4092,8.0503,142435.8471,8.0302,127918.0653,8.6758,112469.1748,9.4121,121658.3943
20170828,002418.SZ,8.4429,8.7519,8.403,8.6721,8.4628,0.2093000000000007,2.4732,146656.46,126175.942,2.6491,0.94,8.4528,161880.688,8.1976,140244.84,8.1377,135217.9438,8.085,144403.2048,8.0538,127692.7247,8.6537,113934.9263,9.3932,120137.9437
20170829,002418.SZ,8.6522,8.6522,8.4728,8.4728,8.6721,-0.19930000000000092,-2.2982,101827.84,87197.563,1.8393,0.63,8.4688,123627.268,8.2535,140259.669,8.1776,135207.3508,8.113,143834.0243,8.0707,128029.6547,8.6292,114534.229,9.3737,119102.4147
20170830,002418.SZ,8.4728,8.5625,8.3332,8.5127,8.4728,0.03990000000000116,0.4709,115903.19,98321.273,2.0936,0.94,8.4967,116533.112,8.3123,140338.894,8.222,134142.6492,8.1386,141581.7067,8.082,128395.3303,8.6065,115478.5993,9.355,118403.4692
20170831,002418.SZ,8.4528,8.6522,8.4528,8.5027,8.5127,-0.009999999999999787,-0.1175,71608.0,61560.99,1.2935,0.61,8.5246,112994.814,8.3701,133811.001,8.2665,130137.4946,8.1604,134531.5629,8.098,128578.6767,8.5827,115651.2955,9.3349,116889.397
20170901,002418.SZ,8.5027,8.5824,8.413,8.4828,8.5027,-0.019900000000001583,-0.234,70529.93,60056.115,1.274,0.62,8.5286,101305.084,8.4289,128932.294,8.3102,127741.37,8.1823,128016.561,8.1183,128849.0077,8.5623,115450.5588,9.3158,116253.6443
20170904,002418.SZ,8.4728,8.5824,8.4329,8.5625,8.4828,0.07970000000000077,0.9395,80866.03,69122.931,1.4607,0.8,8.5067,88146.998,8.4798,125013.843,8.3593,125107.1462,8.2055,126704.5133,8.1379,129241.1147,8.5435,115647.4395,9.2991,115666.8591
20170905,002418.SZ,8.5426,8.732,8.5426,8.6123,8.5625,0.0497999999999994,0.5816,75943.98,65872.619,1.3718,0.86,8.5346,82970.226,8.5017,103298.747,8.4122,120419.2269,8.2345,122298.7029,8.1585,128605.7377,8.5246,115573.4032,9.2822,114798.4523
20170906,002418.SZ,8.6123,8.722,8.5725,8.6721,8.6123,0.059800000000000963,0.6944,65017.25,56565.525,1.1744,0.78,8.5665,72793.038,8.5316,94663.075,8.472,116242.3231,8.2668,118625.9524,8.1837,127364.7707,8.5079,115671.5068,9.2666,114233.3486
20170907,002418.SZ,8.6821,8.9911,8.6821,8.8117,8.6721,0.13959999999999972,1.6098,92311.49,82047.67,1.6675,1.27,8.6283,76933.736,8.5765,94964.275,8.5303,114108.55,8.3057,115801.9514,8.2119,127060.5653,8.4952,115652.9847,9.2544,113541.5127
20170908,002418.SZ,8.7519,8.9512,8.7519,8.9213,8.8117,0.10960000000000036,1.2438,61602.91,54848.752,1.1128,0.8,8.716,75148.332,8.6223,88226.708,8.5709,96301.4708,8.3517,113879.921,8.2445,125602.5973,8.4844,115629.9037,9.2447,112615.2907
20170911,002418.SZ,8.9213,9.041,8.9213,9.031,8.9213,0.10970000000000013,1.2296,73661.62,66496.895,1.3306,0.98,8.8097,73707.45,8.6582,80927.224,8.6215,90323.5977,8.4039,111209.3167,8.2827,124265.297,8.4756,115401.0445,9.2352,112089.4358
20170912,002418.SZ,9.1705,9.4496,9.1705,9.2403,9.031,0.20929999999999893,2.3176,172214.84,160450.636,3.1108,2.34,8.9353,92961.622,8.7349,87965.924,8.689,96701.7015,8.4666,113520.7371,8.3249,124565.7297,8.4706,117175.9272,9.2277,112532.7577
20170913,002418.SZ,9.2204,9.3201,9.1307,9.2104,9.2403,-0.029899999999999594,-0.3236,76719.31,71015.718,1.3858,0.83,9.0429,95302.034,8.8047,84047.536,8.7465,92681.7577,8.5283,112332.1543,8.3638,119801.006,8.4638,117198.1535,9.2212,112197.7953
20170914,002418.SZ,9.2204,9.3201,9.1107,9.1406,9.2104,-0.06980000000000075,-0.7578,69420.79,64012.146,1.254,0.73,9.1087,90723.894,8.8685,83828.815,8.7826,86740.5523,8.5862,110156.4329,8.401,115203.5333,8.4589,116727.8395,9.2136,112184.2099
20170915,002418.SZ,9.1307,9.1406,8.9313,9.0111,9.1406,-0.1294999999999984,-1.4168,73934.58,66971.782,1.3355,0.81,9.1267,93190.228,8.9213,84169.28,8.824,84594.9169,8.638,107158.7019,8.4322,114054.0517,8.4548,115778.2688,9.2051,112315.1124
20170918,002418.SZ,9.0609,9.1107,8.9911,9.0709,9.0111,0.05979999999999919,0.6636,59192.8,53811.581,1.0692,0.64,9.1347,90296.464,8.9722,82001.957,8.8669,80232.5792,8.694,104295.6448,8.4678,110411.6117,8.4504,115412.4887,9.1986,112060.7441
20170919,002418.SZ,9.1307,9.2403,9.0908,9.1506,9.0709,0.07970000000000077,0.8786,77799.85,71637.313,1.4053,0.86,9.1167,71413.466,9.026,82187.544,8.9167,80708.8754,8.7462,102283.7071,8.5063,108266.773,8.447,114989.9572,9.1944,112055.8547
20170920,002418.SZ,9.1506,9.4197,9.1307,9.3998,9.1506,0.2492000000000001,2.7233,107849.42,100987.178,1.9481,1.51,9.1546,77639.488,9.0988,86470.761,8.9873,83579.6054,8.7941,93462.4919,8.5532,106807.9033,8.4464,115755.0792,9.1897,111942.596
20170921,002418.SZ,9.3998,9.4397,9.2902,9.2902,9.3998,-0.10960000000000036,-1.166,64763.57,60813.513,1.1698,0.83,9.1845,76708.044,9.1466,83715.969,9.0433,82340.9546,8.8378,89338.1871,8.5977,105567.8373,8.4436,115806.5528,9.1837,111676.7491
20170922,002418.SZ,9.34,9.4297,9.2503,9.3898,9.2902,0.0995999999999988,1.0721,60723.0,57031.716,1.0969,0.79,9.2603,74065.728,9.1935,83627.978,9.1031,81170.11,8.8867,87977.4019,8.6462,103267.127,8.4421,115754.51,9.1771,110827.2731
20170925,002418.SZ,9.34,9.4696,9.3201,9.3998,9.3898,0.010000000000001563,0.1065,49232.37,46377.442,0.8893,0.66,9.326,72073.642,9.2304,81185.053,9.159,79955.8885,8.9313,84179.9633,8.6954,100785.7057,8.4413,115407.7265,9.17,110324.8369
20170926,002418.SZ,9.3898,9.5892,9.35,9.5892,9.3998,0.18939999999999912,2.0149,81152.11,77479.586,1.4659,1.13,9.4138,72744.094,9.2652,72078.78,9.2188,79097.4746,8.975,81060.7086,8.7512,100101.4577,8.4448,115706.0587,9.1665,109246.6417
20170927,002418.SZ,9.5892,9.6689,9.4696,9.5593,9.5892,-0.029899999999999594,-0.3118,70252.3,67456.731,1.269,0.97,9.4457,65224.67,9.3001,71432.079,9.2679,79762.8123,9.0267,79557.1114,8.8057,98606.1697,8.4466,115886.9555,9.1611,108872.9451
20170928,002418.SZ,9.5394,9.649,9.4795,9.4795,9.5593,-0.07980000000000054,-0.8348,38158.0,36613.47,0.6893,0.59,9.4835,59903.556,9.334,68305.8,9.3024,77031.7646,9.0728,75854.9595,8.8575,95315.2053,8.447,115345.155,9.1573,107647.0782
20170929,002418.SZ,9.4795,9.5693,9.4696,9.4995,9.4795,0.019999999999999574,0.211,39776.24,37948.623,0.7185,0.66,9.5055,55714.204,9.3829,64889.966,9.3224,66844.18,9.1202,74339.1614,8.911,92663.8467,8.4512,113330.5758,9.1539,107328.9415
20171009,002418.SZ,9.6291,9.6291,9.1905,9.2304,9.4995,-0.2690999999999999,-2.8328,78501.21,74093.391,1.418,1.41,9.4716,61567.972,9.3988,66820.807,9.3239,66981.2492,9.1558,74718.7462,8.9502,91278.869,8.4663,108251.0093,9.1472,107472.7768
20171010,002418.SZ,9.3201,9.4995,9.2204,9.4596,9.2304,0.22920000000000051,2.4831,91266.36,86085.997,1.6486,1.48,9.4457,63590.822,9.4297,68167.458,9.3484,68661.6777,9.1985,75214.0,8.9858,84551.2497,8.4897,105887.1743,9.1423,107793.372
20171011,002418.SZ,9.5095,9.5294,9.3201,9.3201,9.4596,-0.13949999999999996,-1.4747,55200.2,52008.569,0.9971,0.87,9.3978,60580.402,9.4217,62902.536,9.3722,67220.5715,9.2322,74226.201,9.0174,81345.4573,8.512,104132.4613,9.1342,107275.1755
20171012,002418.SZ,9.3201,9.4596,9.2204,9.3101,9.3201,-0.009999999999999787,-0.1073,36039.0,33686.053,0.651,0.59,9.3639,60156.602,9.4237,60030.079,9.3906,65439.51,9.2626,72846.2843,9.0489,79570.1077,8.5334,103045.4693,9.1268,106880.8415
20171013,002418.SZ,9.3001,9.3599,9.1705,9.2304,9.3101,-0.07970000000000077,-0.8561,40872.16,37941.633,0.7383,0.68,9.3101,60375.786,9.4078,58044.995,9.3967,62598.9185,9.2826,70396.7924,9.0745,76633.227,8.5524,102275.6462,9.1187,106723.9637
20171016,002418.SZ,9.2304,9.3201,8.9413,8.9712,9.2304,-0.2591999999999999,-2.8081,70740.0,64513.428,1.2778,1.17,9.2583,58823.544,9.3649,60195.758,9.3638,59744.3477,9.2849,70831.8919,9.0845,74102.6783,8.5691,100897.7015,9.1082,106567.6398
20171017,002418.SZ,8.9213,9.0709,8.8815,9.031,8.9712,0.059800000000000963,0.6666,39762.36,35893.83,0.7182,0.68,9.1726,48522.744,9.3091,56056.783,9.3438,57821.1777,9.2849,69217.6414,9.1031,72033.829,8.5869,100031.7418,9.0979,106352.1363
20171018,002418.SZ,9.0908,9.0908,8.9712,8.9812,9.031,-0.04980000000000118,-0.5514,26124.27,23607.111,0.4719,0.54,9.1048,42707.558,9.2513,51643.98,9.3124,55159.7369,9.2726,62260.9476,9.1187,69041.1983,8.6004,98718.2643,9.0881,106070.7969
20171019,002418.SZ,8.9512,8.9812,8.4828,8.7619,8.9812,-0.21929999999999872,-2.4418,54764.77,47986.677,0.9892,1.28,8.9951,46452.712,9.1795,53304.657,9.2633,55585.3062,9.2512,61215.4933,9.1274,68479.7573,8.6127,98529.217,9.0777,106024.4083
20171020,002418.SZ,8.7519,9.0709,8.722,9.021,8.7619,0.2591000000000001,2.9571,31701.0,28464.147,0.5726,0.68,8.9533,44618.48,9.1317,52497.133,9.2196,51781.3746,9.2456,59419.3129,9.1453,67185.4597,8.6318,98017.2337,9.0697,105652.4577
20171023,002418.SZ,9.0709,9.0709,8.9712,9.031,9.021,0.009999999999999787,0.1109,32074.64,29029.19,0.5794,0.72,8.9652,36885.408,9.1118,47854.476,9.179,48844.6315,9.2465,57425.9824,9.1609,65559.08,8.6494,97400.0973,9.0603,105205.5627
20171024,002418.SZ,9.031,9.0709,8.9812,8.9911,9.031,-0.03990000000000116,-0.4418,23784.03,21495.608,0.4296,0.64,8.9572,33689.742,9.0649,41106.243,9.1414,47738.9415,9.2427,55739.8505,9.1735,63820.415,8.666,96213.0763,9.0459,102316.2188
20171025,002418.SZ,9.041,9.0709,8.9612,8.9812,8.9911,-0.00990000000000002,-0.1101,38094.0,34410.361,0.6881,1.13,8.9572,36083.688,9.031,39395.623,9.1016,47609.5385,9.2346,53849.0957,9.1838,62922.9733,8.6838,95143.872,9.0314,99690.6123
20171026,002418.SZ,8.9812,9.031,8.9114,8.9413,8.9812,-0.03989999999999938,-0.4443,52739.91,47373.201,0.9527,1.46,8.9931,35678.716,8.9941,41065.714,9.0793,45627.9,9.2128,51224.8333,9.1882,61603.9207,8.7001,94332.243,9.0166,96989.4357
20171027,002418.SZ,8.8715,8.9911,8.8217,8.8715,8.9413,-0.06980000000000075,-0.7806,41526.6,37105.72,0.7501,1.16,8.9632,37643.836,8.9582,41131.158,9.0341,41801.7646,9.1929,50118.311,9.1865,60934.7103,8.7155,93268.6538,9.0021,95508.3778
20171030,002418.SZ,8.8715,9.1107,8.8416,8.9812,8.8715,0.10970000000000013,1.2365,56190.09,50605.025,1.015,1.49,8.9533,42466.926,8.9592,39676.167,9.008,41877.91,9.1734,49902.4581,9.1848,60352.326,8.7338,92308.8115,8.9882,93571.6355
20171031,002418.SZ,8.9812,9.0908,8.9413,8.9911,8.9812,0.00990000000000002,0.1102,58515.5,52967.888,1.057,1.38,8.9533,49413.22,8.9553,41551.481,8.9835,43606.8715,9.1539,50344.5119,9.1765,56562.348,8.7507,90564.0388,8.9726,91225.2448
20171101,002418.SZ,8.9612,9.1805,8.9512,9.1307,8.9911,0.13959999999999972,1.5526,61326.67,55886.849,1.1078,1.24,8.9832,54059.754,8.9702,45071.721,8.9758,45180.2954,9.1321,49400.4433,9.1739,56049.26,8.7688,87925.133,8.9596,90770.5835
20171102,002418.SZ,9.1008,9.2304,9.0509,9.1606,9.1307,0.02990000000000137,0.3275,46078.0,42387.406,0.8323,0.85,9.027,52727.372,9.0101,44203.044,8.9904,43283.2185,9.1131,48249.2862,9.1745,55271.167,8.7878,85237.3502,8.9491,90304.9344
20171103,002418.SZ,9.1506,9.2802,9.0111,9.0808,9.1606,-0.07980000000000054,-0.8711,45561.48,41593.348,0.823,0.86,9.0689,53534.348,9.0161,45589.092,8.9942,43729.3046,9.0941,48601.8329,9.1769,54325.397,8.8046,84189.7243,8.9396,89910.8796
20171106,002418.SZ,9.1506,9.4496,9.0908,9.4397,9.0808,0.3589000000000002,3.9523,111834.84,104987.824,2.0201,2.09,9.1606,64663.298,9.0569,53565.112,9.0295,50322.4254,9.0913,52033.1948,9.1892,56080.1317,8.8285,83245.8717,8.9382,89273.836
20171107,002418.SZ,9.4098,9.5394,9.3001,9.4297,9.4397,-0.009999999999999787,-0.1059,87864.64,83087.241,1.5871,1.36,9.2483,70533.126,9.1008,59973.173,9.0808,52868.5692,9.1008,52479.0724,9.1985,56415.6247,8.8524,82341.1988,8.9355,89151.6998
20171108,002418.SZ,9.4297,9.6191,9.3699,9.5892,9.4297,0.15949999999999953,1.6915,100789.04,96368.564,1.8206,1.43,9.34,78425.6,9.1616,66242.677,9.1245,58183.0338,9.107,52932.5333,9.2048,56180.2787,8.879,81494.091,8.9352,89582.1918
20171109,002418.SZ,9.5892,9.8484,9.5693,9.6689,9.5892,0.07970000000000077,0.8311,116537.4,113936.401,2.1051,1.49,9.4417,92517.48,9.2343,72622.426,9.1736,64680.1692,9.1236,55853.3524,9.2174,57906.073,8.9076,81736.9552,8.9372,90079.2515
20171110,002418.SZ,9.8284,9.8284,9.659,9.8185,9.6689,0.1495999999999995,1.5472,75938.69,74363.966,1.3717,0.82,9.5892,98592.922,9.329,76063.635,9.2373,68692.0662,9.1478,57753.3376,9.2317,58413.2627,8.939,80840.1948,8.9397,90223.1256
20171113,002418.SZ,9.8085,10.0976,9.6889,10.0278,9.8185,0.20929999999999893,2.1317,120275.01,120686.891,2.1726,1.22,9.7068,100280.956,9.4337,82472.127,9.3178,75013.6823,9.1857,61534.4257,9.2526,60781.3507,8.974,80783.5282,8.9426,90810.0326
20171114,002418.SZ,10.0079,10.1873,9.8882,10.1175,10.0278,0.08970000000000056,0.8945,112860.67,114105.635,2.0386,1.13,9.8444,105280.162,9.5463,87906.644,9.4082,79638.3562,9.2403,63540.1719,9.2702,61838.3027,9.0107,80969.8802,8.9462,91422.2947
20171115,002418.SZ,10.1175,10.2371,9.9779,10.0976,10.1175,-0.019899999999999807,-0.1967,100135.34,101560.418,1.8088,0.95,9.9461,105149.422,9.643,91787.511,9.5026,84146.7208,9.2911,66415.0757,9.2882,62834.404,9.0469,80720.2868,8.9504,91937.9298
20171116,002418.SZ,10.1175,10.5461,9.8185,9.8284,10.0976,-0.26919999999999966,-2.666,223215.03,228683.246,4.032,2.12,9.978,126484.948,9.7098,109501.214,9.5677,96994.7931,9.3315,75800.35,9.2998,69002.9717,9.0787,82159.0885,8.9518,93384.8881
20171117,002418.SZ,9.958,10.1374,9.7088,9.7686,9.8284,-0.059800000000000963,-0.6084,146352.27,144953.595,2.6436,1.16,9.968,140567.664,9.7786,119580.293,9.6275,103751.4677,9.3794,80161.6595,9.3088,72555.506,9.1099,82609.6763,8.9529,94295.2683
20171120,002418.SZ,9.7587,9.8484,9.5493,9.6291,9.7686,-0.13949999999999996,-1.428,115822.42,112234.96,2.0921,0.82,9.8882,139677.146,9.7975,119979.051,9.6659,107943.4485,9.4084,84167.4414,9.3221,73799.5463,9.1362,82539.2077,8.9529,94780.0953
20171121,002418.SZ,9.6988,10.1175,9.6988,9.9779,9.6291,0.34880000000000067,3.6224,112186.39,111766.219,2.0265,0.8,9.8603,139542.29,9.8524,122411.226,9.7287,113028.7092,9.4534,87982.2867,9.3393,74496.8807,9.1626,79524.0652,8.9557,95221.8831
20171122,002418.SZ,9.9879,10.0577,9.8683,9.958,9.9779,-0.019899999999999807,-0.1994,63210.3,63157.186,1.1418,0.45,9.8324,132157.282,9.8892,118653.352,9.7962,114386.3108,9.4995,89859.7281,9.3606,74763.884,9.189,78054.6707,8.958,95293.4114
20171123,002418.SZ,9.968,9.968,9.5892,9.5892,9.958,-0.36880000000000024,-3.7036,87686.0,85590.13,1.5839,0.66,9.7846,105051.476,9.8813,115768.212,9.8077,112528.7077,9.5284,92221.2519,9.3699,76485.4507,9.2094,78027.7792,8.9552,94825.8559
20171124,002418.SZ,9.5892,9.7686,9.5194,9.649,9.5892,0.05979999999999919,0.6236,63645.55,61401.65,1.1496,0.61,9.7606,88510.132,9.8643,114538.898,9.8246,110665.7008,9.5621,92740.5681,9.3839,77244.5637,9.2292,76938.8953,8.9525,94704.0351
20171127,002418.SZ,9.649,9.7587,9.5493,9.5792,9.649,-0.06979999999999897,-0.7234,51055.0,49256.651,0.9222,0.58,9.7507,75556.648,9.8195,107616.897,9.8238,106840.0054,9.5958,93194.3014,9.4041,76588.397,9.2443,75345.5377,8.949,94640.232
20171128,002418.SZ,9.659,9.7188,9.5892,9.6689,9.5792,0.08970000000000056,0.9364,40297.71,38995.327,0.7279,0.53,9.6889,61178.912,9.7746,100360.601,9.8238,100975.4138,9.6286,92437.5214,9.4254,76606.242,9.2642,74320.0355,8.9467,94427.1323
20171129,002418.SZ,9.7287,9.7487,9.5493,9.5992,9.6689,-0.06970000000000098,-0.7209,58576.42,56328.396,1.0581,0.96,9.6171,60252.136,9.7248,96204.709,9.807,99639.8546,9.6575,92440.4224,9.446,77687.9803,9.2824,73364.5893,8.9444,94421.5943
20171130,002418.SZ,9.5792,9.6689,9.5294,9.5892,9.5992,-0.009999999999999787,-0.1042,48215.2,46282.79,0.8709,0.8,9.6171,52357.976,9.7008,78704.726,9.7732,94096.7923,9.6794,91816.0667,9.4736,77469.6613,9.3005,72974.7093,8.9416,94313.0024
20171201,002418.SZ,9.6689,9.7587,9.4995,9.7188,9.5892,0.12959999999999994,1.3515,45539.72,44183.598,0.8226,0.87,9.6311,48736.81,9.6959,68623.471,9.7425,88918.2577,9.706,91790.4343,9.4968,77930.952,9.3211,72558.2058,8.9417,94004.3823
20171204,002418.SZ,9.7188,9.7587,9.5792,9.5892,9.7188,-0.12959999999999994,-1.3335,49676.67,47958.128,0.8973,1.02,9.6331,48461.144,9.6919,62008.896,9.7034,85036.8215,9.7302,91986.3957,9.5154,78517.6863,9.3382,72038.3832,8.9408,93842.9113
20171205,002418.SZ,9.5892,9.6191,9.5095,9.5095,9.5892,-0.07970000000000077,-0.8311,62176.56,59539.879,1.1231,1.28,9.6012,52836.914,9.645,57007.913,9.6789,72649.2469,9.7335,89621.7157,9.5327,79797.4373,9.3531,71808.9262,8.9389,93691.1647
20171206,002418.SZ,9.5693,9.639,9.1008,9.2403,9.5095,-0.26919999999999966,-2.8309,120071.14,113040.323,2.1689,2.27,9.5294,65135.858,9.5733,62693.997,9.6383,70627.6215,9.7245,91155.3586,9.5414,82530.0087,9.3626,72726.491,8.9353,94198.9989
20171207,002418.SZ,9.2204,9.4895,9.1705,9.34,9.2403,0.09970000000000034,1.079,40973.6,38517.618,0.7401,0.63,9.4796,63687.538,9.5483,58022.757,9.616,64870.02,9.7126,88307.0043,9.5546,82137.7983,9.3714,71870.8595,8.9333,93761.9221
20171208,002418.SZ,9.3998,9.5194,9.33,9.4795,9.34,0.13949999999999996,1.4936,74950.39,70671.755,1.3539,1.18,9.4317,69569.672,9.5314,59153.241,9.5777,62005.7123,9.7036,86326.6705,9.5749,83251.9247,9.3807,72093.3175,8.9325,93861.6106
20171211,002418.SZ,9.5493,9.6689,9.4895,9.659,9.4795,0.17950000000000088,1.8936,43345.31,41795.734,0.783,0.62,9.4457,68303.4,9.5394,58382.272,9.5547,60477.6362,9.696,84774.6048,9.5975,82823.7653,9.3912,71588.0457,8.9334,93494.5451
20171212,002418.SZ,9.659,9.948,9.6191,9.8384,9.659,0.17939999999999934,1.8573,77779.98,76873.372,1.405,1.14,9.5114,71424.084,9.5563,62130.499,9.5739,59715.6346,9.687,82751.0319,9.6257,83465.9147,9.4011,70014.1313,8.9358,93595.0293
20171213,002418.SZ,9.8185,9.9181,9.7088,9.7387,9.8384,-0.09970000000000034,-1.0134,68574.37,67566.834,1.2387,0.96,9.6111,61124.73,9.5703,63130.294,9.5808,60094.7746,9.6689,80642.1605,9.646,83707.5047,9.4099,69878.3823,8.9369,93538.2679
20171214,002418.SZ,9.6889,9.8783,9.6889,9.8484,9.7387,0.10970000000000013,1.1264,49647.42,48973.988,0.8968,0.81,9.7128,62859.494,9.5962,63273.516,9.6015,59986.4992,9.6571,78237.9738,9.6689,83826.4853,9.4217,69548.8262,8.9403,93138.3328
20171215,002418.SZ,9.8484,9.8683,9.649,9.6689,9.8484,-0.1794999999999991,-1.8226,38332.08,37455.769,0.6924,0.61,9.7507,55535.832,9.5912,62552.752,9.6015,59835.2969,9.6495,69434.0238,9.6885,83585.5053,9.4327,68955.4512,8.9438,92366.86
20171218,002418.SZ,9.6689,9.6889,9.5294,9.5992,9.6689,-0.06970000000000098,-0.7209,32543.65,31293.585,0.5878,0.59,9.7387,53375.5,9.5922,60839.45,9.6015,57832.7762,9.6414,64014.5657,9.6939,80942.4657,9.4415,68511.2987,8.946,91961.8937
20171219,002418.SZ,9.5294,9.649,9.5294,9.5693,9.5992,-0.029899999999999594,-0.3115,26693.83,25703.151,0.4822,0.5,9.6849,43158.27,9.5982,57291.177,9.5999,56177.2862,9.6386,59770.3471,9.6985,78903.4387,9.4485,67659.5317,8.9477,91324.7444
20171220,002418.SZ,9.5693,9.5992,9.3699,9.3699,9.5693,-0.1994000000000007,-2.0837,43174.0,40858.574,0.7799,1.0,9.6111,38078.196,9.6111,49601.463,9.5731,55995.3077,9.6096,56484.0429,9.6912,76982.9373,9.448,66581.608,8.9472,91168.3436
20171221,002418.SZ,9.33,9.4795,9.3001,9.3799,9.3699,0.009999999999999787,0.1067,33019.9,31102.747,0.5964,0.87,9.5174,34752.692,9.6151,48806.093,9.557,54714.0177,9.5821,55046.4048,9.6816,74199.0207,9.4495,66052.5468,8.9466,90929.5498
20171222,002418.SZ,9.3699,9.3898,9.0509,9.1207,9.3799,-0.2591999999999999,-2.7634,49191.44,45335.957,0.8886,1.42,9.4078,36924.564,9.5792,46230.198,9.5271,53715.1623,9.5598,53213.3305,9.6583,73307.4457,9.445,65860.3542,8.9435,90807.4321
20171225,002418.SZ,9.1107,9.1406,8.6921,9.1107,9.1207,-0.009999999999999787,-0.1096,73769.29,66292.848,1.3325,2.0,9.3101,45169.692,9.5244,49272.596,9.5171,50153.4815,9.5341,53695.4133,9.6277,71757.255,9.4402,66269.3028,8.9407,90838.5147
20171226,002418.SZ,9.1008,9.1905,9.0111,9.0709,9.1107,-0.03979999999999961,-0.4368,51200.62,46601.537,0.9249,1.13,9.2104,50071.05,9.4477,46614.66,9.4964,50940.1754,9.5099,53702.3476,9.5929,69701.92,9.4315,65770.1113,8.9382,90738.085
20171227,002418.SZ,9.1207,9.1307,8.8217,9.0609,9.0709,-0.009999999999999787,-0.1102,77883.67,69920.978,1.4068,1.56,9.1486,57012.984,9.3799,47545.59,9.4642,51165.8123,9.481,55492.1552,9.5583,68960.1977,9.4232,65897.3008,8.9349,90892.1282
20171228,002418.SZ,9.0609,9.1008,8.8316,9.021,9.0609,-0.03989999999999938,-0.4404,69159.73,62258.2,1.2493,1.21,9.0768,64240.95,9.2971,49496.821,9.4151,53151.5369,9.4534,55996.1224,9.5314,63825.021,9.4156,66413.9963,8.9313,90879.5757
20171229,002418.SZ,9.021,9.0609,8.8815,8.9014,9.021,-0.11960000000000015,-1.3258,43501.25,39077.272,0.7858,0.68,9.033,63102.912,9.2204,50013.738,9.3431,50514.7115,9.4207,55771.6486,9.5025,60396.6537,9.4056,66476.0798,8.9284,89903.3278
20180102,002418.SZ,8.9213,8.9812,8.7419,8.7619,8.9014,-0.13949999999999996,-1.5672,57488.01,50860.172,1.0384,0.91,8.9632,59846.656,9.1367,52508.174,9.2679,49661.9146,9.3751,56340.6148,9.4736,58452.1733,9.3978,66125.8598,8.9321,87188.4346
20180103,002418.SZ,8.8017,8.8316,8.6323,8.7419,8.7619,-0.02000000000000135,-0.2283,45859.84,40180.619,0.8284,0.77,8.8974,58778.5,9.0539,54424.775,9.1828,49370.5623,9.3348,56158.861,9.4324,56241.2883,9.3859,65369.0845,8.9378,85628.1294
20180104,002418.SZ,8.7419,8.8217,8.6921,8.702,8.7419,-0.03989999999999938,-0.4564,27294.18,23971.972,0.493,0.46,8.8256,48660.602,8.9871,52836.793,9.1084,48521.4931,9.2963,54497.7952,9.3905,55044.0843,9.3756,64903.9842,8.9438,84518.2228
20180105,002418.SZ,8.6921,8.7818,8.6024,8.7818,8.702,0.07980000000000054,0.917,42401.09,36984.352,0.7659,0.87,8.7778,43308.874,8.9273,53774.912,9.0456,49279.7577,9.2745,50799.2214,9.3636,53534.5873,9.3667,65010.019,8.9501,84027.7442
20180108,002418.SZ,8.7818,8.8117,8.6622,8.6921,8.7818,-0.08970000000000056,-1.0214,42387.57,37014.429,0.7657,0.98,8.7359,43086.138,8.8845,53094.525,8.9781,50486.9685,9.2436,50866.5533,9.3317,52825.988,9.3578,65035.2758,8.9551,83655.461
20180109,002418.SZ,8.6921,8.722,8.6622,8.6821,8.6921,-0.009999999999999787,-0.115,35825.02,31223.085,0.6471,0.83,8.72,38753.54,8.8416,49300.098,8.9252,49921.6623,9.2057,49003.4405,9.3018,52318.322,9.353,64453.3595,8.961,82675.5305
20180110,002418.SZ,8.6721,8.722,8.5824,8.702,8.6821,0.019899999999999807,0.2292,27390.97,23777.333,0.4948,0.71,8.712,35059.766,8.8047,46919.133,8.873,49488.6677,9.1601,48243.71,9.2696,51888.0973,9.3475,64247.1697,8.9672,82139.4558
20180111,002418.SZ,8.712,8.7918,8.6323,8.7718,8.702,0.06980000000000075,0.8021,33469.99,29317.858,0.6046,0.95,8.726,36294.928,8.7758,42477.765,8.8462,48279.3254,9.1093,46133.7105,9.242,51051.2163,9.344,64369.5983,8.9722,81543.9313
20180112,002418.SZ,8.8416,8.8815,8.6522,8.7818,8.7718,0.009999999999999787,0.114,25743.14,22541.169,0.465,0.71,8.726,32963.338,8.7519,38136.106,8.8209,44585.0062,9.0637,44094.1281,9.2151,50302.1477,9.3443,63885.9045,8.9785,81207.5608
20180115,002418.SZ,8.7519,8.7619,8.6522,8.6721,8.7818,-0.10970000000000013,-1.2492,42179.54,36822.084,0.7619,1.28,8.722,32921.732,8.729,38003.935,8.7902,43891.0769,9.0077,43738.5148,9.1802,50190.1417,9.3385,64060.5468,8.9851,81038.8903
20180116,002418.SZ,8.6422,8.722,8.6422,8.6821,8.6721,0.009999999999999787,0.1153,34128.0,29748.928,0.6165,1.04,8.722,32582.328,8.721,35667.934,8.7611,40525.2562,8.9607,43538.3205,9.1499,49671.8527,9.3327,64094.7695,8.991,80747.4334
20180117,002418.SZ,8.6821,8.712,8.6522,8.712,8.6821,0.029899999999999594,0.3444,38967.58,33981.911,0.7039,1.2,8.724,34897.65,8.718,34978.708,8.7373,38202.7831,8.9185,43844.2219,9.1234,48898.22,9.328,64347.8287,8.997,80280.4525
20180118,002418.SZ,8.712,8.9014,8.6821,8.8914,8.712,0.17940000000000111,2.0592,65040.35,57571.86,1.1748,1.86,8.7479,41211.722,8.7369,38753.325,8.7365,39859.6369,8.8862,45670.2467,9.1117,47063.8603,9.3265,64796.9345,9.0052,79970.4033
20180119,002418.SZ,8.9114,9.2104,8.9114,9.1008,8.8914,0.2093999999999987,2.3551,64722.69,59070.856,1.1691,1.57,8.8117,49007.632,8.7688,40985.485,8.7626,40416.1508,8.8734,46696.3748,9.1038,47855.4967,9.3292,64996.6475,9.0146,79664.4453
20180122,002418.SZ,9.1805,9.3101,9.021,9.2403,9.1008,0.13949999999999996,1.5328,63111.25,58255.616,1.14,1.29,8.9253,53193.974,8.8236,43057.853,8.8009,41743.1823,8.8667,48129.2962,9.0958,47460.8587,9.3353,65356.3917,9.0254,79312.5228
20180123,002418.SZ,9.2802,9.3201,9.1406,9.1905,9.2403,-0.0497999999999994,-0.5389,49978.97,46194.078,0.9028,0.94,9.027,56364.168,8.8745,44473.248,8.8385,43488.1662,8.8701,48166.7976,9.0802,47681.9807,9.3388,65252.873,9.0363,78780.8423
20180124,002418.SZ,9.2403,9.2702,9.1207,9.2304,9.1905,0.03989999999999938,0.4341,59911.89,55367.81,1.0822,1.06,9.1307,60553.03,8.9273,47725.34,8.873,44835.1508,8.8758,47506.9214,9.0599,47086.3777,9.3428,65276.1462,9.0468,77920.0925
20180125,002418.SZ,9.2503,9.3001,9.2304,9.2503,9.2304,0.019899999999999807,0.2156,64262.86,59642.292,1.1608,1.06,9.2025,60397.532,8.9752,50804.627,8.916,46517.8654,8.8843,48128.9329,9.0436,46942.6607,9.3448,65325.0827,9.0568,76625.1078
20180126,002418.SZ,9.1805,9.3201,9.1805,9.3101,9.2503,0.059800000000000963,0.6465,60811.17,56480.754,1.0985,1.01,9.2443,59615.228,9.028,54311.43,8.9643,48439.8769,8.8962,47315.9567,9.0257,47314.7857,9.3473,65570.6355,9.0675,75403.9928
20180129,002418.SZ,9.3101,9.5194,9.2204,9.3699,9.3101,0.05979999999999919,0.6423,68384.31,64122.956,1.2352,1.15,9.2702,60669.84,9.0978,56931.907,9.0157,51593.2108,8.9128,47279.0319,9.0157,48316.5267,9.3521,65951.016,9.0783,75070.3702
20180130,002418.SZ,9.35,9.4596,9.2702,9.4596,9.3699,0.08970000000000056,0.9573,68988.31,65210.953,1.2462,1.14,9.3241,64471.708,9.1755,60417.938,9.0686,54325.3892,8.9394,48492.7014,9.0111,49531.3487,9.3525,65236.9072,9.0905,74241.3894
20180131,002418.SZ,9.4197,9.4696,9.3599,9.3799,9.4596,-0.07970000000000077,-0.8425,50599.24,47699.741,0.914,0.78,9.354,62609.178,9.2423,61581.104,9.1146,56237.3969,8.9688,48164.6648,9.0047,50328.1957,9.3516,64615.8172,9.102,73478.508
20180201,002418.SZ,9.4197,9.4197,8.9812,9.0111,9.3799,-0.36879999999999846,-3.9318,99875.86,91594.749,1.8041,1.6,9.3061,69731.778,9.2543,65064.655,9.1406,60675.5754,8.9816,50736.8562,8.9928,52218.2577,9.342,64600.5975,9.1105,73047.3443
20180202,002418.SZ,9.0709,9.0709,8.3133,8.8017,9.0111,-0.20940000000000047,-2.3238,202502.72,176643.941,3.6579,2.9,9.2044,98070.088,9.2244,78842.658,9.1498,73627.4769,8.9864,59080.12,8.9735,57867.685,9.3275,66033.3528,9.1175,73885.154
20180205,002418.SZ,8.7519,8.9114,8.6223,8.8316,8.8017,0.029899999999999594,0.3397,73345.41,64821.169,1.3249,0.75,9.0968,99062.308,9.1835,79866.074,9.159,76271.9254,8.9887,60553.659,8.9639,58672.8173,9.3111,65990.1315,9.125,73415.1632
20180206,002418.SZ,8.8217,8.8217,8.6622,8.6721,8.8316,-0.15949999999999953,-1.806,66966.03,58513.018,1.2096,0.68,8.9393,98657.852,9.1317,81564.78,9.1422,76420.0546,8.9878,61724.0619,8.9492,58446.042,9.2885,65101.6485,9.1313,72942.5883
20180207,002418.SZ,8.7718,8.9712,8.6622,8.712,8.6721,0.03989999999999938,0.4601,48286.0,42671.027,0.8722,0.49,8.8057,98195.204,9.0798,80402.191,9.1123,75155.6938,8.9892,62317.4419,8.9373,58348.888,9.2651,64025.404,9.1379,72497.6421
20180208,002418.SZ,8.712,8.9712,8.6821,8.8715,8.712,0.15949999999999953,1.8308,32926.52,29374.879,0.5948,0.34,8.7778,84805.336,9.042,77268.557,9.0839,72833.7915,8.9973,62581.0395,8.931,56850.3163,9.2446,62905.257,9.1458,71812.7719
20180209,002418.SZ,8.7818,8.8914,8.6223,8.7918,8.8715,-0.079699999999999,-0.8984,52797.6,46364.947,0.9537,0.62,8.7758,54864.312,8.9901,76467.2,9.0532,73050.6092,8.9982,63501.4019,8.9233,56304.912,9.2274,60064.9665,9.153,71112.0275
20180212,002418.SZ,8.8316,8.9213,8.732,8.8516,8.7918,0.05979999999999919,0.6802,105877.03,93989.238,1.9125,1.93,8.7798,61370.636,8.9383,80216.472,9.0241,76586.3892,9.0016,67317.3014,8.9217,58384.1047,9.2121,59390.3792,9.161,71000.0278
20180213,002418.SZ,8.9014,8.9313,8.712,8.7918,8.8516,-0.05979999999999919,-0.6756,41909.21,36970.574,0.757,0.68,8.8037,56359.272,8.8715,77508.562,8.9888,74866.8777,9.0073,67304.4286,8.9227,57864.8113,9.1981,58158.4923,9.1671,70348.85
20180214,002418.SZ,8.7918,8.8117,8.702,8.7718,8.7918,-0.019999999999999574,-0.2275,36658.25,32238.991,0.6622,0.65,8.8157,54033.722,8.8107,76114.463,8.9474,73008.9608,9.0115,67424.9167,8.9237,57558.0917,9.178,56899.69,9.1703,68211.8776
20180222,002418.SZ,8.8516,9.0111,8.732,9.0111,8.7718,0.23930000000000007,2.7281,64466.71,57411.939,1.1645,1.19,8.8436,60341.76,8.8107,72573.548,8.9198,72707.6069,9.0258,68639.161,8.934,58797.176,9.1622,56920.6302,9.1756,67487.6504
20180223,002418.SZ,8.9512,9.5194,8.9512,9.1805,9.0111,0.16939999999999955,1.8799,101739.46,93438.571,1.8378,1.69,8.9214,70130.132,8.8486,62497.222,8.8983,75226.9262,9.0395,70386.7376,8.9473,60775.1217,9.1554,57154.8545,9.1824,67591.3168
20180226,002418.SZ,9.2304,9.4297,9.1606,9.3201,9.1805,0.13959999999999972,1.5206,73236.03,68412.229,1.3229,1.04,9.0151,63601.932,8.8974,62486.284,8.8937,76968.2177,9.05,70792.1348,8.9682,61803.4037,9.1499,57314.6958,9.1896,67126.7956
20180227,002418.SZ,9.3201,9.3699,9.2304,9.2403,9.3201,-0.07980000000000054,-0.8562,55890.03,52091.742,1.0096,0.88,9.1048,66398.096,8.9543,61378.684,8.9114,73584.6923,9.05,70448.2671,8.9868,62472.2373,9.1443,57395.2797,9.1943,66370.4087
20180228,002418.SZ,9.2503,9.2902,9.1307,9.2204,9.2403,-0.019899999999999807,-0.2154,38581.0,35760.357,0.6969,0.58,9.1945,66782.646,9.0051,60408.184,8.9436,60975.3292,9.0514,69905.5067,9.0041,62845.2383,9.1368,57366.6678,9.2005,65843.3517
20180301,002418.SZ,9.2004,9.3001,9.1207,9.1805,9.2204,-0.03989999999999938,-0.4327,61173.88,56466.114,1.105,0.92,9.2284,66124.08,9.036,63232.92,8.9704,60039.0577,9.049,69965.6014,9.0177,63768.7013,9.1298,57409.9588,9.2061,65387.2741
20180302,002418.SZ,9.1805,9.3201,9.031,9.1406,9.1805,-0.03990000000000116,-0.4346,83638.0,76473.08,1.5108,1.26,9.2204,62503.788,9.0709,66316.96,9.0065,61321.5169,9.0438,70888.2271,9.0297,65698.53,9.1224,58000.3388,9.2114,65487.5241
20180305,002418.SZ,9.1107,9.2004,9.041,9.1107,9.1406,-0.029899999999999594,-0.3271,26930.0,24626.729,0.4864,0.43,9.1785,53242.582,9.0968,58422.257,9.0371,59678.7477,9.0343,69274.8381,9.0443,65190.212,9.1122,57690.1768,9.2166,65124.1913
20180306,002418.SZ,9.1307,9.1406,9.021,9.021,9.1107,-0.08969999999999878,-0.9846,36777.37,33488.456,0.6643,0.69,9.1346,49420.05,9.1197,57909.073,9.0486,59974.9669,9.0177,67769.7457,9.0556,65278.5243,9.1028,57475.1885,9.2205,64756.7858
20180307,002418.SZ,9.0609,9.0908,8.8516,8.9512,9.021,-0.06980000000000075,-0.7738,64491.0,57912.883,1.1649,1.3,9.0808,54602.05,9.1376,60692.348,9.0609,60874.4592,8.9935,67555.5881,9.0636,66129.305,9.0935,57513.7625,9.2233,64661.3443
20180308,002418.SZ,8.9313,9.1606,8.8516,9.1606,8.9512,0.20940000000000047,2.3394,111738.12,100879.155,2.0184,2.05,9.0768,64714.898,9.1526,65419.489,9.0847,61325.3123,8.983,70466.9633,9.0725,67685.8973,9.0921,57374.8788,9.2274,65050.6849
20180309,002418.SZ,9.1506,9.2702,8.9612,9.1606,9.1606,0.0,0.0,127474.99,116798.045,2.3026,1.97,9.0808,73482.296,9.1506,67993.042,9.113,67907.2954,8.9902,71781.2076,9.0745,69777.6407,9.0891,58816.5687,9.2303,65343.7141
20180312,002418.SZ,9.1606,9.2204,9.0709,9.1606,9.1606,0.0,0.0,57190.91,52389.683,1.0331,0.78,9.0908,79534.478,9.1347,66388.53,9.1429,69486.7308,9.0073,64861.5976,9.0719,69580.296,9.0838,58520.5773,9.2323,65306.9474
20180313,002418.SZ,9.1406,9.1506,8.9812,9.0011,9.1606,-0.1595000000000013,-1.7412,44361.0,40286.538,0.8013,0.56,9.0868,81051.204,9.1107,65235.627,9.1422,67940.1377,9.0153,63481.3876,9.0655,69393.0303,9.0729,58537.5055,9.232,65062.7756
20180314,002418.SZ,8.9911,9.031,8.702,8.712,9.0011,-0.28909999999999947,-3.2118,62426.63,55429.334,1.1276,0.77,9.039,80638.33,9.0599,67620.19,9.1061,64916.0738,9.0172,63265.2257,9.0483,69476.855,9.0541,58281.6163,9.2276,64147.8738
20180315,002418.SZ,8.712,8.7918,8.413,8.702,8.712,-0.009999999999999787,-0.1148,56102.0,48876.315,1.0134,0.7,8.9473,69511.106,9.012,67113.002,9.0586,63598.0715,9.0168,63637.4162,9.03,69204.8263,9.0368,58073.7435,9.2234,63976.0629
20180316,002418.SZ,8.702,8.7519,8.6622,8.702,8.702,0.0,0.0,35688.8,31133.05,0.6447,0.51,8.8555,51153.868,8.9682,62318.082,9.0172,62044.1308,9.0087,63768.9533,9.0097,68367.414,9.0177,57841.0998,9.2197,63694.963
20180319,002418.SZ,8.6821,9.2702,8.6323,8.9712,8.702,0.26919999999999966,3.0935,133749.28,118589.556,2.416,2.61,8.8177,66465.542,8.9542,73000.01,8.998,69364.7677,9.0172,67623.7952,8.9964,70546.2463,9.0061,59431.3865,9.2194,64193.4188
20180320,002418.SZ,8.9313,8.9313,8.6721,8.6821,8.9712,-0.28909999999999947,-3.2225,134814.0,117890.415,2.4352,2.03,8.7539,84556.142,8.9203,82803.673,8.9597,75029.3923,9.0092,69001.7462,8.9705,72740.436,8.9908,61135.8923,9.2161,64823.5955
20180321,002418.SZ,8.6821,8.7718,8.6323,8.6921,8.6821,0.009999999999999787,0.1152,55497.03,48270.897,1.0025,0.66,8.7499,83170.222,8.8944,81904.276,8.9252,72864.7023,9.0044,69648.7852,8.9476,72903.6957,8.9762,61615.9457,9.2123,64637.7387
20180322,002418.SZ,8.6721,8.702,8.6323,8.6721,8.6921,-0.019999999999999574,-0.2301,49107.0,42728.672,0.887,0.59,8.7439,81771.222,8.8456,75641.164,8.8914,74570.6254,8.9997,70241.5829,8.9363,71211.4003,8.9645,61714.829,9.2063,64148.2185
20180323,002418.SZ,8.6422,8.6821,8.4728,8.6024,8.6721,-0.06970000000000098,-0.8037,77759.4,67057.497,1.4046,0.95,8.724,90185.342,8.7898,70669.605,8.8592,77723.0892,8.9802,70874.5681,8.9296,67053.2897,8.9516,62460.4873,9.2005,64256.5171
20180326,002418.SZ,8.5725,8.5924,8.403,8.4528,8.6024,-0.1495999999999995,-1.739,104029.0,88283.553,1.8791,1.15,8.6203,84241.286,8.719,75353.414,8.8209,80764.4738,8.9455,70983.5938,8.917,68076.076,8.9404,63374.4467,9.1927,64617.4004
20180327,002418.SZ,8.4628,8.5625,8.4429,8.5525,8.4528,0.09970000000000034,1.1795,43854.13,37390.601,0.7922,0.52,8.5944,66049.312,8.6741,75302.727,8.7741,75542.6285,8.909,69584.4557,8.913,67305.6793,8.9311,62875.8607,9.1857,64572.5818
20180328,002418.SZ,8.5226,8.5924,8.4628,8.5525,8.5525,0.0,0.0,38543.0,33017.593,0.6962,0.58,8.5665,62658.506,8.6582,72914.364,8.7273,68701.7062,8.8762,68758.4067,8.9077,66980.9127,8.9225,62664.9003,9.177,64217.5058
20180329,002418.SZ,8.5326,8.6721,8.4728,8.5725,8.5525,0.019999999999999574,0.2338,74034.99,63969.922,1.3373,1.18,8.5465,67644.104,8.6452,74707.663,8.6821,69997.4046,8.8454,70446.6919,8.8978,68351.195,8.9144,62600.7557,9.1688,64249.0283
20180330,002418.SZ,8.5824,8.712,8.5725,8.6622,8.5725,0.08970000000000056,1.0464,48808.0,42372.56,0.8816,0.72,8.5585,61853.824,8.6412,76019.583,8.656,70339.4815,8.8207,69857.8405,8.8934,68218.2083,8.9084,62261.5602,9.162,64337.7783
20180402,002418.SZ,8.6721,9.0808,8.6721,8.9812,8.6622,0.31899999999999906,3.6827,119942.07,107622.797,2.1666,1.94,8.6642,65036.438,8.6422,74638.862,8.6767,74763.7462,8.8131,71586.6057,8.8978,68687.043,8.9097,63535.5738,9.1577,65005.8268
20180403,002418.SZ,8.9213,9.0609,8.7718,8.9413,8.9812,-0.03989999999999938,-0.4443,58024.0,51751.179,1.0481,0.89,8.7419,67870.412,8.6682,66959.862,8.6951,74911.5923,8.805,73067.2724,8.9027,69224.2027,8.9127,63544.507,9.1553,64835.1834
20180404,002418.SZ,8.9213,9.031,8.8615,8.9712,8.9413,0.029899999999999594,0.3344,98567.94,88795.987,1.7805,1.45,8.8257,79875.4,8.6961,71266.953,8.7159,79748.4492,8.8027,76009.6805,8.9094,71287.859,8.9165,64422.9753,9.1512,64896.0299
20180412,002418.SZ,8.5725,9.4696,8.4728,8.6821,8.9712,-0.28909999999999947,-3.2225,352675.49,305262.002,6.3705,4.42,8.8476,135603.5,8.6971,101623.802,8.6936,96588.9269,8.7899,89732.7514,8.8984,80894.8183,8.9162,69845.9972,9.1459,67374.9907
20180413,002418.SZ,8.6522,8.9512,8.5226,8.7419,8.6821,0.05979999999999919,0.6888,182171.02,159304.185,3.2906,1.34,8.8635,162276.104,8.711,112064.964,8.6982,100231.7746,8.7699,93086.699,8.8838,83575.8703,8.9155,72175.496,9.1411,68592.7575
20180416,002418.SZ,8.6721,8.9413,8.5824,8.722,8.7419,-0.019899999999999807,-0.2276,110081.16,96208.93,1.9884,0.68,8.8117,160303.922,8.7379,112670.18,8.7005,104430.5538,8.749,92258.4214,8.8639,84804.0413,8.916,73303.7225,9.1369,69169.4992
20180417,002418.SZ,8.702,8.8815,8.6223,8.6721,8.722,-0.04989999999999917,-0.5721,154368.85,135580.9,2.7884,0.96,8.7579,179572.892,8.7499,123721.652,8.7005,112527.6192,8.7258,96885.9424,8.8449,88086.6687,8.9159,75279.453,9.1344,69866.4063
20180418,002418.SZ,8.6921,8.8217,8.6422,8.712,8.6721,0.03989999999999938,0.4601,125236.81,109202.842,2.2622,0.7,8.706,184906.666,8.7659,132391.033,8.7089,116179.7277,8.712,100737.1714,8.828,90975.1957,8.916,76910.217,9.1318,70578.6933
20180419,002418.SZ,8.6721,9.2802,8.6721,9.1107,8.712,0.39869999999999983,4.5764,302620.07,271940.507,5.4663,1.64,8.7917,174895.582,8.8197,155249.541,8.7596,131455.9638,8.731,112174.9543,8.8256,99023.402,8.9217,81396.0517,9.1328,72882.825
20180420,002418.SZ,9.041,9.2104,8.7918,8.8914,9.1107,-0.21929999999999872,-2.4071,106314.0,96311.886,1.9204,0.61,8.8216,159724.178,8.8426,161000.141,8.7856,136260.5692,8.74,114566.0019,8.8173,99779.2687,8.9235,82738.8993,9.1339,73312.4019
20180423,002418.SZ,8.8615,8.9213,8.7718,8.7818,8.8914,-0.10960000000000036,-1.2327,93537.0,83246.866,1.6896,0.59,8.8336,156415.346,8.8227,158359.634,8.8033,140490.8769,8.7438,117320.6781,8.8064,101999.502,8.9253,83594.857,9.1319,73827.7019
20180424,002418.SZ,8.7519,8.8516,8.7519,8.7619,8.7818,-0.019899999999999807,-0.2266,61330.0,53996.933,1.1078,0.39,8.8516,137807.576,8.8047,158690.234,8.8178,139513.57,8.7338,113872.141,8.7977,102817.923,8.9267,84048.2237,9.1297,74071.4966
20180425,002418.SZ,8.7619,8.8316,8.712,8.7619,8.7619,0.0,0.0,57329.0,50507.681,1.0356,0.42,8.8615,124226.014,8.7838,154566.34,8.8255,140169.0315,8.7376,110182.379,8.7914,102579.1897,8.9275,84354.2473,9.1278,74351.038
20180426,002418.SZ,8.7619,8.8017,8.6522,8.6721,8.7619,-0.08980000000000032,-1.0249,39940.32,34933.943,0.7215,0.32,8.7738,71690.064,8.7828,123292.823,8.8017,134015.0508,8.7367,109441.5833,8.7751,100185.9297,8.9238,83935.9135,9.1252,74366.424
20180427,002418.SZ,8.6921,8.702,8.6024,8.6721,8.6721,0.0,0.0,53779.0,46674.597,0.9714,0.75,8.73,61183.064,8.7758,110453.621,8.781,133688.5123,8.7367,109664.0595,8.7589,97729.3967,8.9167,83753.5187,9.1229,74375.0831
20180502,002418.SZ,8.6622,8.722,8.6223,8.6622,8.6721,-0.00990000000000002,-0.1142,41218.34,35820.037,0.7445,0.67,8.706,50719.332,8.7698,103567.339,8.7572,129277.0046,8.7395,107924.009,8.7422,97196.9777,8.9071,83388.6368,9.1212,74372.5143
20180503,002418.SZ,8.6622,9.031,8.6223,8.9313,8.6622,0.2690999999999999,3.1066,60158.47,53405.693,1.0867,1.19,8.7399,50485.026,8.7957,94146.301,8.7764,106775.6954,8.7623,105834.9362,8.7399,97723.56,8.9027,83558.2952,9.1208,74405.5841
20180504,002418.SZ,8.9313,8.9313,8.7619,8.8217,8.9313,-0.10960000000000036,-1.2271,45137.0,39993.121,0.8153,0.89,8.7519,48046.626,8.8067,86136.32,8.7826,96234.6169,8.7751,105896.0252,8.7436,97147.239,8.8959,83312.047,9.1194,74294.0966
20180507,002418.SZ,8.7718,9.1705,8.7519,9.0609,8.8217,0.2392000000000003,2.7115,126082.55,113965.477,2.2775,2.62,8.8296,65275.072,8.8017,68482.568,8.8086,97465.4931,8.7994,110064.5752,8.7555,99479.924,8.8928,84342.3752,9.1188,74833.7289
20180508,002418.SZ,9.0609,9.2503,8.8615,8.9213,9.0609,-0.13959999999999972,-1.5407,98888.0,89028.055,1.7862,1.51,8.8795,74296.872,8.8047,67739.968,8.8278,93197.7354,8.816,111248.0519,8.7628,101586.564,8.8863,84976.989,9.1168,75273.8123
20180509,002418.SZ,8.9114,9.2702,8.8516,9.2204,8.9213,0.29909999999999926,3.3527,109231.0,99141.211,1.9731,1.47,8.9911,87899.404,8.8486,69309.368,8.8669,91966.5192,8.8425,114125.3376,8.7712,100769.288,8.8838,85657.7672,9.118,75804.3916
20180510,002418.SZ,9.0709,9.2004,9.021,9.0609,9.2204,-0.15949999999999953,-1.7299,59324.02,54062.213,1.0716,0.67,9.017,87732.514,8.8785,69108.77,8.8631,73251.4385,8.8463,111238.7638,8.7838,98252.9553,8.8772,85496.6957,9.1148,75366.8014
20180511,002418.SZ,9.0509,9.0509,8.8017,8.8516,9.0609,-0.2093000000000007,-2.3099,64513.33,57531.213,1.1653,0.74,9.023,91607.78,8.8875,69827.203,8.86,70036.0023,8.8421,111547.7795,8.7891,98553.4987,8.8683,85728.5972,9.11,75172.2072
20180514,002418.SZ,8.8117,8.9114,8.7818,8.7818,8.8516,-0.06979999999999897,-0.7886,20442.72,18131.408,0.3693,0.22,8.9672,70479.814,8.8984,67877.443,8.86,64413.3654,8.8331,107827.531,8.7928,97598.0227,8.8645,84404.7115,9.1033,74502.6545
20180515,002418.SZ,8.7718,8.8715,8.7419,8.8017,8.7818,0.019899999999999807,0.2266,24168.0,21334.929,0.4366,0.34,8.9433,55535.814,8.9114,64916.343,8.8631,61554.75,8.8387,92184.3171,8.7994,95811.6427,8.8645,81432.4662,9.096,73732.9095
20180516,002418.SZ,9.041,9.1705,8.9014,9.041,8.8017,0.23930000000000007,2.7188,49369.5,44816.496,0.8918,0.89,8.9074,43563.514,8.9493,65731.459,8.8845,60942.4808,8.853,85860.4352,8.819,93989.6593,8.868,81032.8677,9.0896,73511.4996
20180517,002418.SZ,8.9712,9.1406,8.9712,9.1008,9.041,0.05979999999999919,0.6614,30257.0,27463.626,0.5465,0.69,8.9154,37750.11,8.9662,62741.312,8.9175,60197.61,8.871,82059.2848,8.8373,93536.4217,8.8752,80421.0505,9.0818,72761.3495
20180518,002418.SZ,9.0908,9.2304,9.0709,9.1705,9.1008,0.06970000000000098,0.7659,59428.03,54667.703,1.0735,1.57,8.9792,36733.05,9.0011,64170.415,8.9559,60632.1508,8.8948,77538.2933,8.8579,94232.5893,8.8828,80606.751,9.0739,72316.0775
20180521,002418.SZ,9.1905,9.3998,9.0509,9.3201,9.1705,0.1495999999999995,1.6313,60805.99,56318.755,1.0984,1.66,9.0868,44805.704,9.027,57642.759,9.0065,62138.8931,8.9237,74470.159,8.8828,93791.6227,8.8903,81071.4088,9.0675,71988.3329
20180522,002418.SZ,9.2,9.26,8.97,9.15,9.32,-0.16999999999999993,-1.824,48291.0,43847.938,0.8723,1.08,9.1565,49630.304,9.0499,52583.059,9.0233,61226.0108,8.9256,62359.251,8.8991,93774.3893,8.8962,80996.2988,9.0618,70530.6327
20180523,002418.SZ,9.05,9.12,8.9,9.0,9.15,-0.15000000000000036,-1.6393,32300.29,29002.39,0.5835,0.65,9.1483,46216.462,9.0278,44889.988,9.037,60238.5715,8.9308,58834.7886,8.8997,90852.9967,8.8987,79770.0198,9.0554,69580.1995
20180524,002418.SZ,8.95,9.05,8.91,9.0,9.0,0.0,0.0,21868.51,19630.873,0.395,0.47,9.1281,44538.764,9.0218,41144.437,9.0323,52222.1069,8.9412,55422.0033,8.9016,89647.8137,8.9022,79436.0082,9.0502,68797.2503
20180525,002418.SZ,9.02,9.04,8.92,8.97,9.0,-0.02999999999999936,-0.3333,31083.89,27995.12,0.5615,0.7,9.088,38869.936,9.0336,37801.493,9.0361,47006.4062,8.9511,53981.7124,8.9016,87398.3453,8.9055,79343.1022,9.0418,68121.3961
20180528,002418.SZ,8.93,9.05,8.87,8.98,8.97,0.009999999999999787,0.1115,21363.0,19125.966,0.3859,0.55,9.02,30981.338,9.0534,37893.521,9.0176,40247.3292,8.9614,52269.0457,8.9115,76354.5957,8.905,78624.707,9.0336,67772.6686
20180529,002418.SZ,8.96,8.97,8.8,8.9,8.98,-0.08000000000000007,-0.8909,23957.03,21279.43,0.4327,0.77,8.97,26114.544,9.0632,37872.424,9.0052,37526.7915,8.9723,51507.9367,8.9168,71080.796,8.9003,77328.3332,9.0279,67241.5938
20180530,002418.SZ,8.82,8.93,8.77,8.81,8.9,-0.08999999999999986,-1.0112,20362.0,17934.746,0.3678,0.78,8.932,23726.886,9.0401,34971.674,9.002,34130.5354,8.9789,49916.651,8.9197,68090.1573,8.8918,76447.0993,9.0209,66880.8976
20180531,002418.SZ,8.85,8.89,8.8,8.89,8.81,0.08000000000000007,0.9081,16954.0,14982.969,0.3062,0.71,8.91,22743.984,9.0191,33641.374,9.0103,33862.1723,8.9897,48761.2062,8.927,63509.6623,8.886,75798.1655,9.0151,66596.7226
20180601,002418.SZ,8.89,9.02,8.81,8.9,8.89,0.009999999999999787,0.1125,24423.0,21725.455,0.4412,1.07,8.896,21411.806,8.992,30140.871,9.0179,33881.7877,8.9882,47059.5171,8.9333,60149.202,8.8806,75562.1988,9.0087,66464.4333
20180604,002418.SZ,8.88,9.1,8.88,9.03,8.9,0.129999999999999,1.4607,37823.03,34051.432,0.6832,1.77,8.906,24703.812,8.963,27842.575,9.017,32993.5977,8.9981,46711.2329,8.9306,51322.634,8.8781,75173.018,9.004,66291.4884
20180605,002418.SZ,9.01,9.03,8.97,9.02,9.03,-0.009999999999999787,-0.1107,13229.0,11898.335,0.2269,0.54,8.93,22558.206,8.95,24336.375,9.0108,31683.7515,8.9962,41337.2543,8.9349,48219.8007,8.8761,73999.5347,8.9992,65999.9368
20180606,002418.SZ,9.01,9.01,8.93,8.99,9.02,-0.02999999999999936,-0.3326,16697.29,14975.01,0.2864,0.74,8.966,21825.264,8.949,22776.075,8.9969,28396.7715,8.9995,37423.411,8.9418,45658.477,8.8741,73828.9895,8.9932,65759.5832
20180607,002418.SZ,9.0,9.0,8.84,8.89,8.99,-0.09999999999999964,-1.1123,26428.48,23501.181,0.4533,1.21,8.966,23720.16,8.938,23232.072,8.9638,25752.3477,8.9837,33480.4338,8.9461,44495.093,8.8719,73656.508,8.9873,65565.8483
20180608,002418.SZ,8.88,9.0,8.79,8.88,8.89,-0.009999999999999787,-0.1125,36254.0,32170.512,0.6218,1.53,8.962,26086.36,8.929,23749.083,8.9431,24826.4246,8.9751,32381.8614,8.95,43792.593,8.8707,73185.8913,8.9821,65349.8269
20180611,002418.SZ,8.93,9.29,8.93,9.04,8.88,0.15999999999999837,1.8018,85094.66,77373.158,1.4596,3.26,8.964,35540.686,8.935,30122.249,8.9462,28887.53,8.9841,33361.9248,8.9623,45297.7377,8.8687,72741.8337,8.9804,65058.3563
20180612,002418.SZ,8.93,9.1,8.88,8.91,9.04,-0.129999999999999,-1.4381,53469.0,48124.454,0.9171,1.5,8.942,43588.686,8.936,33073.446,8.9392,31318.3369,8.9902,34934.6048,8.9702,45287.4043,8.8645,71508.4005,8.9768,65162.4846
20180613,002418.SZ,8.92,8.92,8.6,8.8,8.91,-0.10999999999999943,-1.2346,31610.36,27841.286,0.5422,0.73,8.904,46571.3,8.935,34198.282,8.9262,31358.8346,8.9901,35289.0029,8.9748,44967.1383,8.8585,71082.058,8.9712,64801.3177
20180614,002418.SZ,8.85,9.0,8.75,8.76,8.8,-0.040000000000000924,-0.4545,96517.66,85816.531,1.6555,2.07,8.878,60589.136,8.922,42154.648,8.9092,37139.9623,8.9767,37534.1533,8.9691,46179.1113,8.8545,71951.3357,8.9637,65244.4206
20180615,002418.SZ,8.76,8.81,8.75,8.76,8.76,0.0,0.0,23467.35,20580.923,0.4025,0.39,8.854,58031.806,8.908,42059.083,8.8985,37102.2946,8.9605,37210.8367,8.967,45456.7897,8.8553,71302.0143,8.9547,64791.8153
20180619,002418.SZ,8.78,8.78,7.88,7.88,8.76,-0.8799999999999999,-10.0457,87775.0,74614.0,1.5056,1.51,8.622,58567.874,8.793,47054.28,8.8269,42287.91,8.8991,38560.6924,8.9277,44179.8713,8.8416,71829.8977,8.9392,64951.8206
20180620,002418.SZ,7.09,7.09,7.09,7.09,7.88,-0.79,-10.0254,77222.0,54750.398,1.3245,1.32,8.258,63318.474,8.6,53453.58,8.6885,46923.91,8.7929,39342.4071,8.8666,43457.6713,8.8147,72522.1177,8.9162,65181.6088
20180621,002418.SZ,6.38,6.38,6.38,6.38,7.09,-0.71,-10.0141,11703.0,7466.514,0.2007,0.18,7.774,59337.002,8.339,52954.151,8.4946,45945.4485,8.661,37600.1214,8.7719,40206.738,8.7716,70488.013,8.8888,64959.6998
20180622,002418.SZ,5.74,5.74,5.74,5.74,6.38,-0.6399999999999997,-10.0313,8289.0,4757.886,0.1422,0.14,7.17,41691.27,8.024,51140.203,8.2415,43673.6,8.5057,36456.7267,8.6612,38505.5707,8.7225,68379.263,8.8567,64757.5777
20180625,002418.SZ,5.17,5.17,5.17,5.17,5.74,-0.5700000000000003,-9.9303,17676.0,9138.492,0.3032,0.42,6.452,40533.0,7.653,49282.403,7.9454,44015.6769,8.3233,36257.0833,8.5385,36944.3263,8.6638,67748.9125,8.82,64682.4291
20180626,002418.SZ,4.65,5.22,4.65,5.1,5.17,-0.07000000000000028,-1.354,2037293.54,958657.537,34.9445,50.26,5.896,430436.708,7.259,244502.291,7.6462,199446.1577,8.139,131790.8762,8.4158,104172.687,8.6043,100885.3548,8.7844,81300.0919
20180627,002418.SZ,4.59,4.72,4.59,4.59,5.1,-0.5099999999999998,-10.0,1197874.84,551887.893,20.5464,2.78,5.396,654567.276,6.827,358942.875,7.3154,289557.4162,7.93,187815.2495,8.2754,143296.2483,8.5374,119553.9455,8.7445,91007.2164
20180628,002418.SZ,4.47,4.53,4.13,4.16,4.59,-0.4299999999999997,-9.3682,912471.24,389369.263,15.6511,1.39,4.952,834720.924,6.363,447028.963,6.9523,356958.7423,7.7043,230125.45,8.1127,172066.3063,8.4659,133027.9828,8.7032,98201.2148
20180629,002418.SZ,4.15,4.32,4.1,4.22,4.16,0.05999999999999961,1.4423,580363.42,246477.928,9.9546,0.7,4.648,949135.808,5.909,495413.539,6.5815,395056.3392,7.4857,256792.1843,7.95,190403.187,8.3937,141969.8043,8.6624,102422.8325
20180702,002418.SZ,4.03,4.38,4.03,4.23,4.22,0.010000000000000675,0.237,736584.55,312671.247,12.6342,0.78,4.46,1092917.518,5.456,566725.259,6.2215,447603.6892,7.2638,291060.3057,7.7853,212975.071,8.3216,153603.8302,8.6221,108134.3653
20180703,002418.SZ,4.35,4.63,4.28,4.53,4.23,0.2999999999999998,7.0922,857440.4,384593.71,8.5436,0.78,4.346,856946.89,5.121,643691.799,5.8931,511129.0769,7.0557,330727.801,7.6257,239529.5513,8.2542,166660.587,8.5843,114630.6713
20180704,002418.SZ,4.4,4.47,4.12,4.21,4.53,-0.3200000000000003,-7.064,604557.75,259580.965,6.0238,0.71,4.27,738283.472,4.833,696425.374,5.5431,550209.0838,6.8262,357715.1686,7.461,258071.7763,8.18,175923.0828,8.5442,119092.3215
20180705,002418.SZ,4.24,4.28,4.12,4.12,4.21,-0.08999999999999986,-2.1378,300991.62,126229.41,2.9991,0.41,4.262,615987.548,4.607,725354.236,5.1862,571557.1046,6.5929,371418.1505,7.2983,267028.154,8.099,178940.5753,8.5044,121238.0746
20180706,002418.SZ,4.08,4.26,4.05,4.15,4.12,0.03000000000000025,0.7282,327836.4,136911.958,3.2666,0.53,4.248,565482.144,4.448,757308.976,4.8992,590023.3662,6.3624,386234.2986,7.1367,277227.0837,8.0192,183437.4487,8.4659,123490.9778
20180709,002418.SZ,4.13,4.2,4.12,4.19,4.15,0.040000000000000036,0.9639,237418.54,99047.026,2.3656,0.42,4.24,465648.942,4.35,779283.23,4.6762,602346.1769,6.1386,396281.4443,6.9773,284104.9053,7.9395,185751.6253,8.428,125087.3003
20180710,002418.SZ,4.17,4.2,4.01,4.14,4.19,-0.05000000000000071,-1.1933,310146.0,127366.767,3.0903,0.67,4.162,356190.062,4.254,606568.476,4.5038,625303.3308,5.9129,409323.9205,6.816,293731.0053,7.8638,185042.8005,8.39,127444.3988
20180711,002418.SZ,4.05,4.09,3.73,3.74,4.14,-0.39999999999999947,-9.6618,459565.33,177702.636,4.5791,1.29,4.068,327191.578,4.169,532737.525,4.35,660016.8946,5.6605,427155.8571,6.644,308251.282,7.7804,189666.039,8.348,130920.7675
20180712,002418.SZ,3.78,3.92,3.77,3.88,3.74,0.13999999999999968,3.7433,317449.4,122851.229,3.1631,0.97,4.02,330483.134,4.141,473235.341,4.2508,683076.3869,5.421,439726.3524,6.4797,318154.1953,7.6997,193122.1763,8.3079,133212.9494
20180713,002418.SZ,3.94,4.19,3.9,3.95,3.88,0.07000000000000028,1.8041,362580.78,145786.132,3.6128,1.1,3.98,337432.01,4.114,451457.077,4.1623,554252.3285,5.19,455486.8486,6.315,329675.088,7.621,196592.3752,8.2684,135935.9141
20180716,002418.SZ,3.93,4.1,3.91,3.96,3.95,0.009999999999999787,0.2532,266223.32,106299.519,2.6527,0.79,3.934,343192.966,4.087,404420.954,4.1138,482586.8269,4.9614,463568.0705,6.1503,337735.0987,7.5418,198942.1503,8.2289,137926.1837
20180717,002418.SZ,3.94,4.1,3.92,4.0,3.96,0.040000000000000036,1.0101,223133.86,89673.231,2.2233,0.65,3.906,325790.538,4.034,340990.3,4.1015,429560.8746,4.7348,473075.9995,5.9827,343912.1263,7.4566,197617.3802,8.1891,139506.7159
20180718,002418.SZ,4.04,4.05,3.94,3.94,4.0,-0.06000000000000005,-1.5,195768.81,77790.994,1.9506,0.6,3.946,273031.234,4.007,300111.406,4.08,399976.6738,4.5471,478218.5619,5.8133,349996.7867,7.3741,199108.2937,8.1488,140923.5965
20180719,002418.SZ,3.94,3.96,3.75,3.89,3.94,-0.04999999999999982,-1.269,195840.01,75175.579,1.9514,0.72,3.948,248709.356,3.984,289596.245,4.0538,358380.94,4.3948,483867.0386,5.6433,355968.2107,7.2926,200813.3438,8.1089,142204.1004
20180720,002418.SZ,3.85,3.89,3.8,3.86,3.89,-0.03000000000000025,-0.7712,113578.51,43727.347,1.1317,0.46,3.93,198908.902,3.955,268170.456,4.0023,301160.7946,4.2748,488718.2533,5.4757,358873.2117,7.2109,201684.1523,8.0688,142866.188
20180723,002418.SZ,3.86,3.86,3.76,3.83,3.86,-0.029999999999999805,-0.7772,115884.71,44218.13,1.1547,0.58,3.904,168841.18,3.919,256017.073,3.9731,263570.5608,4.1838,493841.8586,5.3073,361527.5687,7.1287,202660.0808,8.0281,143507.1641
20180724,002418.SZ,3.81,3.95,3.78,3.9,3.83,0.06999999999999984,1.8277,217232.9,83973.227,2.1645,1.29,3.884,167660.988,3.895,246725.763,3.9562,257127.5823,4.1233,503344.5681,5.136,365932.1767,7.0491,205614.9572,7.9865,144775.4353
20180725,002418.SZ,3.91,3.95,3.87,3.91,3.9,0.010000000000000231,0.2564,167217.02,65324.649,1.6662,1.0,3.878,161950.63,3.912,217490.932,3.9377,244772.2454,4.0667,414293.3052,4.9693,369723.7773,6.9698,207505.5908,7.9432,145629.5548
20180726,002418.SZ,3.92,4.18,3.9,4.07,3.91,0.16000000000000014,4.0921,370530.9,150068.846,3.692,2.29,3.914,196888.808,3.931,222799.082,3.9285,255011.6577,4.0419,374895.9748,4.8117,381021.1287,6.8932,212994.1335,7.9001,148191.3852
20180727,002418.SZ,4.06,4.13,3.94,3.95,4.07,-0.1200000000000001,-2.9484,235386.0,94563.15,2.3454,1.2,3.932,221250.306,3.931,210079.604,3.9138,249260.8885,4.0319,342653.8205,4.6513,385650.0733,6.8102,215914.5923,7.8565,149736.4438
20180730,002418.SZ,3.92,3.93,3.76,3.79,3.95,-0.16000000000000014,-4.0506,172633.2,65833.49,1.7201,0.78,3.924,232600.004,3.914,200720.592,3.9177,227189.1862,4.0114,323238.0957,4.4857,390622.2683,6.7263,218039.529,7.8111,150675.788
20180731,002418.SZ,3.81,3.87,3.75,3.8,3.79,0.009999999999999787,0.2639,83689.0,31917.833,0.8339,0.36,3.904,205891.224,3.894,186776.106,3.9115,209207.6169,3.991,292147.8314,4.3497,390486.0683,6.6387,217332.9698,7.7657,150837.6725
20180801,002418.SZ,3.8,3.84,3.65,3.71,3.8,-0.08999999999999986,-2.3684,138004.0,51660.055,1.3751,0.67,3.864,200048.62,3.871,180999.625,3.8931,191932.48,3.9519,257888.9552,4.237,392512.135,6.5518,217984.9032,7.719,151480.9461
20180802,002418.SZ,3.7,3.7,3.35,3.47,3.71,-0.23999999999999977,-6.469,265242.0,91294.735,2.6429,1.33,3.744,178990.84,3.829,187939.824,3.8554,191856.9938,3.9167,241731.0624,4.14,400963.435,6.456,220585.0865,7.6699,153121.4268
20180803,002418.SZ,3.4,3.52,3.38,3.45,3.47,-0.020000000000000018,-0.5764,130769.2,45209.328,1.303,0.73,3.644,158067.48,3.788,189658.893,3.8131,184752.02,3.8848,233625.2329,4.0637,405046.1083,6.3625,221775.8395,7.6198,153636.2676
20180806,002418.SZ,3.44,3.46,3.11,3.19,3.45,-0.26000000000000023,-7.5362,228719.48,73966.33,2.279,1.45,3.524,169284.736,3.724,200942.37,3.7554,187286.6869,3.839,228905.3795,3.9977,412080.891,6.2681,224512.6087,7.5682,155120.6029
20180807,002418.SZ,3.2,3.27,3.12,3.26,3.19,0.06999999999999984,2.1944,165912.06,53028.929,1.6532,0.98,3.416,185729.348,3.66,195810.286,3.7069,184984.5369,3.7948,225500.309,3.9363,349701.5083,6.1761,226937.0977,7.5203,155670.9046
20180808,002418.SZ,3.28,3.31,3.16,3.18,3.26,-0.07999999999999963,-2.454,131767.03,42606.31,1.3129,0.71,3.31,184481.954,3.587,192265.287,3.6546,186383.6538,3.749,217006.0724,3.8893,314164.5813,6.0824,228730.4148,7.4734,155081.4405
20180809,002418.SZ,3.23,3.3,3.19,3.26,3.18,0.07999999999999963,2.5157,132598.03,43158.762,1.3212,0.72,3.268,157953.16,3.506,168472.0,3.6108,187669.2938,3.7262,201436.201,3.8593,288168.8077,5.986,230117.557,7.427,155575.2123
20180810,002418.SZ,3.23,3.28,3.21,3.27,3.26,0.010000000000000231,0.3067,141832.68,46101.162,1.4132,0.9,3.232,160165.856,3.438,159116.668,3.5623,181869.2769,3.6971,193073.5,3.8277,273551.1163,5.8888,231977.1517,7.382,156199.1011
20180813,002418.SZ,3.25,3.33,3.16,3.29,3.27,0.020000000000000018,0.6116,127864.48,41596.446,1.274,0.8,3.252,139994.856,3.388,154639.796,3.5146,178842.1585,3.6657,181896.5333,3.7963,253260.4473,5.7908,233117.7592,7.3368,156862.2551
20180814,002418.SZ,3.32,3.33,3.24,3.26,3.29,-0.03000000000000025,-0.9119,110866.99,36345.447,1.1047,0.79,3.252,128985.842,3.334,157357.595,3.4523,158868.0115,3.6324,174498.6129,3.754,228374.667,5.6898,233952.1092,7.2901,157511.759
20180815,002418.SZ,3.27,3.3,3.16,3.18,3.26,-0.07999999999999963,-2.454,121088.8,38954.901,1.2065,0.94,3.252,126850.196,3.281,155666.075,3.3931,150075.9192,3.5933,169639.3243,3.7197,212259.0353,5.5903,235165.4058,7.2433,158080.8523
20180816,002418.SZ,3.14,3.23,3.11,3.16,3.18,-0.020000000000000018,-0.6289,96146.0,30384.998,0.958,0.76,3.232,119559.79,3.25,138756.475,3.3446,144192.2885,3.5562,164895.381,3.6877,205430.848,5.493,236229.501,7.1959,157999.7604
20180817,002418.SZ,3.17,3.21,2.98,3.0,3.16,-0.16000000000000014,-5.0633,142934.0,44123.509,1.4242,1.2,3.178,119780.054,3.205,139972.955,3.2831,148749.5962,3.5138,162376.0471,3.6493,199267.4347,5.393,238247.2592,7.1476,158841.6337
20180820,002418.SZ,3.01,3.09,2.96,3.09,3.0,0.08999999999999986,3.0,168886.06,51386.569,1.6828,1.41,3.138,127984.37,3.195,133989.613,3.2354,151125.1392,3.4771,165009.74,3.6127,196983.0187,5.295,240543.962,7.1002,159943.5321
20180821,002418.SZ,3.13,3.15,3.08,3.09,3.09,0.0,0.0,120282.3,37411.728,1.1985,0.94,3.104,129867.432,3.178,129426.637,3.2062,139974.3931,3.4419,165219.149,3.5777,190654.2287,5.1968,242192.617,7.0509,160408.662
20180822,002418.SZ,3.09,3.11,3.03,3.05,3.09,-0.040000000000000036,-1.2945,104274.0,31921.335,1.039,0.8,3.078,126504.472,3.165,126677.334,3.1754,137936.3008,3.4014,159840.1538,3.5547,178811.1843,5.0993,243531.2332,6.9998,160429.7832
20180823,002418.SZ,3.0,3.08,2.97,3.05,3.05,0.0,0.0,116288.02,35496.433,1.1587,0.92,3.056,130532.876,3.144,125046.333,3.1646,129287.7269,3.3605,157414.9633,3.527,172105.805,5.0033,245130.0002,6.9476,160788.5498
20180824,002418.SZ,3.06,3.29,3.03,3.18,3.05,0.13000000000000034,4.2623,209536.3,66538.484,2.0878,1.61,3.092,143853.336,3.135,131816.695,3.1585,132643.4377,3.3181,149748.5538,3.5013,167004.3223,4.9082,248339.7052,6.8971,162068.9353
20180827,002418.SZ,3.13,3.22,3.12,3.2,3.18,0.020000000000000018,0.6289,119010.3,37803.407,1.1858,0.83,3.114,133878.184,3.126,130931.277,3.16,131662.1508,3.2824,144206.8538,3.476,162097.2217,4.8132,249916.1602,6.8469,162739.1795
20180828,002418.SZ,3.2,3.26,3.15,3.21,3.2,0.009999999999999787,0.3125,93840.0,30215.833,0.935,0.7,3.138,128589.724,3.121,129228.578,3.1562,128680.7638,3.2548,140454.7967,3.4497,157787.4263,4.7162,250849.7763,6.7971,163011.3972
20180829,002418.SZ,3.23,3.25,3.15,3.19,3.21,-0.020000000000000018,-0.6231,74439.0,23779.54,0.7417,0.58,3.166,122622.724,3.122,124563.598,3.15,123496.6346,3.2257,140014.3205,3.4247,153743.0993,4.619,251869.943,6.7476,162934.7388
20180830,002418.SZ,3.18,3.25,3.16,3.17,3.19,-0.020000000000000018,-0.627,73389.03,23553.936,0.7313,0.6,3.19,114042.926,3.123,122287.901,3.1408,119306.2154,3.2,136937.4171,3.4007,149661.4,4.522,252814.8053,6.698,163321.8974
20180831,002418.SZ,3.17,3.19,3.08,3.1,3.17,-0.06999999999999984,-2.2082,68401.0,21369.693,0.6816,0.6,3.174,85815.866,3.133,114834.601,3.1285,116039.6008,3.1824,127564.0362,3.3753,148155.483,4.4255,253514.3473,6.6487,163585.4277
20180903,002418.SZ,3.09,3.15,2.98,3.13,3.1,0.029999999999999805,0.9677,72649.03,22208.689,0.7239,0.85,3.16,76543.612,3.137,105210.898,3.1246,112313.4646,3.1671,124796.409,3.352,146714.2937,4.3297,254120.9312,6.6002,163653.4113
20180904,002418.SZ,3.11,3.21,3.07,3.18,3.13,0.050000000000000266,1.5974,113189.06,35817.344,1.1278,1.48,3.154,80413.424,3.146,104501.574,3.1262,113624.4692,3.1667,119294.9605,3.328,143246.1657,4.232,254589.1712,6.5504,163665.5024
20180905,002418.SZ,3.17,3.31,3.14,3.22,3.18,0.040000000000000036,1.2579,162006.0,52673.971,1.6142,2.01,3.16,97926.824,3.163,110274.774,3.1431,115091.5462,3.1648,119108.9576,3.305,143072.465,4.1372,256398.1212,6.5008,163953.2608
20180906,002418.SZ,3.19,3.19,3.07,3.07,3.22,-0.15000000000000036,-4.6584,141912.0,44414.375,1.414,1.45,3.14,111631.418,3.165,112837.172,3.1415,113016.6185,3.1595,119592.0514,3.2717,135451.835,4.0417,258236.4818,6.4501,164659.2699
20180907,002418.SZ,3.05,3.38,3.05,3.38,3.07,0.31000000000000005,10.0977,139954.3,46125.134,1.3945,1.25,3.196,125942.078,3.185,105878.972,3.1638,114529.8492,3.1652,119942.35,3.2527,132270.7783,3.952,258960.4258,6.4033,165455.8808
20180910,002418.SZ,3.63,3.72,3.54,3.72,3.38,0.3400000000000003,10.0592,625192.79,231285.291,6.2295,4.96,3.314,236450.83,3.237,156497.221,3.2154,154600.5254,3.1867,142959.4981,3.2503,147356.098,3.868,268989.1832,6.3617,170145.5988
20180911,002418.SZ,3.69,3.69,3.41,3.53,3.72,-0.1900000000000004,-5.1075,624122.61,220334.094,6.2188,2.64,3.384,338637.54,3.269,209525.482,3.2523,193664.7246,3.1981,166590.8376,3.2413,165370.5517,3.7955,277928.31,6.3186,174879.1038
20180912,002418.SZ,3.49,3.55,3.36,3.45,3.53,-0.07999999999999963,-2.2663,375921.7,129503.667,3.7457,1.11,3.43,381420.68,3.295,239673.752,3.2731,206463.6015,3.2071,179212.4905,3.2327,173301.1417,3.7348,282906.6383,6.2748,177714.378
20180913,002418.SZ,3.41,3.45,3.29,3.38,3.45,-0.07000000000000028,-2.029,307508.35,103458.44,3.064,0.81,3.492,414539.95,3.316,263085.684,3.2869,220963.4515,3.2167,188089.6119,3.2297,174710.02,3.6848,287836.7275,6.2282,179162.3703
20180914,002418.SZ,3.33,3.44,3.26,3.27,3.38,-0.10999999999999988,-3.2544,239435.03,80201.531,2.3857,0.58,3.47,434436.096,3.333,280189.087,3.2915,232163.0692,3.2219,194912.899,3.2237,178332.2143,3.6437,291689.1613,6.1831,180034.2122
20180917,002418.SZ,3.14,3.18,3.05,3.13,3.27,-0.14000000000000012,-4.2813,187698.0,58722.791,1.8702,0.43,3.352,346937.138,3.333,291693.984,3.2869,240875.3,3.2281,197044.5181,3.2217,176964.8317,3.6097,294522.8613,6.1367,181135.8869
20180918,002418.SZ,3.35,3.35,3.15,3.23,3.13,0.10000000000000009,3.1949,209628.89,67618.037,2.0888,0.6,3.292,264038.394,3.338,301337.967,3.2915,251355.2892,3.2348,198984.6529,3.2207,178422.0593,3.5785,264061.7838,6.0914,182473.5693
20180919,002418.SZ,3.31,3.44,3.27,3.29,3.23,0.06000000000000005,1.8576,259795.28,86573.137,2.5886,0.98,3.26,240813.11,3.345,311116.895,3.3062,266077.9262,3.2443,205628.1281,3.2243,182689.6677,3.5568,248427.1245,6.0471,183990.535
20180920,002418.SZ,3.25,3.45,3.22,3.44,3.29,0.1499999999999999,4.5593,384819.35,129085.858,3.8344,1.6,3.272,256275.31,3.382,335407.63,3.33,290091.0277,3.2629,218987.4305,3.2303,191097.045,3.5448,239632.9263,6.0053,186330.4546
20180921,002418.SZ,3.43,3.43,3.32,3.34,3.44,-0.10000000000000009,-2.907,245989.28,82522.207,2.451,0.96,3.286,257586.16,3.378,346011.128,3.3423,300306.4292,3.2767,225163.681,3.2327,194568.9317,3.5302,234060.024,5.9619,188014.9142
20180925,002418.SZ,3.33,3.38,3.28,3.35,3.34,0.010000000000000231,0.2994,108986.0,36312.67,1.0859,0.42,3.33,241843.76,3.341,294390.449,3.3523,296227.9677,3.2848,220375.5714,3.2347,193939.649,3.5155,223600.0482,5.9186,188601.9392
20180926,002418.SZ,3.39,3.69,3.31,3.69,3.35,0.33999999999999986,10.1493,253387.05,92336.175,2.5248,1.05,3.422,250595.392,3.357,257316.893,3.4,304802.9715,3.3081,226774.4643,3.249,198690.3177,3.5015,213532.4923,5.8779,190096.5397
20180927,002418.SZ,3.75,3.99,3.71,3.73,3.69,0.040000000000000036,1.084,965702.74,368809.125,9.6223,3.85,3.51,391776.884,3.385,316294.997,3.4269,368322.0823,3.3329,268291.7376,3.2673,226844.1157,3.4935,219551.5755,5.8368,197737.3292
20180928,002418.SZ,3.61,3.72,3.51,3.57,3.73,-0.16000000000000014,-4.2895,456332.54,164850.838,4.5469,1.16,3.536,406079.522,3.404,331177.416,3.4154,355332.8323,3.351,286477.1443,3.281,238850.3337,3.4843,222140.5908,5.7917,200540.5831
20181008,002418.SZ,3.58,3.77,3.47,3.48,3.57,-0.08999999999999986,-2.521,335920.98,120915.033,3.3471,0.83,3.564,424065.862,3.425,340826.011,3.4115,333163.4762,3.3657,298978.6657,3.297,245283.233,3.4732,222275.3338,5.7462,202856.3913
20181009,002418.SZ,3.6,3.6,3.41,3.51,3.48,0.029999999999999805,0.8621,217836.31,76214.111,2.1705,0.51,3.596,445835.924,3.463,343839.842,3.4162,321003.0615,3.3852,306094.6329,3.311,246914.908,3.4618,221948.9633,5.7007,203850.2943
20181010,002418.SZ,3.5,3.68,3.44,3.62,3.51,0.11000000000000032,3.1339,285525.97,101687.974,2.845,0.64,3.582,452263.708,3.502,351429.55,3.4346,319312.1092,3.4086,316231.63,3.3287,252423.0303,3.4532,221538.6295,5.6585,203290.715
20181011,002418.SZ,3.48,3.5,3.26,3.3,3.62,-0.3200000000000003,-8.8398,310463.08,104647.759,3.0935,0.69,3.496,321215.776,3.503,356496.33,3.4369,324775.8054,3.4143,325625.631,3.337,259295.9997,3.4458,219053.592,5.6131,204359.8155
20181012,002418.SZ,3.19,3.26,3.01,3.14,3.3,-0.1599999999999997,-4.8485,215704.05,67174.323,2.1493,0.67,3.41,273090.078,3.473,339584.8,3.4377,326930.1169,3.4105,328182.681,3.34,262609.8673,3.4335,217357.8362,5.5666,205240.0063
20181015,002418.SZ,3.13,3.18,2.98,3.01,3.14,-0.13000000000000034,-4.1401,196368.0,60222.178,1.9566,0.72,3.316,245179.482,3.44,334622.672,3.4208,325910.0485,3.4076,330775.8238,3.3343,262170.924,3.4178,214587.6232,5.5194,205589.9992
20181016,002418.SZ,3.03,3.1,2.96,3.0,3.01,-0.009999999999999787,-0.3322,98178.0,29594.768,0.9783,0.4,3.214,221247.82,3.405,333541.872,3.3985,313477.95,3.3895,328786.4762,3.3277,261476.514,3.4018,211786.8678,5.4718,205364.5091
20181017,002418.SZ,3.07,3.08,2.74,2.9,3.0,-0.10000000000000009,-3.3333,193729.49,56564.615,1.9303,0.88,3.07,202888.524,3.326,327576.116,3.3569,298778.73,3.3505,308240.6048,3.3173,264806.1637,3.3835,211296.795,5.4201,204457.0876
20181018,002418.SZ,2.81,2.88,2.71,2.72,2.9,-0.17999999999999972,-6.2069,153503.3,42571.758,1.5295,0.76,2.954,171496.568,3.225,246356.172,3.3092,291664.4238,3.3119,285830.1614,3.3017,267441.6403,3.3632,210592.3698,5.3686,204850.3318
20181019,002418.SZ,2.69,2.76,2.52,2.7,2.72,-0.020000000000000018,-0.7353,147480.28,39339.232,1.4695,0.86,2.866,157851.814,3.138,215470.946,3.2592,294625.5223,3.2762,274951.9986,3.286,269911.3487,3.3433,209786.3743,5.318,205299.8591
20181022,002418.SZ,2.78,2.91,2.72,2.84,2.7,0.13999999999999968,5.1852,184023.0,52132.832,1.8336,1.17,2.832,155382.814,3.074,200281.148,3.1938,289289.8262,3.2505,269071.7438,3.2773,273765.4153,3.3263,210960.4492,5.2686,206322.3008
20181023,002418.SZ,2.83,3.05,2.81,2.89,2.84,0.050000000000000266,1.7606,240090.0,70119.073,2.3923,1.55,2.81,183765.214,3.012,202506.517,3.1292,233473.4615,3.2324,269102.9329,3.2693,279346.781,3.3107,213030.5373,5.2197,207845.3091
20181024,002418.SZ,2.86,2.91,2.82,2.83,2.89,-0.06000000000000005,-2.0761,145590.0,41600.506,1.4507,0.79,2.796,174137.316,2.933,188512.92,3.0723,209570.1892,3.2181,267097.79,3.2577,280426.8123,3.2928,211836.489,5.171,208725.7231
20181025,002418.SZ,2.66,2.88,2.66,2.85,2.83,0.020000000000000018,0.7067,181026.31,50294.493,1.8038,1.04,2.822,179641.918,2.888,175569.243,3.0238,197655.2146,3.2,265735.7624,3.2453,281060.8227,3.2752,212066.6438,5.1225,209786.1173
20181026,002418.SZ,2.87,2.96,2.84,2.84,2.85,-0.010000000000000231,-0.3509,144278.01,41677.86,1.4376,0.8,2.85,179001.464,2.858,168426.639,2.9723,191996.8838,3.1786,260234.94,3.2377,281139.6897,3.2547,208295.7623,5.074,210644.9479
20181029,002418.SZ,2.9,2.9,2.79,2.82,2.84,-0.020000000000000018,-0.7042,90647.01,25729.479,0.9032,0.51,2.846,160326.266,2.839,157854.54,2.9108,177006.1946,3.149,246226.7333,3.219,279496.1133,3.2358,205883.4458,5.023,210899.0191
20181030,002418.SZ,2.83,2.95,2.76,2.87,2.82,0.050000000000000266,1.773,102043.74,29036.137,1.0168,0.64,2.842,132717.014,2.826,158241.114,2.8777,160973.9377,3.1267,239372.1838,3.1907,262057.8117,3.2205,204706.9548,4.9734,211373.2419
20181031,002418.SZ,2.86,2.92,2.85,2.88,2.87,0.009999999999999787,0.3484,124574.02,35939.496,1.2413,0.94,2.852,128513.818,2.824,151325.567,2.8577,153963.9354,3.1043,240114.4705,3.169,245406.192,3.2052,205388.3718,4.9219,211360.6708
20181101,002418.SZ,2.87,2.96,2.86,2.9,2.88,0.020000000000000018,0.6944,180005.26,52285.79,1.7936,1.4,2.862,128309.608,2.842,153975.763,2.8492,152705.2631,3.0667,236620.0995,3.1507,238875.644,3.1917,206088.3928,4.8717,212036.648
20181102,002418.SZ,2.94,2.98,2.89,2.96,2.9,0.06000000000000005,2.069,175675.01,51699.33,1.7504,1.37,2.886,134589.008,2.868,156795.236,2.8462,158666.5715,3.03,198999.7314,3.1367,234481.1993,3.1832,204595.6097,4.8196,212590.3481
20181105,002418.SZ,2.97,3.08,2.93,2.98,2.96,0.020000000000000018,0.6757,237831.01,71297.473,2.3698,1.77,2.918,164025.808,2.882,162176.037,2.8523,162058.9962,3.0019,188594.8967,3.127,234427.732,3.1753,206379.9732,4.7689,214077.9063
20181106,002418.SZ,2.97,3.03,2.9,3.03,2.98,0.04999999999999982,1.6779,213090.03,63125.148,2.1232,1.3,2.95,186235.066,2.896,159476.04,2.8762,166642.5908,2.9805,182745.8038,3.1237,235274.133,3.1727,206119.4823,4.7204,215316.0455
20181107,002418.SZ,3.04,3.17,2.99,3.09,3.03,0.06000000000000005,1.9802,248552.29,76268.963,2.4766,1.33,2.992,211030.72,2.922,169772.269,2.9062,174417.3608,2.9605,184208.4695,3.119,236571.5797,3.1698,207496.8195,4.673,217216.9586
20181108,002418.SZ,3.08,3.22,3.02,3.18,3.09,0.0900000000000003,2.9126,400705.29,125958.418,3.9926,1.9,3.048,255170.726,2.955,191740.167,2.9323,191085.2292,2.9395,189693.199,3.1153,241268.58,3.1698,211979.1238,4.6261,220354.7693
20181109,002418.SZ,3.15,3.38,3.14,3.16,3.18,-0.020000000000000018,-0.6289,376991.47,121659.912,3.7564,1.48,3.088,295434.018,2.987,215011.513,2.9531,201616.1115,2.9329,192861.2176,3.106,241007.6507,3.1682,216052.3478,4.5771,223084.9524
20181112,002418.SZ,3.19,3.35,3.14,3.33,3.16,0.16999999999999993,5.3797,320562.37,104444.197,3.1941,1.09,3.158,311980.29,3.038,238003.049,2.9915,215075.5246,2.9419,197854.471,3.1057,243493.4203,3.1692,219031.176,4.529,225504.1638
20181113,002418.SZ,3.26,3.66,3.24,3.51,3.33,0.17999999999999972,5.4054,637276.83,222008.478,6.3499,2.04,3.254,396817.65,3.102,291526.358,3.0423,250171.7185,2.9657,218850.1295,3.111,261103.1147,3.1728,227521.3818,4.4818,230319.5705
20181114,002418.SZ,3.52,3.58,3.36,3.42,3.51,-0.08999999999999986,-2.5641,415781.43,143441.658,4.1429,1.05,3.32,430263.478,3.156,320647.099,3.0869,271056.5969,2.9857,233974.1024,3.102,266516.2607,3.1755,232603.2892,4.4327,233277.6992
20181115,002418.SZ,3.39,3.46,3.3,3.43,3.42,0.010000000000000231,0.2924,336805.92,113581.45,3.356,0.78,3.37,417483.604,3.209,336327.165,3.1338,289991.8977,3.011,240787.2657,3.092,245553.0333,3.1797,236198.5745,4.385,235681.9902
20181116,002418.SZ,3.4,3.44,3.35,3.37,3.43,-0.06000000000000005,-1.7493,228755.46,77399.07,2.2793,0.55,3.412,387836.402,3.25,341635.21,3.1723,299738.9531,3.0419,244370.7019,3.0853,237967.1307,3.1832,238408.7322,4.3381,237319.1166
20181119,002418.SZ,3.4,3.44,3.14,3.23,3.37,-0.14000000000000012,-4.1543,347423.47,113105.481,3.4617,0.9,3.392,393208.622,3.275,352594.456,3.1992,316881.2185,3.0671,253891.8062,3.077,238350.547,3.187,241816.89,4.29,240032.0746
20181120,002418.SZ,3.22,3.3,3.16,3.18,3.23,-0.04999999999999982,-1.548,229358.03,74102.792,2.2853,0.58,3.326,311624.862,3.29,354221.256,3.2208,320677.5854,3.0833,256050.6171,3.066,238734.6043,3.1885,242824.7562,4.2418,241684.3591
20181121,002418.SZ,3.12,3.36,3.12,3.36,3.18,0.17999999999999972,5.6604,301326.01,98491.511,3.0024,0.97,3.314,288733.778,3.317,359498.628,3.2515,330343.0469,3.1057,258966.6176,3.0573,239261.2723,3.193,245842.1513,4.1949,244017.3842
20181122,002418.SZ,3.33,3.43,3.29,3.37,3.36,0.010000000000000231,0.2976,246245.98,82882.588,2.4536,0.85,3.302,270621.79,3.336,344052.697,3.2815,330990.3523,3.1314,263759.7595,3.0597,237120.7023,3.1983,248208.351,4.1488,245869.7921
20181123,002418.SZ,3.4,3.42,3.1,3.11,3.37,-0.26000000000000023,-7.7151,285144.03,91352.583,2.8412,1.05,3.25,281899.504,3.331,334867.953,3.2877,336532.9677,3.1438,268717.7462,3.0587,239435.3683,3.1993,251022.6178,4.1013,248076.309
20181126,002418.SZ,3.07,3.17,3.05,3.09,3.11,-0.020000000000000018,-0.6431,155430.39,48326.44,1.5487,0.55,3.222,243500.888,3.307,318354.755,3.2877,329369.7446,3.1557,269248.8119,3.0613,238070.7813,3.1978,250120.8527,4.053,249230.2789
20181127,002418.SZ,3.11,3.14,3.03,3.06,3.09,-0.029999999999999805,-0.9709,129119.14,39752.523,1.2865,0.53,3.198,223453.11,3.262,267538.986,3.2785,308478.5023,3.1671,271080.8181,3.0633,239102.1527,3.1955,250289.3333,4.0043,250102.7468
20181128,002418.SZ,3.07,3.09,2.93,3.07,3.06,0.009999999999999787,0.3268,174288.06,52502.728,1.7366,0.78,3.14,198045.52,3.227,243389.649,3.2715,292885.9323,3.1767,274521.0238,3.069,238454.105,3.1932,251630.1343,3.9547,251239.9553
20181129,002418.SZ,3.11,3.12,2.9,2.98,3.07,-0.08999999999999986,-2.9316,226727.31,68162.906,2.2591,1.14,3.062,194141.786,3.182,232381.788,3.2446,285667.8508,3.1814,279385.4662,3.0777,240894.9053,3.1897,254168.2728,3.9043,253019.1079
20181130,002418.SZ,2.94,3.0,2.89,2.97,2.98,-0.009999999999999787,-0.3356,117914.49,34843.16,1.1749,0.61,3.034,160695.878,3.142,221297.691,3.2031,245716.9015,3.1848,276428.7629,3.0867,239909.379,3.1863,254910.3638,3.8542,253862.5846
20181203,002418.SZ,3.05,3.09,3.02,3.04,2.97,0.06999999999999984,2.3569,174159.55,53225.136,1.7353,1.08,3.024,164441.71,3.123,203971.299,3.1738,227130.6031,3.1886,276356.5981,3.0933,239580.5973,3.1853,256673.0063,3.8054,255093.6768
20181204,002418.SZ,3.05,3.09,3.02,3.09,3.04,0.04999999999999982,1.6447,152875.01,46827.756,1.5233,0.93,3.03,169192.884,3.114,196322.997,3.1477,212982.0715,3.1938,272311.0743,3.1,236673.431,3.1847,258010.106,3.7572,256065.5186
20181205,002418.SZ,3.01,3.4,2.99,3.4,3.09,0.31000000000000005,10.0324,337432.01,108394.98,3.3622,1.99,3.096,201821.674,3.118,199933.597,3.15,221341.8062,3.2114,278232.121,3.119,243068.1647,3.1883,261747.4885,3.7102,258168.3298
20181206,002418.SZ,3.41,3.58,3.21,3.26,3.4,-0.14000000000000012,-4.1176,772001.38,263600.792,7.6923,3.83,3.152,310876.488,3.107,252509.137,3.1523,254001.6454,3.2195,303158.2681,3.1327,262767.3337,3.189,271914.0782,3.6631,264156.0997
20181207,002418.SZ,3.22,3.27,3.12,3.15,3.26,-0.10999999999999988,-3.3742,335505.16,106489.565,3.343,1.08,3.188,354394.622,3.111,257545.25,3.15,262166.8092,3.2181,300053.5,3.143,269141.572,3.1903,275140.6308,3.616,266688.5563
20181210,002418.SZ,3.1,3.13,3.02,3.11,3.15,-0.040000000000000036,-1.2698,212239.64,65163.372,2.1148,0.6,3.202,362010.64,3.113,263226.175,3.1308,255314.0115,3.2157,292208.1748,3.1527,273194.6597,3.1858,276345.3865,3.5689,267652.9062
20181211,002418.SZ,3.11,3.3,3.09,3.2,3.11,0.0900000000000003,2.8939,313276.48,99723.189,3.1215,0.87,3.224,394090.934,3.127,281641.909,3.1177,260470.2038,3.2095,291861.2276,3.1637,280235.751,3.1772,271146.7813,3.5226,270067.9823
20181212,002418.SZ,3.27,3.52,3.27,3.52,3.2,0.31999999999999984,10.0,483918.74,168577.762,4.8218,1.23,3.248,423388.28,3.172,312604.977,3.1492,275760.5662,3.21,284558.4614,3.185,292213.9083,3.177,268810.0502,3.4863,273369.1801
20181213,002418.SZ,3.48,3.54,3.33,3.46,3.52,-0.06000000000000005,-1.7045,806765.01,277702.616,8.0386,1.91,3.288,430341.006,3.22,370608.747,3.1777,325863.2292,3.2119,303176.7271,3.2037,313105.9,3.1772,275990.772,3.456,279448.7052
20181214,002418.SZ,3.43,3.55,3.36,3.52,3.46,0.06000000000000005,1.7341,743169.23,257344.764,7.405,1.73,3.362,511873.82,3.275,433134.221,3.2131,373097.8515,3.2162,322527.361,3.2223,332022.374,3.1795,283251.7867,3.4322,285544.2571
20181217,002418.SZ,3.45,3.72,3.41,3.62,3.52,0.10000000000000009,2.8409,715219.49,253474.03,7.1265,1.4,3.464,612469.79,3.333,487240.215,3.2554,414707.9615,3.2281,345692.3148,3.2437,347935.3233,3.1853,291181.5277,3.4145,291435.3445
20181218,002418.SZ,3.55,3.66,3.39,3.4,3.62,-0.2200000000000002,-6.0773,493066.99,173288.739,4.9129,0.81,3.504,648427.892,3.364,521259.413,3.2877,435195.6292,3.2362,352627.7205,3.256,357267.8887,3.1898,296271.0108,3.3998,295396.9361
20181219,002418.SZ,3.38,3.45,3.26,3.29,3.4,-0.10999999999999988,-3.2353,357092.73,119148.722,3.5581,0.55,3.458,623062.69,3.353,523225.485,3.3123,453593.9554,3.2414,358710.3252,3.2627,360885.9033,3.1908,298728.7415,3.3847,281395.2627
20181220,002418.SZ,3.31,3.45,3.27,3.39,3.29,0.10000000000000009,3.0395,332476.0,111925.886,3.3128,0.53,3.444,528204.888,3.366,479272.947,3.3392,465772.1438,3.2429,360193.6581,3.2697,358611.5937,3.1925,299940.0868,3.3747,274183.6057
20181221,002418.SZ,3.36,3.38,3.3,3.3,3.39,-0.0900000000000003,-2.6549,203391.0,67687.563,2.0266,0.39,3.4,420249.242,3.381,466061.531,3.3554,469657.9892,3.2395,358152.9448,3.2743,352824.9113,3.1902,296916.281,3.3675,268274.6037
20181224,002418.SZ,3.32,3.37,3.2,3.27,3.3,-0.029999999999999805,-0.9091,241514.0,79115.219,2.4065,0.57,3.33,325508.144,3.397,468988.967,3.3454,462279.6808,3.2471,356075.3243,3.2723,350189.9657,3.189,296841.693,3.3596,265450.8585
20181225,002418.SZ,3.31,3.52,3.27,3.44,3.27,0.16999999999999993,5.1988,412026.0,139312.896,4.1054,1.27,3.338,309299.946,3.421,478863.919,3.3592,434589.2669,3.2638,368294.1629,3.27,342681.6047,3.1905,301892.3597,3.353,262746.2039
20181226,002418.SZ,3.38,3.46,3.33,3.44,3.44,0.0,0.0,345579.77,117046.928,3.4434,1.12,3.368,306997.354,3.413,465030.022,3.3815,435364.2369,3.2819,378601.8119,3.2707,340341.5493,3.1863,303428.905,3.3439,258480.6987
20181227,002418.SZ,3.48,3.5,3.18,3.2,3.44,-0.23999999999999977,-6.9767,275794.44,92590.539,2.748,0.9,3.33,295661.042,3.387,411932.965,3.3885,440253.0677,3.2881,383435.449,3.263,338307.8333,3.1775,291930.4333,3.3355,255741.0044
20181228,002418.SZ,3.2,3.23,3.06,3.08,3.2,-0.1200000000000001,-3.75,278038.05,86660.762,2.7704,0.94,3.286,310590.452,3.343,365419.847,3.3792,437542.4192,3.2929,385878.8176,3.2533,339950.5863,3.1693,288958.8585,3.3268,255549.7247
20190102,002418.SZ,3.12,3.14,3.03,3.08,3.08,0.0,0.0,125870.98,38574.728,1.2542,0.41,3.248,287461.848,3.289,306484.996,3.3454,410000.2838,3.2981,386257.6981,3.2483,332565.5033,3.1627,285458.0252,3.3179,253866.6795
20190103,002418.SZ,3.08,3.1,3.01,3.02,3.08,-0.06000000000000005,-1.9481,141274.0,43086.314,1.4077,0.49,3.164,233311.448,3.251,271305.697,3.3115,358808.6677,3.2971,384691.7195,3.243,329629.369,3.1545,284181.9867,3.3082,253065.475
20190104,002418.SZ,2.98,3.13,2.93,3.11,3.02,0.08999999999999986,2.9801,183179.26,55905.005,1.8252,0.79,3.098,200831.346,3.233,253914.35,3.28,315732.5162,3.2981,386134.779,3.2347,325691.144,3.146,282476.2082,3.2996,252007.4188
20190107,002418.SZ,3.11,3.24,3.1,3.17,3.11,0.06000000000000005,1.9293,160912.03,51066.113,1.6033,0.8,3.092,177854.864,3.211,236757.953,3.2454,273093.4808,3.2871,377729.0657,3.228,322846.679,3.1438,279983.6907,3.2948,249518.6413
20190108,002418.SZ,3.14,3.41,3.13,3.32,3.17,0.1499999999999999,4.7319,370224.89,121870.564,3.6889,2.08,3.14,196292.232,3.213,253441.342,3.2392,263644.0885,3.29,358596.8519,3.235,325682.7077,3.1468,282559.038,3.2902,249958.4371
20190109,002418.SZ,3.54,3.65,3.43,3.54,3.32,0.2200000000000002,6.6265,1303889.57,468837.797,12.992,6.64,3.232,431895.95,3.24,359678.899,3.2585,336474.6146,3.3086,404710.3952,3.25,363964.6803,3.1557,301017.7308,3.2868,257802.677
20190110,002418.SZ,3.58,3.71,3.34,3.4,3.54,-0.14000000000000012,-3.9548,961765.75,335820.683,9.5831,2.23,3.308,595994.3,3.236,414652.874,3.2592,384881.5185,3.3224,440402.1148,3.2613,391719.5673,3.1623,315410.86,3.2821,263598.8639
20190111,002418.SZ,3.31,3.42,3.22,3.35,3.4,-0.04999999999999982,-1.4706,608458.96,201765.986,6.0627,1.02,3.356,681050.24,3.227,440940.793,3.2631,416040.5923,3.3295,454458.4233,3.2707,406191.9307,3.1698,322323.0178,3.2767,266809.9064
20190114,002418.SZ,3.55,3.69,3.55,3.69,3.35,0.33999999999999986,10.1493,815051.76,299555.235,8.1212,1.2,3.46,811878.186,3.276,494866.525,3.2954,460158.8815,3.3376,470226.6624,3.2943,425802.7457,3.186,333348.8255,3.2746,271970.5977
20190115,002418.SZ,3.77,4.06,3.71,3.87,3.69,0.18000000000000016,4.878,1841056.71,722425.139,18.3444,2.27,3.57,1106044.55,3.355,651168.391,3.3285,570084.3208,3.3571,519478.6481,3.3243,483240.8197,3.2055,361575.0993,3.2744,285680.7368
20190116,002418.SZ,3.7,3.77,3.62,3.65,3.87,-0.2200000000000002,-5.6848,998075.46,367557.531,9.9449,0.9,3.592,1044881.728,3.412,738388.839,3.3446,620276.2969,3.3633,531617.04,3.3447,510704.6833,3.219,375142.6403,3.2727,293051.5448
20190117,002418.SZ,3.65,3.88,3.57,3.7,3.65,0.050000000000000266,1.3699,891949.02,332484.884,8.8874,0.85,3.652,1030918.382,3.48,813456.341,3.3831,667672.8031,3.3671,540032.7319,3.365,535340.4837,3.2325,386006.9573,3.2716,299518.7473
20190118,002418.SZ,3.66,3.71,3.46,3.52,3.7,-0.18000000000000016,-4.8649,626700.73,224249.551,6.2445,0.61,3.686,1034566.736,3.521,857808.488,3.4169,694493.0092,3.3729,546396.2433,3.369,544982.7743,3.244,394025.4695,3.2684,302930.9793
20190121,002418.SZ,3.55,3.87,3.52,3.87,3.52,0.3500000000000001,9.9432,308502.0,115880.849,3.0739,0.3,3.722,933256.784,3.591,872567.485,3.4777,708541.5492,3.4005,544082.399,3.3893,529532.795,3.261,396150.0643,3.2681,304108.3541
20190122,002418.SZ,4.03,4.08,3.77,3.79,3.87,-0.08000000000000007,-2.0672,908841.01,354802.338,9.0557,0.97,3.706,746813.644,3.638,926429.097,3.5369,767585.1654,3.4195,571528.3519,3.4107,548643.99,3.2768,408892.781,3.2658,308594.2717
20190123,002418.SZ,3.84,4.17,3.82,4.17,3.79,0.3799999999999999,10.0264,518622.5,211211.533,5.1676,0.69,3.81,650923.052,3.701,847902.39,3.6185,793388.4915,3.461,586539.3757,3.446,558856.752,3.2993,416025.7058,3.2676,310954.5758
20190124,002418.SZ,4.5,4.59,4.18,4.24,4.17,0.07000000000000028,1.6787,1669783.73,736503.257,16.6378,2.57,3.918,806489.994,3.785,918704.188,3.7008,909455.5454,3.5071,654552.22,3.4807,604073.6603,3.3222,442154.7057,3.2713,323430.8303
20190125,002418.SZ,4.24,4.24,3.82,3.93,4.24,-0.31000000000000005,-7.3113,1142028.68,454467.949,11.3792,1.42,4.0,909555.584,3.843,972061.16,3.7477,968825.0677,3.5305,689314.2524,3.4943,626010.6583,3.3397,459112.2833,3.2724,332250.3276
20190128,002418.SZ,3.93,3.97,3.62,3.63,3.93,-0.30000000000000027,-7.6336,831498.88,311322.002,8.2851,0.91,3.952,1014154.96,3.837,973705.872,3.7546,932487.3223,3.5395,712453.2576,3.5,626835.1207,3.3518,469970.5103,3.2718,338029.4516
20190129,002418.SZ,3.66,3.89,3.5,3.78,3.63,0.1499999999999999,4.1322,635344.47,232936.404,6.3306,0.63,3.95,959455.652,3.828,853134.648,3.7838,907377.9931,3.5671,729574.6876,3.5087,623240.962,3.3655,477631.668,3.2743,341113.6388
20190130,002418.SZ,3.65,3.74,3.4,3.4,3.78,-0.3799999999999999,-10.0529,566441.0,202123.998,5.644,0.59,3.796,969019.352,3.803,809971.202,3.7877,904145.8423,3.5824,743308.1614,3.5013,618281.679,3.3725,483108.5012,3.2739,344744.2372
20190131,002418.SZ,3.13,3.37,3.13,3.24,3.4,-0.1599999999999997,-4.7059,495943.99,161013.693,4.9416,0.51,3.596,734251.404,3.757,770370.699,3.7531,879599.0908,3.59,760930.6857,3.496,618377.579,3.376,487822.7338,3.2743,346971.1081
20190201,002418.SZ,3.3,3.35,3.26,3.33,3.24,0.08999999999999986,2.7778,254019.93,84196.862,2.5311,0.35,3.476,556649.654,3.738,733102.619,3.7115,757519.3385,3.6048,766299.5395,3.4973,614941.819,3.38,487913.8612,3.2749,347705.3403
20190211,002418.SZ,3.36,3.55,3.36,3.5,3.33,0.16999999999999993,5.1051,326336.07,112394.994,3.2516,0.59,3.45,455617.092,3.701,734886.026,3.7,705847.0777,3.6233,773116.5305,3.501,614737.1547,3.3853,486674.3742,3.2776,349326.749
20190212,002418.SZ,3.49,3.58,3.42,3.54,3.5,0.040000000000000036,1.1429,292215.99,102621.292,2.9117,0.64,3.402,386991.396,3.676,673223.524,3.6877,659713.7677,3.641,779369.1,3.509,617697.9877,3.3917,485261.4495,3.2799,350656.8987
20190213,002418.SZ,3.53,3.6,3.45,3.56,3.54,0.020000000000000018,0.565,356039.39,125682.032,3.5476,0.92,3.434,344911.074,3.615,656965.213,3.6908,638893.6646,3.6524,778693.6,3.5187,621515.5007,3.3955,485852.7332,3.2823,352441.9546
20190214,002418.SZ,3.52,3.72,3.5,3.7,3.56,0.14000000000000012,3.9326,454148.59,164695.701,4.5252,1.32,3.526,336551.994,3.561,535401.699,3.6777,650097.2485,3.66,738229.7438,3.5273,622919.587,3.3987,482800.5958,3.2858,355160.9888
20190215,002418.SZ,3.64,3.71,3.57,3.6,3.7,-0.10000000000000009,-2.7027,351677.0,127814.159,3.5041,1.04,3.58,356083.408,3.528,456366.531,3.6631,607238.4785,3.6695,709177.8986,3.5327,623122.828,3.4017,481732.1887,3.2886,357167.7389
20190218,002418.SZ,3.62,3.96,3.61,3.96,3.6,0.3599999999999999,10.0,864028.01,334910.119,8.6092,2.43,3.672,463621.796,3.561,459619.444,3.6469,633808.1331,3.6986,721347.8533,3.558,642730.6137,3.4105,490519.2235,3.2951,363358.899
20190219,002418.SZ,3.94,4.04,3.82,4.0,3.96,0.040000000000000036,1.0101,704955.7,277012.388,7.0242,1.52,3.764,546169.738,3.583,466580.567,3.6285,559590.5923,3.7133,716105.1838,3.5887,656961.202,3.421,498455.8942,3.3021,368432.3132
20190220,002418.SZ,3.94,4.14,3.9,3.92,4.0,-0.08000000000000007,-2.0,671085.02,268487.021,6.6867,1.23,3.836,609178.864,3.635,477044.969,3.6277,523364.1569,3.7157,660392.2462,3.6167,675135.0033,3.4325,503850.2533,3.3098,372833.5717
20190221,002418.SZ,3.87,3.99,3.77,3.83,3.92,-0.08999999999999986,-2.2959,581612.63,225825.392,5.7952,0.95,3.862,634671.672,3.694,485611.833,3.6431,504142.1377,3.7243,640560.6829,3.6437,689812.9577,3.4433,509721.1633,3.3159,376272.9598
20190222,002418.SZ,3.8,3.94,3.74,3.88,3.83,0.04999999999999982,1.3055,507233.0,194825.985,5.0541,0.8,3.918,665782.872,3.749,510933.14,3.6508,494287.4092,3.7329,622240.8724,3.6693,700614.749,3.452,513152.9465,3.3225,379497.5489
20190225,002418.SZ,3.89,4.13,3.8,4.07,3.88,0.1900000000000004,4.8969,791144.18,314291.837,7.883,1.19,3.94,651206.106,3.806,557413.951,3.7023,511572.2692,3.759,630071.5129,3.6993,721622.4873,3.4637,522234.5832,3.331,385221.4671
20190226,002418.SZ,4.07,4.1,3.88,3.94,4.07,-0.13000000000000034,-3.1941,728009.2,290290.01,7.2539,1.12,3.928,655816.806,3.846,600993.272,3.7562,529423.4392,3.7624,650048.0462,3.72,733548.631,3.4775,529615.6693,3.3384,390319.1436
20190227,002418.SZ,3.94,4.33,3.91,4.25,3.94,0.31000000000000005,7.868,1213623.84,505351.476,12.0926,1.85,3.994,764324.57,3.915,686751.717,3.8269,603239.1246,3.7843,664561.5143,3.7437,730539.7733,3.4968,547252.2268,3.3473,398686.5398
20190228,002418.SZ,4.17,4.18,4.05,4.1,4.25,-0.15000000000000036,-3.5294,613770.21,251610.858,6.1156,0.8,4.048,770756.086,3.955,702713.879,3.8731,625349.4431,3.781,669092.3576,3.767,718939.922,3.5142,555329.7447,3.3548,402809.539
20190301,002418.SZ,4.14,4.28,4.0,4.14,4.1,0.040000000000000036,0.9756,625732.5,258702.527,6.2348,0.81,4.1,794455.986,4.009,730119.429,3.9192,651004.5592,3.7762,619375.6324,3.7933,719515.7067,3.532,562853.8187,3.3626,407241.9765
20190304,002418.SZ,4.15,4.44,4.06,4.24,4.14,0.10000000000000053,2.4155,820812.45,347508.212,8.1786,1.03,4.134,800389.64,4.037,725797.873,3.9715,686756.3331,3.791,604079.6214,3.8117,719707.7297,3.553,572755.2377,3.3713,413461.7553
20190305,002418.SZ,4.13,4.33,4.09,4.33,4.24,0.08999999999999986,2.1226,713342.42,301434.045,7.1078,0.89,4.212,797456.284,4.07,726636.545,4.02,706694.32,3.8243,598453.1233,3.827,682117.2533,3.5757,582679.0365,3.381,418794.7002
20190306,002418.SZ,4.35,4.67,4.32,4.56,4.33,0.22999999999999954,5.3118,1031798.06,460202.285,10.2809,1.29,4.274,761091.128,4.134,762707.849,4.0938,759011.3246,3.8614,617331.8657,3.8573,683241.34,3.601,596973.0117,3.3932,426823.009
20190307,002418.SZ,4.6,4.76,4.46,4.59,4.56,0.03000000000000025,0.6579,924811.79,425951.572,9.2149,1.22,4.372,823299.444,4.21,797027.765,4.1423,763687.0,3.9181,634397.1414,3.887,684336.7657,3.626,609838.6247,3.4053,433924.3653
20190308,002418.SZ,4.43,4.5,4.13,4.13,4.59,-0.45999999999999996,-10.0218,740564.18,318338.15,7.379,0.9,4.37,846265.78,4.235,820360.883,4.1523,766426.1138,3.9605,646045.7219,3.9073,688132.214,3.6382,616557.4942,3.4133,439152.4913
20190311,002418.SZ,4.08,4.35,4.08,4.33,4.13,0.20000000000000018,4.8426,494793.06,209456.415,4.9301,0.58,4.388,781061.902,4.261,790725.771,4.1838,752865.1938,4.0081,657511.109,3.9227,694341.916,3.656,611937.3555,3.4225,441925.7168
20190312,002418.SZ,4.39,4.53,4.23,4.36,4.33,0.03000000000000025,0.6928,511773.18,224728.337,5.0993,0.66,4.394,740748.054,4.303,769102.169,4.2246,747492.9285,4.049,666341.4476,3.9417,681106.3217,3.6762,614875.1558,3.4333,445007.8933
20190313,002418.SZ,4.39,4.62,4.33,4.54,4.36,0.17999999999999972,4.1284,756579.89,339971.844,7.5386,1.02,4.39,685704.42,4.332,723397.774,4.2754,766673.4585,4.0967,688454.0143,3.954,689038.2347,3.7,623947.4933,3.4429,450146.4399
20190314,002418.SZ,4.7,4.99,4.51,4.57,4.54,0.03000000000000025,0.6608,1248168.73,590536.975,12.4368,1.82,4.386,750375.808,4.379,786837.626,4.3138,801829.1931,4.1448,730936.3638,3.965,674984.4013,3.7228,639529.0308,3.45,455337.9061
20190315,002418.SZ,4.49,4.85,4.21,4.73,4.57,0.16000000000000014,3.5011,951782.74,433306.083,9.4836,1.27,4.506,792619.52,4.438,819442.65,4.3746,819042.5423,4.1938,754633.2281,3.9917,668642.87,3.743,647326.7642,3.46,458068.4072
20190318,002418.SZ,5.2,5.2,4.66,4.71,4.73,-0.020000000000000462,-0.4228,1071712.9,529577.775,10.6786,1.35,4.582,908003.488,4.485,844532.695,4.41,808126.3162,4.2467,788920.6519,4.0277,676650.004,3.7638,651742.5623,3.4705,463866.6672
20190319,002418.SZ,4.6,5.1,4.51,5.0,4.71,0.29000000000000004,6.1571,994365.49,473172.629,9.9079,1.1,4.71,1004521.95,4.552,872635.002,4.4792,837402.8762,4.2962,795127.1986,4.0683,688617.3713,3.7885,655929.1667,3.484,469590.4767
20190320,002418.SZ,4.9,4.98,4.78,4.84,5.0,-0.16000000000000014,-3.2,619560.32,301279.532,6.1733,0.62,4.77,977118.036,4.58,831411.228,4.5331,836928.0931,4.3362,791060.7519,4.1163,690388.0153,3.8088,654334.8472,3.4971,472758.1874
20190321,002418.SZ,4.83,4.94,4.75,4.79,4.84,-0.04999999999999982,-1.0331,502246.17,242955.944,5.0044,0.51,4.814,827933.524,4.6,789154.666,4.5754,812422.9946,4.3776,783020.8067,4.168,690598.088,3.832,654487.8335,3.5109,475379.4222
20190322,002418.SZ,4.74,5.04,4.55,4.93,4.79,0.13999999999999968,2.9228,659042.15,316215.946,6.5667,0.8,4.854,769385.406,4.68,781002.463,4.6215,808246.0508,4.43,786707.9267,4.2213,704098.8287,3.8593,659520.3238,3.5251,479124.5327
20190325,002418.SZ,4.76,5.16,4.72,5.04,4.93,0.11000000000000032,2.2312,718210.8,358451.954,7.1563,0.93,4.92,698684.986,4.751,803344.237,4.6585,784123.9538,4.4852,796754.4886,4.2727,717161.3197,3.8868,665949.2372,3.5397,482944.662
20190326,002418.SZ,4.99,5.2,4.84,4.9,5.04,-0.13999999999999968,-2.7778,671558.3,337270.024,6.6914,0.96,4.9,634123.548,4.805,819322.749,4.6823,764642.9162,4.5248,791059.9229,4.318,729806.0633,3.9135,673752.0255,3.5518,485334.1533
20190327,002418.SZ,5.18,5.18,4.9,4.98,4.9,0.08000000000000007,1.6327,554248.19,278075.585,5.5226,0.87,4.928,621061.122,4.849,799089.579,4.7477,750310.9169,4.5743,782785.589,4.3653,736413.0233,3.942,678964.262,3.5655,487902.9775
20190328,002418.SZ,4.9,4.92,4.48,4.63,4.98,-0.35000000000000053,-7.0281,627481.88,297152.425,6.2523,1.01,4.896,646108.264,4.855,737020.894,4.7708,760517.7492,4.5924,754874.0671,4.3963,742190.7997,3.9618,682555.1933,3.5762,492223.7765
20190329,002418.SZ,4.65,5.09,4.54,5.09,4.63,0.45999999999999996,9.9352,731526.79,357517.793,7.289,1.13,4.928,660605.192,4.891,714995.299,4.8269,777421.8731,4.6395,760481.5233,4.446,754852.4593,3.9893,688987.6437,3.5878,496208.2743
20190401,002418.SZ,5.03,5.39,4.99,5.16,5.09,0.07000000000000028,1.3752,1025652.01,531265.385,10.2196,1.55,4.952,722093.434,4.936,710389.21,4.8746,798119.7285,4.6881,779525.3095,4.486,760239.926,4.022,701485.2698,3.5998,496707.8516
20190402,002418.SZ,5.11,5.3,5.01,5.06,5.16,-0.10000000000000053,-1.938,810873.41,418612.896,8.0796,1.12,4.984,749956.456,4.942,692040.002,4.9123,764481.6269,4.7271,779052.0219,4.5213,763770.5163,4.055,710365.8592,3.6122,499662.3588
20190403,002418.SZ,5.06,5.15,5.0,5.08,5.06,0.020000000000000462,0.3953,460536.0,233613.591,4.5888,0.61,5.004,731214.018,4.966,676137.57,4.9392,726693.4162,4.7629,767013.621,4.56,756752.2157,4.0883,715943.6095,3.6255,500700.8173
20190404,002418.SZ,5.05,5.28,4.91,5.1,5.08,0.019999999999999574,0.3937,757710.28,385841.442,7.5499,1.04,5.098,757259.698,4.997,701683.981,4.9692,702539.3685,4.7886,753961.8219,4.6023,762622.1373,4.123,726217.5475,3.6388,505199.7671
20190408,002418.SZ,5.08,5.24,4.93,5.21,5.1,0.11000000000000032,2.1569,651977.3,332311.185,6.4963,0.86,5.122,741349.8,5.025,700977.496,4.9854,676201.8154,4.8181,740969.7033,4.6467,767446.9473,4.158,734030.8482,3.652,508253.5282
20190409,002418.SZ,5.19,5.73,5.0,5.52,5.21,0.3099999999999996,5.9501,1160408.56,621712.231,11.5624,1.57,5.194,768301.11,5.073,745197.272,5.0377,717805.5262,4.8843,760962.2929,4.695,779755.76,4.1972,750689.1237,3.6705,515336.4072
20190410,002418.SZ,5.3,5.72,5.27,5.48,5.52,-0.03999999999999915,-0.7246,1008128.12,552495.689,10.045,1.31,5.278,807752.052,5.131,778854.254,5.0908,756719.5223,4.939,785406.8195,4.7463,789093.0573,4.2332,761320.8442,3.69,521939.9411
20190411,002418.SZ,5.4,5.67,5.32,5.34,5.48,-0.14000000000000057,-2.5547,654073.76,358443.175,6.5172,0.81,5.33,846459.604,5.167,788836.811,5.1223,756337.3385,4.9857,792183.0376,4.7827,770441.388,4.2632,750490.5807,3.7094,525754.1558
20190412,002418.SZ,5.2,5.36,5.11,5.19,5.34,-0.14999999999999947,-2.809,539544.86,281322.978,5.3761,0.64,5.348,802826.52,5.223,780043.109,5.1338,742593.8046,5.0167,781848.0362,4.819,767967.2097,4.293,743453.5658,3.7277,529432.2129
20190415,002418.SZ,5.25,5.46,5.14,5.3,5.19,0.10999999999999943,2.1195,571014.35,302720.765,5.6896,0.71,5.366,786633.93,5.244,763991.865,5.1646,734859.6546,5.0514,749602.5895,4.8577,766143.2713,4.3255,742829.489,3.7477,532576.2534
20190416,002418.SZ,5.2,5.55,5.2,5.47,5.3,0.16999999999999993,3.2075,620524.36,337090.818,6.1829,0.79,5.356,678657.09,5.275,723479.1,5.2023,739957.8215,5.0867,733828.381,4.8987,759467.0017,4.3552,739587.3657,3.7706,536468.0956
20190417,002418.SZ,5.53,6.0,5.53,5.69,5.47,0.22000000000000064,4.0219,958208.32,547905.553,9.5476,1.41,5.398,668673.13,5.338,738212.591,5.2838,765398.3169,5.1333,728423.401,4.944,767629.1983,4.3855,724873.2258,3.7955,543224.1626
20190418,002418.SZ,5.79,6.2,5.52,6.05,5.69,0.35999999999999943,6.3269,1135745.12,663980.59,11.3166,1.7,5.54,765007.402,5.435,805733.503,5.3577,796492.0346,5.1833,735155.7643,4.9937,771094.1003,4.4255,727167.7202,3.8223,551155.1803
20190419,002418.SZ,5.87,6.66,5.8,6.66,6.05,0.6100000000000003,10.0826,1532473.96,970920.888,15.2696,2.0,5.834,963593.222,5.591,883209.871,5.4731,835478.3385,5.27,778627.8424,5.0627,791349.506,4.4748,737843.1358,3.8537,561925.0466
20190422,002418.SZ,6.53,7.29,6.48,6.78,6.66,0.1200000000000001,1.8018,1467724.85,996324.775,14.6245,1.52,6.13,1142935.322,5.748,964784.626,5.6054,886005.3723,5.3648,824603.0176,5.151,815588.195,4.5292,751860.2045,3.8866,572942.837
20190423,002418.SZ,6.74,6.75,6.11,6.22,6.78,-0.5600000000000005,-8.2596,967427.62,624132.525,9.6395,0.85,6.28,1212315.974,5.818,945486.532,5.6931,924997.0354,5.4262,839288.04,5.214,831342.6803,4.5683,762842.2982,3.9147,579496.1813
20190424,002418.SZ,6.33,6.78,6.21,6.59,6.22,0.3700000000000001,5.9486,815706.96,529325.19,8.1277,0.67,6.46,1183815.702,5.929,926244.416,5.8077,929458.3185,5.5,843930.7143,5.2883,841473.8063,4.615,761290.064,3.9459,585091.4225
20190425,002418.SZ,6.33,6.81,6.08,6.11,6.59,-0.47999999999999954,-7.2838,858281.39,553992.65,8.552,0.73,6.472,1128322.956,6.006,946665.179,5.8769,945327.8638,5.5576,852822.29,5.3407,844863.8563,4.6473,766951.0455,3.9733,591488.3757
20190426,002418.SZ,6.14,6.72,6.14,6.72,6.11,0.6099999999999994,9.9836,1262142.74,835004.887,12.5872,1.12,6.484,1074256.712,6.159,1018924.967,5.9692,953153.57,5.6405,886531.5543,5.4123,845329.6567,4.6887,760157.029,4.0054,601155.8673
20190429,002418.SZ,6.28,6.51,6.05,6.05,6.72,-0.6699999999999999,-9.9702,1002208.47,617317.181,9.9949,0.93,6.338,981153.436,6.234,1062044.379,6.0131,952698.2123,5.7081,904375.6776,5.4563,847010.5143,4.724,757826.6922,4.0318,608469.4878
20190430,002418.SZ,5.6,5.93,5.45,5.45,6.05,-0.5999999999999996,-9.9174,614238.91,346385.24,6.1257,0.63,6.184,910515.694,6.232,1061415.834,6.0215,949633.9931,5.7252,898790.5405,5.481,831761.3813,4.7543,754205.6927,4.0531,612088.1015
20190506,002418.SZ,4.95,5.47,4.91,4.91,5.45,-0.54,-9.9083,612544.1,311816.782,6.1088,0.67,5.848,869883.122,6.154,1026849.412,6.0,955249.3192,5.7133,879118.7352,5.478,819034.0017,4.7732,753825.6865,4.0693,615728.6773
20190507,002418.SZ,5.12,5.25,4.85,5.02,4.91,0.10999999999999943,2.2403,448997.27,228425.23,4.4778,0.52,5.63,788026.298,6.051,958174.627,5.9785,945863.39,5.7114,861886.5381,5.484,813348.5667,4.8002,751868.291,4.0863,617488.3961
20190508,002418.SZ,4.87,5.22,4.78,4.95,5.02,-0.0699999999999994,-1.3944,501838.0,253213.559,5.0048,0.64,5.276,635965.35,5.88,855111.031,5.9385,936733.67,5.7052,863853.3,5.4893,813334.961,4.8287,751966.5245,4.1023,619894.6292
20190509,002418.SZ,5.0,5.12,4.77,4.8,4.95,-0.15000000000000036,-3.0303,342910.0,170213.717,3.4198,0.54,5.026,504105.656,5.682,742629.546,5.87,889403.03,5.691,844100.9057,5.485,802797.2227,4.8532,753448.0257,4.1166,620680.9434
20190510,002418.SZ,4.9,5.09,4.72,5.07,4.8,0.27000000000000046,5.625,448558.03,222960.626,4.4734,0.89,4.95,470969.48,5.567,690742.587,5.7946,836542.4846,5.6843,834414.2738,5.486,793808.797,4.8793,755485.0583,4.1323,621079.7163
20190513,002418.SZ,5.01,5.14,4.91,5.1,5.07,0.02999999999999936,0.5917,401109.32,202319.443,4.0002,0.85,4.988,428682.524,5.418,649282.823,5.6746,749514.4354,5.6643,798257.1671,5.4927,784793.831,4.9053,757299.9472,4.1485,621280.6983
20190514,002418.SZ,4.9,4.98,4.59,4.59,5.1,-0.5099999999999998,-10.0,580968.3,276040.426,5.7939,1.36,4.902,455076.73,5.266,621551.514,5.5062,681302.3931,5.6219,777916.2233,5.4797,785684.5013,4.9225,761048.7623,4.159,623450.7478
20190515,002418.SZ,4.59,4.75,4.59,4.71,4.59,0.1200000000000001,2.6144,427703.09,200594.221,4.2654,0.94,4.854,440249.748,5.065,538107.549,5.39,639785.1215,5.5919,767136.6676,5.4823,779025.2083,4.9393,760608.004,4.169,621704.2999
20190516,002418.SZ,4.88,5.01,4.74,4.75,4.71,0.040000000000000036,0.8493,516305.1,251789.659,5.1491,1.17,4.844,474928.768,4.935,489517.212,5.2485,616754.2092,5.571,766030.0124,5.471,771851.152,4.9585,763351.8057,4.1801,622541.9972
20190517,002418.SZ,4.88,4.95,4.31,4.48,4.75,-0.2699999999999996,-5.6842,686877.47,314361.929,6.8502,1.45,4.726,522592.656,4.838,496781.068,5.1231,603569.2923,5.5319,771547.3038,5.4483,760558.6673,4.9672,760399.2967,4.1888,625459.2601
20190520,002418.SZ,4.41,4.46,4.03,4.06,4.48,-0.4200000000000008,-9.375,495302.69,204156.394,4.9396,0.95,4.518,541431.33,4.753,485056.927,4.9185,544581.5962,5.4648,765584.3671,5.415,750039.6433,4.9682,756905.0798,4.1946,627680.487
20190521,002418.SZ,4.14,4.43,4.1,4.32,4.06,0.2600000000000007,6.4039,450612.03,190991.118,4.4939,0.83,4.464,515360.076,4.683,485218.403,4.7854,502151.1008,5.3995,741413.1152,5.3897,749708.8443,4.9748,753230.53,4.2037,628540.3917
20190522,002418.SZ,4.34,4.42,4.1,4.22,4.32,-0.10000000000000053,-2.3148,416201.09,176605.601,4.1507,0.81,4.366,513059.676,4.61,476654.712,4.6908,486917.4223,5.3124,707149.1138,5.3603,738325.2047,4.9813,750473.671,4.2123,630097.4172
20190523,002418.SZ,4.37,4.43,4.04,4.08,4.22,-0.13999999999999968,-3.3175,339922.91,142717.842,3.39,0.66,4.232,477783.238,4.538,476356.003,4.6269,465946.5615,5.1895,650360.9686,5.3227,727923.3917,4.9847,747685.1695,4.2183,630419.058
20190524,002418.SZ,4.08,4.22,3.96,4.07,4.08,-0.009999999999999787,-0.2451,320437.09,131090.142,3.1957,0.67,4.15,404495.162,4.438,463543.909,4.5538,456057.3169,5.0605,595728.2181,5.2743,699924.3427,4.9847,739840.0513,4.2242,631037.3173
20190527,002418.SZ,4.11,4.21,3.98,4.2,4.07,0.1299999999999999,3.1941,253609.18,104539.351,2.5292,0.63,4.178,356156.46,4.348,448793.895,4.4962,436962.7923,4.9643,561736.8638,5.2317,674773.7113,4.989,731933.3843,4.2333,630774.5268
20190528,002418.SZ,4.19,4.25,4.13,4.17,4.2,-0.03000000000000025,-0.7143,275149.28,115267.477,2.744,0.77,4.148,321063.91,4.306,418211.993,4.4477,431750.4292,4.849,535996.0219,5.1927,662142.8953,4.9877,716292.1417,4.2423,631772.1843
20190529,002418.SZ,4.16,4.2,4.1,4.1,4.17,-0.07000000000000028,-1.6787,182831.56,75713.64,1.8234,0.57,4.124,274390.004,4.245,393724.84,4.3731,411309.9315,4.7533,503831.7443,5.1563,650252.452,4.9877,709109.8308,4.2509,632219.7878
20190530,002418.SZ,4.13,4.14,4.0,4.05,4.1,-0.04999999999999982,-1.2195,192910.91,78593.651,1.9239,0.7,4.118,244987.604,4.175,361385.421,4.2923,395294.6692,4.6262,452915.9429,5.1147,637649.004,4.9862,701896.1377,4.2591,632374.9782
20190531,002418.SZ,4.09,4.12,4.0,4.03,4.05,-0.019999999999999574,-0.4938,158840.0,64333.243,1.5841,0.65,4.11,212668.186,4.13,308581.674,4.2492,362823.2615,4.53,412755.5395,5.0667,622259.5253,4.9827,690863.2635,4.2678,631809.2506
20190603,002418.SZ,3.99,4.02,3.63,3.77,4.03,-0.26000000000000023,-6.4516,341698.98,129727.677,3.4077,1.61,4.024,230286.146,4.101,293221.303,4.1769,356207.5608,4.45,399777.4476,5.0027,601709.214,4.9733,684669.2062,4.2745,633674.1213
20190604,002418.SZ,3.82,3.92,3.78,3.84,3.77,0.06999999999999984,1.8568,226180.71,86816.737,2.2557,0.98,3.958,220492.432,4.053,270778.171,4.1069,333890.3,4.399,381379.191,4.929,571390.4003,4.9613,671242.2503,4.2812,634107.631
20190605,002418.SZ,3.86,3.88,3.69,3.72,3.84,-0.11999999999999966,-3.125,197639.42,74924.062,1.971,0.9,3.882,223454.004,4.003,248922.004,4.0485,296256.6038,4.3371,369409.7695,4.831,526895.9157,4.9468,659122.7108,4.2864,634480.6678
20190606,002418.SZ,3.66,3.82,3.66,3.81,3.72,0.08999999999999986,2.4194,231461.42,86626.495,2.3083,1.04,3.834,231164.106,3.976,238075.855,4.0292,275961.1215,4.2829,356534.6943,4.732,485687.1347,4.9415,650637.6648,4.2898,633597.5795
20190610,002418.SZ,3.85,3.86,3.62,3.72,3.81,-0.08999999999999986,-2.3622,179633.78,66474.161,1.7915,0.78,3.772,235322.862,3.941,223995.524,3.9831,255116.6408,4.2314,348759.6362,4.6487,459427.34,4.9313,645385.0102,4.2937,628661.1828
20190611,002418.SZ,3.69,3.87,3.63,3.84,3.72,0.11999999999999966,3.2258,216095.78,81127.871,2.1551,0.92,3.786,210202.222,3.905,220244.184,3.9538,239723.9246,4.1729,337690.0052,4.557,439440.3007,4.9227,640457.0535,4.2994,627666.1047
20190612,002418.SZ,3.84,3.9,3.78,3.82,3.84,-0.020000000000000018,-0.5208,211160.4,80957.219,2.1059,1.0,3.782,207198.16,3.87,213845.296,3.9338,229819.1162,4.1119,328644.8186,4.4807,417869.601,4.9107,631366.7287,4.3053,627657.111
20190613,002418.SZ,3.78,4.16,3.78,4.12,3.82,0.30000000000000027,7.8534,338501.59,135664.596,3.3758,1.63,3.862,235370.594,3.872,229412.299,3.9377,231208.6931,4.0895,317098.7848,4.394,387081.5627,4.9032,616205.6097,4.313,627867.3203
20190614,002418.SZ,4.12,4.12,3.92,3.93,4.12,-0.18999999999999995,-4.6117,192750.76,77008.967,1.9223,0.82,3.886,227628.462,3.86,229396.284,3.9169,226527.2762,4.0524,305910.5786,4.3233,360099.639,4.8898,603555.0767,4.3164,625440.9204
20190617,002418.SZ,3.88,3.93,3.72,3.77,3.93,-0.16000000000000014,-4.0712,122743.82,46643.411,1.2241,0.54,3.896,216250.47,3.834,225786.666,3.8862,214803.7792,4.0057,287169.5652,4.2673,343716.4693,4.8742,587738.9253,4.319,619740.7438
20190618,002418.SZ,3.78,3.8,3.72,3.73,3.77,-0.040000000000000036,-1.061,76781.76,28875.765,0.7657,0.36,3.874,188387.666,3.83,199294.944,3.8577,206646.1023,3.97,258117.3886,4.228,325857.7247,4.853,572445.8632,4.3208,614187.5149
20190619,002418.SZ,3.8,3.88,3.78,3.82,3.73,0.08999999999999986,2.4129,127203.76,48712.274,1.2686,0.68,3.874,171596.338,3.828,189397.249,3.84,201591.7062,3.9586,240588.8681,4.188,315131.2743,4.836,564239.9205,4.3224,609287.3838
20190620,002418.SZ,3.83,3.9,3.75,3.86,3.82,0.040000000000000036,1.0471,106576.76,40906.318,1.0629,0.62,3.822,125211.372,3.842,180290.983,3.8269,197571.4569,3.9367,224206.2362,4.1517,301955.8997,4.8205,557645.4303,4.3263,606066.6319
20190621,002418.SZ,3.88,4.09,3.88,4.06,3.86,0.19999999999999973,5.1813,213862.5,85375.218,2.1328,1.71,3.848,129433.72,3.867,178531.091,3.8492,187737.8815,3.929,214571.0652,4.127,297654.3163,4.806,550225.7695,4.3327,604873.0467
20190624,002418.SZ,4.05,4.05,3.97,3.98,4.06,-0.07999999999999963,-1.9704,126654.5,50648.534,1.2631,0.98,3.89,130215.856,3.893,173233.163,3.86,180082.0192,3.9243,204415.4267,4.0907,286924.1987,4.7883,540366.4978,4.3376,603157.8675
20190625,002418.SZ,4.03,4.11,3.97,3.99,3.98,0.010000000000000231,0.2513,161299.26,64929.344,1.6086,1.24,3.942,147119.356,3.908,167753.511,3.8808,177286.6223,3.9205,196837.4348,4.0537,278930.53,4.7732,531862.1805,4.3433,602807.103
20190626,002418.SZ,3.98,4.0,3.92,3.92,3.99,-0.07000000000000028,-1.7544,83941.0,33116.553,0.8371,0.57,3.962,138466.804,3.918,155031.571,3.8892,165938.8977,3.9071,188757.9976,4.0313,262362.9533,4.7555,524023.7273,4.3488,601493.9947
20190627,002418.SZ,3.93,3.99,3.9,3.91,3.92,-0.009999999999999787,-0.2551,87041.0,34260.258,0.868,0.63,3.972,134559.652,3.897,129885.512,3.9038,158816.3762,3.8948,179800.4605,4.0047,251007.5503,4.7435,515016.3793,4.3527,598785.7863
20190628,002418.SZ,3.93,3.93,3.77,3.79,3.91,-0.1200000000000001,-3.0691,119164.0,45480.388,1.1884,0.89,3.918,115619.952,3.883,122526.836,3.9,151360.0854,3.88,176768.6719,3.9727,237769.5137,4.7218,504810.3328,4.3556,596898.9883
20190701,002418.SZ,3.84,3.9,3.8,3.89,3.79,0.10000000000000009,2.6385,169681.8,65429.17,1.6922,1.47,3.9,124225.412,3.895,127220.634,3.9054,148169.4238,3.8724,175662.5238,3.953,220529.658,4.7007,490544.1627,4.3613,596014.7163
20190702,002418.SZ,3.9,3.93,3.83,3.84,3.89,-0.050000000000000266,-1.2853,102339.91,39615.203,1.0206,0.82,3.87,112433.542,3.906,129776.449,3.8838,130003.1408,3.8633,172972.0433,3.9457,207430.8987,4.6803,478735.271,4.3677,594550.5651
20190703,002418.SZ,3.88,3.88,3.72,3.75,3.84,-0.08999999999999986,-2.3437,120771.0,45800.806,1.2044,1.07,3.836,119799.542,3.899,129133.173,3.87,124466.2362,3.8624,162451.6633,3.9267,196436.1977,4.6582,473072.521,4.3733,594508.0653
20190704,002418.SZ,3.76,3.81,3.68,3.69,3.75,-0.06000000000000005,-1.6,136558.0,51062.018,1.3619,1.14,3.792,129702.942,3.882,132131.297,3.8638,125528.8654,3.8552,158183.9152,3.909,187114.7613,4.6347,462719.983,4.3788,594468.7653
20190705,002418.SZ,3.68,3.74,3.6,3.65,3.69,-0.040000000000000036,-1.084,111856.0,40950.162,1.1155,0.86,3.764,128241.342,3.841,121930.647,3.8577,128226.8838,3.8519,154098.9905,3.8947,179512.531,4.6087,453717.9613,4.3833,593874.4048
20190708,002418.SZ,3.64,3.66,3.4,3.57,3.65,-0.08000000000000007,-2.1918,165732.95,57913.863,1.6528,1.29,3.7,127451.572,3.8,125838.492,3.8385,131190.6677,3.8405,150969.0633,3.878,174355.7263,4.5762,437140.0345,4.3867,593914.5791
20190709,002418.SZ,3.52,3.54,3.27,3.43,3.57,-0.13999999999999968,-3.9216,189604.0,64523.531,1.8909,1.49,3.618,144904.39,3.744,128668.966,3.8054,137577.3785,3.8267,151443.8357,3.8523,172222.2203,4.542,423497.9658,4.3876,592409.405
20190710,002418.SZ,3.39,3.52,3.38,3.44,3.43,0.009999999999999787,0.2915,182352.8,62536.233,1.8186,1.26,3.556,157220.75,3.696,138510.146,3.7577,135153.5554,3.8076,149837.0271,3.828,169129.0043,4.5103,415635.9498,4.3868,583063.2653
20190711,002418.SZ,3.45,3.55,3.4,3.54,3.44,0.10000000000000009,2.907,283691.8,98098.696,2.8292,1.8,3.526,186647.51,3.659,158175.226,3.7238,147233.3477,3.7943,153290.9033,3.8093,172491.0123,4.4828,411371.7322,4.3879,577412.649
20190712,002418.SZ,3.49,3.64,3.45,3.52,3.54,-0.020000000000000018,-0.565,120983.0,42741.629,1.2065,0.65,3.5,188472.91,3.632,158357.126,3.6877,144132.0969,3.7657,142932.8752,3.7917,170093.4153,4.4532,403871.2097,4.3893,573350.3493
20190715,002418.SZ,3.42,3.63,3.39,3.56,3.52,0.040000000000000036,1.1364,191140.68,67462.777,1.9062,1.01,3.498,193554.456,3.599,160503.014,3.66,152378.2262,3.7481,142856.2048,3.776,171170.1047,4.4213,396714.815,4.3883,568151.0903
20190716,002418.SZ,3.58,3.59,3.5,3.53,3.56,-0.03000000000000025,-0.8427,77030.95,27330.557,0.7682,0.4,3.518,171039.846,3.568,157972.118,3.6308,151608.2223,3.7367,140679.4014,3.768,162347.837,4.3853,382028.5255,4.3854,553450.8757
20190717,002418.SZ,3.55,3.56,3.5,3.52,3.53,-0.009999999999999787,-0.2833,60922.12,21476.903,0.6076,0.36,3.534,146753.71,3.545,151987.23,3.61,147128.0777,3.7267,139924.1805,3.7573,156839.2173,4.3432,364114.8088,4.3843,545641.2645
20190718,002418.SZ,3.54,3.54,3.43,3.44,3.52,-0.08000000000000007,-2.2727,67209.33,23284.093,0.6703,0.46,3.514,103457.216,3.52,145052.363,3.5754,139245.58,3.7086,137067.3029,3.748,152491.5477,4.2895,339693.7317,4.3822,538768.4338
20190719,002418.SZ,3.47,3.58,3.46,3.54,3.44,0.10000000000000009,2.907,104024.73,36799.415,1.0374,1.01,3.518,100065.562,3.509,144269.236,3.5523,139375.1815,3.6933,136945.7776,3.739,148243.658,4.2355,316965.3963,4.3823,534412.8004
20190722,002418.SZ,3.58,3.88,3.47,3.82,3.54,0.2799999999999998,7.9096,424535.47,157060.803,4.2338,4.24,3.57,146744.52,3.534,170149.488,3.5577,162741.6792,3.6819,146977.8238,3.7423,156407.0477,4.1955,307917.1938,4.3819,535379.746
20190723,002418.SZ,3.72,3.73,3.65,3.7,3.82,-0.11999999999999966,-3.1414,229560.19,84620.239,2.2894,1.56,3.604,177250.368,3.561,174145.107,3.5585,169895.6938,3.6686,151878.0948,3.7377,156855.8613,4.1473,298148.081,4.3812,529719.0725
20190724,002418.SZ,3.73,3.74,3.64,3.68,3.7,-0.020000000000000018,-0.5405,168534.07,62213.278,1.6808,0.95,3.636,198772.758,3.585,172763.234,3.5608,174255.5454,3.6538,152222.6095,3.733,155434.9837,4.1068,286652.2923,4.3771,526801.6689
20190725,002418.SZ,3.66,3.67,3.57,3.59,3.68,-0.0900000000000003,-2.4457,101662.0,36740.821,1.0139,0.51,3.666,205663.292,3.59,154560.254,3.5623,169327.0108,3.6381,153066.4667,3.7153,147540.3307,4.0547,267310.9467,4.3717,513733.9878
20190726,002418.SZ,3.58,3.58,3.5,3.55,3.59,-0.040000000000000036,-1.1142,82269.0,29049.627,0.8205,0.4,3.668,201312.146,3.593,150688.854,3.5715,161070.4723,3.621,152839.2286,3.7027,143857.6053,4.013,251978.6222,4.3685,504902.6572
20190729,002418.SZ,3.52,3.57,3.48,3.49,3.55,-0.05999999999999961,-1.6901,62262.4,21852.322,0.6209,0.31,3.602,128857.532,3.586,137801.026,3.5754,151832.7492,3.6067,150129.6286,3.6933,141841.558,3.9803,242779.0137,4.3673,498492.3532
20190730,002418.SZ,3.49,3.53,3.47,3.51,3.49,0.019999999999999574,0.5731,116583.61,40993.075,1.1627,0.9,3.564,106262.216,3.584,141756.292,3.5731,138978.2731,3.5886,147601.1433,3.686,143168.2863,3.957,234513.0055,4.3651,494169.346
20190731,002418.SZ,3.51,3.51,3.44,3.46,3.51,-0.04999999999999982,-1.4245,66342.43,23053.956,0.6616,0.62,3.52,85823.888,3.578,142298.323,3.5685,134775.1523,3.5705,145886.9776,3.674,141139.5753,3.931,228135.4248,4.3656,490001.8579
20190801,002418.SZ,3.44,3.46,3.3,3.32,3.46,-0.14000000000000012,-4.0462,123750.75,41484.734,1.2342,1.44,3.466,90241.638,3.566,147952.465,3.55,129591.3115,3.55,146028.8705,3.656,141712.0417,3.9038,221833.9707,4.3663,486900.2476
20190802,002418.SZ,3.23,3.55,3.15,3.37,3.32,0.050000000000000266,1.506,215013.04,71621.035,2.1443,2.38,3.43,116790.446,3.549,159051.296,3.5377,140205.3185,3.5348,149764.8248,3.633,141750.393,3.88,219702.3547,4.3666,486575.1902
20190805,002418.SZ,3.37,3.4,3.28,3.37,3.37,0.0,0.0,174297.15,58353.689,1.7382,1.49,3.406,139197.396,3.504,134027.464,3.5262,148926.4746,3.5214,152738.2129,3.6127,143338.4813,3.8517,215131.34,4.3655,485308.1992
20190806,002418.SZ,3.28,3.38,3.08,3.33,3.37,-0.040000000000000036,-1.1869,131296.78,42723.806,1.3094,0.94,3.37,142140.03,3.467,124201.123,3.5177,153856.2785,3.51,151098.3952,3.5907,142338.3987,3.8222,210634.4643,4.3638,483967.2058
20190807,002418.SZ,3.36,3.36,3.27,3.27,3.33,-0.06000000000000005,-1.8018,46200.0,15264.997,0.4607,0.33,3.332,138111.544,3.426,111967.716,3.4969,149408.2223,3.5024,144269.6333,3.569,141080.3653,3.8002,201721.6593,4.3613,481385.2108
20190808,002418.SZ,3.27,3.33,3.21,3.32,3.27,0.04999999999999982,1.5291,84433.17,27600.248,0.842,0.61,3.332,130248.028,3.399,110244.833,3.4585,123246.5069,3.4967,139606.7938,3.5493,140993.4377,3.777,196000.494,4.3582,478304.249
20190809,002418.SZ,3.32,3.33,3.24,3.3,3.32,-0.020000000000000018,-0.6024,84871.0,27843.78,0.8464,0.65,3.318,104219.62,3.374,110505.033,3.4277,112116.5692,3.4852,130139.1367,3.533,139850.3377,3.7528,188809.9257,4.3557,476080.8657
20190812,002418.SZ,3.28,3.3,3.25,3.26,3.3,-0.040000000000000036,-1.2121,40093.33,13109.021,0.3998,0.38,3.296,77378.856,3.351,108288.126,3.3954,102236.5123,3.4729,126287.2476,3.512,135530.722,3.7325,178030.19,4.3498,469214.7433
20190813,002418.SZ,3.27,3.29,3.14,3.28,3.26,0.020000000000000018,0.6135,111813.75,36267.898,1.1151,1.45,3.286,73482.25,3.328,107811.14,3.3715,103017.4162,3.4595,122509.7748,3.4933,135846.5167,3.7195,171638.7077,4.3438,464271.8938
20190814,002418.SZ,3.26,3.3,3.22,3.22,3.28,-0.05999999999999961,-1.8293,55493.92,18094.256,0.5534,0.76,3.276,75341.034,3.304,106726.289,3.3462,100957.7946,3.4448,121484.2019,3.4757,133670.614,3.7012,165053.4058,4.338,459141.9679
20190815,002418.SZ,3.13,3.33,3.12,3.27,3.22,0.04999999999999982,1.5528,130373.61,42259.661,1.3002,1.73,3.266,84529.122,3.299,107388.575,3.3292,106197.1185,3.4329,124791.4157,3.4617,133464.4677,3.6853,160289.6145,4.3333,455381.6428
20190816,002418.SZ,3.28,3.31,3.22,3.26,3.27,-0.010000000000000231,-0.3058,79583.75,25927.979,0.7937,0.94,3.258,83471.672,3.288,93845.646,3.31,103350.9754,3.4243,125380.6738,3.4487,132388.726,3.6717,155950.6285,4.3282,451817.899
20190819,002418.SZ,3.21,3.29,3.21,3.27,3.26,0.010000000000000231,0.3067,81229.33,26532.18,0.8101,0.97,3.26,91698.872,3.278,84538.864,3.2954,104496.1215,3.4114,124295.1786,3.4387,129571.9387,3.6583,151963.8325,4.3215,445901.9419
20190820,002418.SZ,3.26,3.28,3.24,3.24,3.27,-0.029999999999999805,-0.9174,87063.99,28344.945,0.8683,0.95,3.252,86748.92,3.269,80115.585,3.2892,101674.0631,3.3838,108225.1081,3.4323,126153.9383,3.6423,149188.0793,4.3157,440560.7318
20190821,002418.SZ,3.25,3.25,3.18,3.19,3.24,-0.050000000000000266,-1.5432,56798.0,18292.022,0.5664,0.65,3.246,87009.736,3.261,81175.385,3.2754,89503.6754,3.3595,99998.3371,3.424,121968.7783,3.626,145548.8913,4.3068,430920.5165
20190822,002418.SZ,3.2,3.22,3.15,3.15,3.19,-0.040000000000000036,-1.2539,60822.33,19259.839,0.6066,0.7,3.222,73099.48,3.244,78814.301,3.2585,80774.8431,3.3343,94869.2067,3.411,114539.796,3.6102,143515.4042,4.2989,426312.6175
20190823,002418.SZ,3.14,3.26,3.14,3.18,3.15,0.03000000000000025,0.9524,77527.0,24834.497,0.7732,1.06,3.206,72688.13,3.232,78079.901,3.2469,76638.7062,3.3148,93719.921,3.3997,113091.2627,3.5957,141592.339,4.2909,421744.2383
20190826,002418.SZ,3.14,3.14,3.06,3.13,3.18,-0.050000000000000266,-1.5723,63274.0,19681.823,0.6308,0.87,3.178,69097.064,3.219,80397.968,3.2362,77952.0908,3.2948,92815.3971,3.3853,108829.04,3.5807,139999.5723,4.2817,415431.4179
20190827,002418.SZ,3.14,3.21,3.12,3.2,3.13,0.07000000000000028,2.2364,94015.0,29893.988,0.9372,1.36,3.17,70487.266,3.211,78618.093,3.2269,78689.1546,3.281,94327.4257,3.3743,109395.175,3.5712,135871.506,4.2723,410270.3561
20190828,002418.SZ,3.3,3.33,3.2,3.23,3.2,0.029999999999999805,0.9375,117647.0,38305.033,1.1728,1.67,3.178,82657.066,3.212,84833.401,3.2215,81210.3854,3.2676,94378.0633,3.3647,111286.0043,3.561,134062.6108,4.2612,402652.4306
20190829,002418.SZ,3.18,3.25,3.16,3.19,3.23,-0.040000000000000036,-1.2384,77204.0,24673.58,0.7696,0.93,3.186,85933.4,3.204,79516.44,3.2162,84065.0523,3.2548,94895.281,3.3563,111619.16,3.5522,132055.3538,4.2495,395589.0323
20190830,002418.SZ,3.21,3.21,3.1,3.11,3.19,-0.08000000000000007,-2.5078,81538.0,25622.017,0.8128,0.95,3.172,86735.6,3.189,79711.865,3.2031,81736.1485,3.2448,92885.15,3.342,110869.6023,3.5405,129556.6302,4.241,390097.1475
20190902,002418.SZ,3.05,3.11,2.9,3.06,3.11,-0.04999999999999982,-1.6077,168746.53,50984.65,1.6822,1.95,3.158,107830.106,3.168,88463.585,3.1908,90447.8877,3.23,90681.9829,3.3167,102343.3043,3.5295,129375.176,4.2304,387380.0931
20190903,002418.SZ,3.07,3.1,3.01,3.04,3.06,-0.020000000000000018,-0.6536,99656.0,30468.659,0.9934,0.92,3.126,108958.306,3.148,89722.786,3.1731,88084.9946,3.2143,87127.6424,3.2947,98013.1647,3.5162,127434.513,4.2194,383945.7833
20190904,002418.SZ,2.99,3.05,2.99,3.04,3.04,0.0,0.0,103957.78,31415.602,1.0363,0.95,3.088,106220.462,3.133,94438.764,3.1562,89959.92,3.2005,85825.7852,3.2733,95860.6217,3.5032,125647.8027,4.2069,378507.2657
20190905,002418.SZ,3.05,3.1,3.03,3.07,3.04,0.029999999999999805,0.9868,124826.0,38381.564,1.2444,1.18,3.064,115744.862,3.125,100839.131,3.1408,93313.51,3.191,89569.8805,3.256,96632.755,3.4857,122086.5428,4.1944,369146.0763
20190906,002418.SZ,3.07,3.11,3.03,3.05,3.07,-0.020000000000000018,-0.6515,92074.42,28205.278,0.9179,0.8,3.052,117852.146,3.112,102293.873,3.1262,93698.9277,3.1781,89933.7495,3.2393,96959.6023,3.471,120408.6038,4.1804,361981.8403
20190909,002418.SZ,3.08,3.23,3.06,3.17,3.05,0.1200000000000001,3.9344,195389.89,61588.344,1.9478,1.66,3.074,123180.818,3.116,115505.462,3.1246,104359.8423,3.1719,95196.5538,3.2287,101397.1853,3.461,121619.3717,4.1676,354679.1485
20190910,002418.SZ,3.18,3.26,3.15,3.25,3.17,0.08000000000000007,2.5237,204486.88,65490.698,2.0385,1.66,3.116,144146.994,3.121,126552.65,3.1323,115410.9615,3.1714,103024.8181,3.22,104327.2943,3.453,123747.7903,4.153,348096.8268
20190911,002418.SZ,3.25,3.41,3.22,3.28,3.25,0.029999999999999805,0.9231,231189.95,76493.214,2.3047,1.6,3.164,169593.428,3.126,137906.945,3.14,127231.1885,3.1714,108709.399,3.214,109822.2117,3.444,125480.8935,4.14,344860.407
20190912,002418.SZ,3.27,3.4,3.23,3.34,3.28,0.06000000000000005,1.8293,220123.0,73282.435,2.1943,1.3,3.218,188652.828,3.141,152198.845,3.1562,139296.4962,3.1771,116548.879,3.2147,113034.62,3.4353,127373.3308,4.1279,342509.3806
20190916,002418.SZ,3.3,3.47,3.29,3.44,3.34,0.10000000000000009,2.994,207580.61,70539.977,2.0693,1.1,3.296,211754.066,3.174,164803.106,3.1746,148032.3123,3.1852,120225.4029,3.217,112786.8723,3.425,127268.6327,4.1155,338747.2011
20190917,002418.SZ,3.43,3.45,3.26,3.28,3.44,-0.16000000000000014,-4.6512,161424.67,53795.532,1.6092,0.76,3.318,204961.022,3.196,164070.92,3.1785,151399.8254,3.1862,124122.5895,3.214,112357.7897,3.4133,127848.1355,4.1008,334107.3167
20190918,002418.SZ,3.27,3.36,3.27,3.29,3.28,0.010000000000000231,0.3049,102343.0,33783.684,1.0202,0.5,3.326,184532.246,3.221,164339.62,3.1862,153333.5946,3.1871,125128.0024,3.2127,111392.6637,3.4017,126865.5312,4.0874,329363.8558
20190919,002418.SZ,3.31,3.33,3.24,3.26,3.29,-0.03000000000000025,-0.9119,89410.63,29181.201,0.8913,0.48,3.322,156176.382,3.243,162884.905,3.1977,153939.1815,3.1881,125239.7471,3.2123,112833.018,3.3907,126956.6917,4.0731,325490.2095
20190920,002418.SZ,3.28,3.28,3.21,3.23,3.26,-0.029999999999999805,-0.9202,77096.0,24989.43,0.7685,0.49,3.3,127570.982,3.259,158111.905,3.2108,146889.1408,3.19,126206.3186,3.2093,112588.4457,3.3793,126790.9417,4.0614,320903.6605
20190923,002418.SZ,3.21,3.25,3.12,3.16,3.23,-0.06999999999999984,-2.1672,92167.33,29122.111,0.9188,0.72,3.244,104488.326,3.27,158121.196,3.22,146313.0892,3.1905,127698.9376,3.2047,112831.6567,3.3688,126340.9972,4.0453,315575.665
20190924,002418.SZ,3.17,3.18,3.09,3.1,3.16,-0.06000000000000005,-1.8987,86019.33,26946.515,0.8575,0.82,3.208,89407.258,3.263,147184.14,3.2246,144933.2085,3.1867,128103.3343,3.1993,114362.5233,3.3557,124946.6227,4.0282,307745.3927
20190925,002418.SZ,3.09,3.34,3.03,3.22,3.1,0.1200000000000001,3.871,199555.0,62928.249,1.9893,2.23,3.194,108849.658,3.26,146690.952,3.2362,150681.5931,3.191,134592.9057,3.1973,117287.2317,3.3453,126566.8742,4.0128,302651.0726
20190926,002418.SZ,3.2,3.2,3.02,3.02,3.22,-0.20000000000000018,-6.2112,136790.56,42211.701,1.3636,1.26,3.146,118325.644,3.234,137251.013,3.2338,154121.2962,3.1824,136629.8371,3.1907,119997.1197,3.3332,126833.8668,3.9957,299953.1939
20190927,002418.SZ,2.99,3.07,2.99,3.02,3.02,0.0,0.0,58409.78,17711.934,0.5823,0.49,3.104,114588.4,3.202,121079.691,3.2223,143584.3646,3.1724,133809.0171,3.1823,117598.3253,3.322,125531.3965,3.9783,294125.6898
20190930,002418.SZ,3.03,3.04,2.95,2.95,3.02,-0.06999999999999984,-2.3179,63686.0,19031.024,0.6349,0.56,3.062,108892.134,3.153,106690.23,3.1992,132753.5277,3.161,133165.3029,3.172,117068.4003,3.3103,124728.5632,3.9595,289223.2623
20191008,002418.SZ,2.95,2.99,2.78,2.82,2.95,-0.13000000000000034,-4.4068,204737.04,58815.993,2.041,1.88,3.006,132635.676,3.107,111021.467,3.1638,130718.6885,3.1471,139031.9238,3.157,121185.324,3.2978,125378.6313,3.937,281259.3329
20191009,002418.SZ,2.82,2.82,2.75,2.8,2.82,-0.020000000000000018,-0.7092,192630.59,53627.723,1.9203,1.45,2.922,131250.794,3.058,120050.226,3.1223,128603.8877,3.1348,140169.26,3.1423,124704.2107,3.2873,125429.0745,3.9147,274463.5202
20191010,002418.SZ,2.85,2.93,2.8,2.93,2.8,0.13000000000000034,4.6429,345745.0,99874.06,3.4466,2.63,2.904,173041.682,3.025,145683.663,3.0831,139231.9177,3.1295,151887.7838,3.1337,134335.7773,3.2788,128152.2778,3.8946,271894.1138
20191011,002418.SZ,2.92,2.97,2.88,2.95,2.93,0.020000000000000018,0.6826,114628.0,33660.335,1.1427,0.66,2.89,184285.326,2.997,149436.863,3.0577,135632.1738,3.1252,152395.8895,3.127,136129.2997,3.269,125334.5478,3.8759,268353.14
20191014,002418.SZ,2.95,2.98,2.92,2.92,2.95,-0.03000000000000025,-1.0169,178825.0,52767.739,1.7827,0.97,2.884,207313.126,2.973,158102.63,3.0292,141515.4046,3.1181,154967.2705,3.1183,139505.8997,3.259,126298.5812,3.8561,265084.8954
20191015,002418.SZ,2.92,2.94,2.87,2.9,2.92,-0.020000000000000018,-0.6849,103053.28,29933.58,1.0273,0.5,2.9,186976.374,2.953,159806.025,3.0015,142564.8392,3.111,155490.0733,3.1107,140831.8757,3.248,124830.4578,3.8347,260772.6364
20191016,002418.SZ,2.91,2.92,2.81,2.82,2.9,-0.08000000000000007,-2.7586,85552.0,24405.27,0.8528,0.46,2.904,165560.656,2.913,148405.725,2.97,143215.3008,3.0943,150259.6976,3.098,140549.7757,3.2362,124972.4753,3.8108,253500.5004
20191017,002418.SZ,2.8,2.85,2.79,2.81,2.82,-0.009999999999999787,-0.3546,49325.0,13948.613,0.4917,0.3,2.88,106276.656,2.892,139659.169,2.9431,139919.7369,3.0733,142871.0367,3.084,138272.3757,3.2243,124779.19,3.7837,244446.9994
20191018,002418.SZ,2.81,2.84,2.72,2.76,2.81,-0.050000000000000266,-1.7794,143200.0,39759.214,1.4275,1.35,2.842,111991.056,2.866,148138.191,2.9169,144318.25,3.0486,138681.039,3.0697,140472.2423,3.213,126045.7012,3.7512,232869.7164
20191021,002418.SZ,2.65,2.77,2.65,2.73,2.76,-0.029999999999999805,-1.087,63728.72,17268.879,0.6353,0.57,2.804,88971.8,2.844,148142.463,2.8792,133870.0746,3.0195,131233.6924,3.057,139878.5997,3.1995,125374.101,3.7175,221169.7487
20191022,002418.SZ,2.69,2.95,2.69,2.81,2.73,0.08000000000000007,2.9304,130319.72,36927.678,1.2991,1.46,2.786,94425.088,2.843,140700.731,2.8631,133372.3177,2.9895,127554.6024,3.0487,138597.706,3.1827,120470.5052,3.6891,214193.8495
20191023,002418.SZ,2.81,2.82,2.74,2.74,2.81,-0.06999999999999984,-2.4911,77127.0,21317.562,0.7689,0.82,2.77,92740.088,2.837,129150.372,2.8415,134812.1038,2.9638,123540.4276,3.0387,137846.7393,3.1667,117929.952,3.657,208039.0165
20191024,002418.SZ,2.74,2.77,2.71,2.73,2.74,-0.010000000000000231,-0.365,50460.37,13831.383,0.503,0.54,2.754,92967.162,2.817,99621.909,2.8246,133794.7477,2.9371,121069.8262,3.0283,136063.4923,3.1508,115962.057,3.6288,201307.1747
20191025,002418.SZ,2.69,2.72,2.58,2.63,2.73,-0.10000000000000009,-3.663,186109.47,49283.776,1.8553,2.0,2.728,101549.056,2.785,106770.056,2.81,132361.8577,2.9071,125674.5329,3.0137,138106.2747,3.1348,117369.5148,3.5947,192340.2308
20191028,002418.SZ,2.64,2.69,2.6,2.67,2.63,0.040000000000000036,1.5209,127339.75,33704.906,1.2694,1.25,2.716,114271.262,2.76,101621.531,2.8,127339.4854,2.8805,128067.0924,3.001,139281.7857,3.1202,118120.694,3.5666,185049.6581
20191029,002418.SZ,2.66,2.69,2.6,2.61,2.67,-0.06000000000000005,-2.2472,103921.0,27464.019,1.036,0.91,2.676,108991.518,2.731,101708.303,2.7754,108737.6392,2.8543,128626.791,2.9823,136232.8227,3.1055,118815.004,3.5429,180797.0088
20191030,002418.SZ,2.6,2.62,2.52,2.53,2.61,-0.08000000000000007,-3.0651,88513.37,22674.092,0.8824,0.81,2.634,111268.792,2.702,102004.44,2.7431,106728.8215,2.8271,128745.5548,2.9583,132367.039,3.0892,118347.1667,3.5231,176430.0861
20191031,002418.SZ,2.53,2.56,2.46,2.46,2.53,-0.06999999999999984,-2.7668,80648.0,20213.647,0.804,0.72,2.58,117306.318,2.667,105136.74,2.7077,99176.7446,2.791,123083.3167,2.931,127348.974,3.0725,118585.5928,3.5017,173360.5088
20191101,002418.SZ,2.55,2.71,2.55,2.71,2.46,0.25,10.1626,235740.34,63767.948,2.35,2.01,2.596,127232.492,2.662,114390.774,2.6931,109383.4415,2.7762,127795.211,2.91,127869.552,3.0623,120452.086,3.4831,171143.0283
20191104,002418.SZ,2.77,2.98,2.75,2.81,2.71,0.10000000000000009,3.69,611796.43,174888.284,6.0988,4.81,2.624,224123.828,2.67,169197.545,2.6923,149863.7823,2.7662,154146.9562,2.889,141343.4127,3.053,127065.1425,3.4665,173383.7486
20191105,002418.SZ,2.7,2.79,2.64,2.77,2.81,-0.040000000000000036,-1.4235,357538.61,96615.676,3.5642,1.6,2.656,274847.35,2.666,191919.434,2.6892,173572.5215,2.7576,168139.9376,2.872,147880.544,3.043,130119.1668,3.4473,172625.2534
20191106,002418.SZ,2.74,2.93,2.68,2.86,2.77,0.08999999999999986,3.2491,458979.37,129864.881,4.5754,1.67,2.722,348940.55,2.678,230104.671,2.6969,197863.2423,2.7595,180246.7152,2.8577,159768.423,3.0352,135580.5433,3.4287,173107.5038
20191107,002418.SZ,2.86,2.88,2.77,2.81,2.86,-0.04999999999999982,-1.7483,228344.31,64051.528,2.2763,0.65,2.792,378479.812,2.686,247893.065,2.7031,210525.98,2.76,181947.3686,2.8427,164399.5457,3.0275,138616.2818,3.4138,170168.9706
20191108,002418.SZ,2.76,2.8,2.71,2.77,2.81,-0.040000000000000036,-1.4235,192629.54,53055.82,1.9203,0.51,2.804,369857.652,2.7,248545.072,2.7,215319.0431,2.7524,174656.1562,2.8273,168250.6637,3.0183,140419.5547,3.3977,168210.0243
20191111,002418.SZ,2.76,2.76,2.61,2.61,2.77,-0.16000000000000014,-5.7762,159290.0,42214.595,1.5879,0.43,2.764,279356.366,2.694,251740.097,2.69,221639.2738,2.7362,176782.9181,2.809,170488.086,3.0068,141659.8713,3.3798,165234.8985
20191112,002418.SZ,2.64,2.87,2.64,2.87,2.61,0.26000000000000023,9.9617,165256.0,47112.148,1.6474,0.59,2.784,240899.844,2.72,257873.597,2.7008,230469.7069,2.7338,176136.7752,2.8013,173129.3083,3.0003,143745.9158,3.3664,160888.0529
20191113,002418.SZ,2.99,3.09,2.88,3.02,2.87,0.1499999999999999,5.2265,906853.55,270730.281,9.0402,3.76,2.816,330474.68,2.769,339707.615,2.7308,285911.5592,2.7395,214412.9786,2.7947,196705.9267,2.996,156996.5792,3.3577,164317.6434
20191114,002418.SZ,2.93,3.03,2.88,3.02,3.02,0.0,0.0,474197.74,139121.893,4.7271,1.43,2.858,379645.366,2.825,379062.589,2.7577,312592.9431,2.749,232919.9186,2.7947,207952.8327,2.9927,163974.9762,3.3469,164514.191
20191115,002418.SZ,2.96,2.99,2.88,2.89,3.02,-0.1299999999999999,-4.3046,335041.0,98244.894,3.3399,0.88,2.882,408127.658,2.843,388992.655,2.7792,330371.4046,2.7529,246525.4424,2.7903,217173.8733,2.9863,167386.0993,3.3358,163837.8569
20191118,002418.SZ,2.83,2.93,2.72,2.91,2.89,0.020000000000000018,0.692,251784.0,71880.39,2.51,0.62,2.942,426626.458,2.853,352991.412,2.8085,342930.6838,2.76,251696.109,2.789,223443.8067,2.9805,170256.1035,3.3261,163103.366
20191119,002418.SZ,2.87,3.2,2.85,3.04,2.91,0.1299999999999999,4.4674,570261.98,173538.668,5.6848,1.34,2.976,507627.654,2.88,374263.749,2.8531,380593.2977,2.7748,275816.7405,2.7963,235627.9713,2.9767,178406.6477,3.3175,165185.2401
20191120,002418.SZ,3.21,3.34,3.21,3.34,3.04,0.2999999999999998,9.8684,359522.24,118733.771,3.584,0.71,3.04,398161.392,2.928,364318.036,2.9015,390114.9823,2.8,286731.1462,2.8143,241191.0263,2.9783,182947.6185,3.3103,166067.8489
20191121,002418.SZ,3.31,3.67,3.09,3.67,3.34,0.33000000000000007,9.8802,1202970.6,414218.461,11.9921,3.02,3.17,543915.964,3.014,461780.665,2.9677,435589.9185,2.8443,340342.7462,2.839,269765.213,2.9863,202050.4952,3.3062,173799.6933
20191122,002418.SZ,3.7,4.04,3.51,3.65,3.67,-0.020000000000000018,-0.545,1533592.36,587715.813,15.2879,2.82,3.322,783626.236,3.102,595876.947,3.0354,526055.5915,2.8881,410968.079,2.8623,317064.025,2.9947,226596.6623,3.3024,185056.0333
20191125,002418.SZ,3.46,3.68,3.29,3.29,3.65,-0.3599999999999999,-9.863,1170071.85,398304.625,11.6641,1.49,3.398,967283.806,3.17,696955.132,3.0685,580755.0131,2.9195,457823.4305,2.8747,350105.5867,2.9965,244805.7432,3.2961,193199.0411
20191126,002418.SZ,3.25,3.28,2.97,2.99,3.29,-0.2999999999999998,-9.1185,1080674.33,332447.267,10.7729,1.12,3.388,1069366.276,3.182,788496.965,3.0823,646318.8608,2.9348,503220.3152,2.8777,382692.955,2.9942,261762.4153,3.2874,200880.9938
20191127,002418.SZ,2.91,2.94,2.76,2.82,2.99,-0.17000000000000037,-5.6856,855934.79,244372.896,8.5326,0.8,3.284,1168648.786,3.162,783405.089,3.0862,697342.3415,2.9448,539030.4957,2.8777,408372.3813,2.9878,274461.0785,3.2795,205166.2923
20191128,002418.SZ,2.83,2.9,2.74,2.85,2.82,0.03000000000000025,1.0638,669131.96,188234.331,6.6704,0.57,3.12,1061881.058,3.145,802898.511,3.1046,736560.9538,2.96,566679.0,2.879,429032.6133,2.9815,283652.4945,3.2713,208857.5527
20191129,002418.SZ,2.81,3.07,2.78,2.98,2.85,0.1299999999999999,4.5614,900521.96,259289.776,8.977,0.85,2.986,935266.978,3.154,859446.607,3.1131,793119.8738,2.9848,605720.6171,2.8863,454276.6787,2.978,297374.4605,3.2651,214714.9072
20191202,002418.SZ,2.93,2.99,2.86,2.86,2.98,-0.1200000000000001,-4.0268,557443.0,162250.654,5.557,0.6,2.9,812741.208,3.149,890012.507,3.1008,766242.1392,2.9919,621039.7914,2.8907,470733.8213,2.9738,305306.2105,3.2572,217431.4203
20191203,002418.SZ,2.81,2.91,2.76,2.88,2.86,0.020000000000000018,0.6993,501307.75,142095.874,4.9974,0.62,2.878,696867.892,3.133,883117.084,3.09,768327.5246,2.9952,615778.4257,2.893,483100.089,2.9708,310848.8975,3.2502,220112.0368
20191204,002418.SZ,2.85,2.87,2.79,2.8,2.88,-0.08000000000000007,-2.7778,392478.75,110835.745,3.9125,0.56,2.874,604176.684,3.079,886412.735,3.0831,772745.8131,2.9967,617442.2419,2.895,493611.814,2.9668,315729.2767,3.2415,221581.8948
20191205,002418.SZ,2.82,2.84,2.76,2.78,2.8,-0.020000000000000018,-0.7143,457681.4,127829.115,4.5625,0.76,2.86,561886.572,2.99,811883.815,3.0731,788584.0746,2.9929,617380.4338,2.8967,507185.8483,2.9625,321624.6703,3.2328,223636.2365
20191206,002418.SZ,2.78,2.79,2.71,2.75,2.78,-0.029999999999999805,-1.0791,378665.0,103768.185,3.7748,0.67,2.814,457515.18,2.9,696391.079,3.0508,773845.8454,2.99,624538.5619,2.9007,513604.366,2.9572,325855.3203,3.2214,223970.9316
20191209,002418.SZ,2.74,2.79,2.69,2.78,2.75,0.029999999999999805,1.0909,307496.53,84650.915,3.0653,0.67,2.798,407525.886,2.849,610133.547,3.0077,769843.8677,2.9905,630008.4186,2.9043,519609.592,2.9527,329445.6888,3.2118,224927.1463
20191210,002418.SZ,2.76,2.82,2.72,2.79,2.78,0.010000000000000231,0.3597,330998.03,91946.932,3.2996,0.81,2.78,373463.942,2.829,535165.917,2.94,702769.0546,2.999,638184.9914,2.9103,527178.8263,2.9463,331705.8245,3.2037,226662.5981
20191211,002418.SZ,2.78,2.88,2.75,2.85,2.79,0.06000000000000005,2.1505,496284.35,139497.168,4.9473,1.33,2.79,394225.062,2.832,499200.873,2.8785,622976.1308,2.9981,653948.2462,2.921,540771.1923,2.9397,336569.1157,3.1963,230158.453
20191212,002418.SZ,2.82,2.85,2.78,2.79,2.85,-0.06000000000000005,-2.1053,332596.55,93365.875,3.3156,0.84,2.792,369208.092,2.826,465547.332,2.84,558554.9538,2.9871,626602.6748,2.932,549169.4773,2.9315,338259.2257,3.1878,231870.0596
20191213,002418.SZ,2.8,2.81,2.77,2.78,2.79,-0.010000000000000231,-0.3584,215803.61,60191.804,2.1513,0.58,2.798,336635.814,2.806,397075.497,2.8238,492026.4369,2.9757,614298.1924,2.9343,548504.9197,2.9222,338187.2358,3.1787,232780.2833
20191216,002418.SZ,2.76,2.79,2.74,2.78,2.78,0.0,0.0,270922.0,74876.097,2.7007,0.8,2.798,329320.908,2.798,368423.397,2.8208,447025.4531,2.9705,611244.9067,2.9333,537142.4387,2.9112,339242.9257,3.1681,233255.7792
20191217,002418.SZ,2.78,2.83,2.76,2.82,2.78,0.040000000000000036,1.4388,321862.68,90235.75,3.2086,0.98,2.804,327493.838,2.792,350478.89,2.8185,420312.4315,2.9662,614581.9867,2.935,535953.241,2.9035,341916.8925,3.1584,234882.514
20191218,002418.SZ,2.81,2.9,2.8,2.86,2.82,0.040000000000000036,1.4184,433709.62,123745.206,4.3235,1.32,2.806,314978.892,2.798,354601.977,2.8092,384403.79,2.9576,608079.4933,2.935,535110.916,2.8963,347439.6695,3.149,237152.6003
20191219,002418.SZ,2.84,3.0,2.84,2.97,2.86,0.11000000000000032,3.8462,534352.51,156104.729,5.3268,1.7,2.842,355330.084,2.817,362269.088,2.8177,382627.5985,2.94,616404.7443,2.9403,545311.1893,2.8915,354855.3675,3.1411,240906.0296
20191220,002418.SZ,2.98,3.07,2.89,2.92,2.97,-0.050000000000000266,-1.6835,488810.67,146154.495,4.8728,1.38,2.87,409931.496,2.834,373283.655,2.8208,381666.2846,2.9043,582397.1286,2.9453,555183.8937,2.8863,361717.2787,3.1328,244254.1102
20191223,002418.SZ,2.88,2.9,2.81,2.82,2.92,-0.10000000000000009,-3.4247,275604.0,78583.984,2.7474,0.67,2.878,410867.896,2.838,370094.402,2.8223,372675.9192,2.8648,522492.921,2.9523,559061.027,2.8807,364774.5565,3.1247,245557.7768
20191224,002418.SZ,2.93,3.07,2.9,2.97,2.82,0.15000000000000036,5.3191,476768.86,141102.947,4.7528,1.16,2.908,441849.132,2.856,384671.485,2.8369,374144.1854,2.8495,489478.4929,2.9557,569444.789,2.8785,371287.0487,3.1171,248116.8357
20191225,002418.SZ,2.94,2.97,2.86,2.89,2.97,-0.08000000000000007,-2.6936,367341.94,106892.51,3.6619,0.83,2.914,428575.596,2.86,371777.244,2.8477,373273.1808,2.8448,455510.2838,2.9513,551461.0687,2.873,374083.4977,3.1092,250325.1859
20191226,002418.SZ,2.84,2.88,2.82,2.87,2.89,-0.020000000000000018,-0.692,264753.0,75323.06,2.6392,0.62,2.894,374655.694,2.868,364992.889,2.8546,369985.2169,2.8471,427358.77,2.9463,544479.5773,2.8705,376216.205,3.1018,251525.0359
20191227,002418.SZ,2.85,3.12,2.82,2.93,2.87,0.06000000000000005,2.0906,584900.44,172759.781,5.8307,1.56,2.896,393873.648,2.883,401902.572,2.8654,389516.1715,2.851,423347.7452,2.9477,552808.2253,2.869,384991.0493,3.0955,255261.2229
20191230,002418.SZ,2.9,2.92,2.84,2.87,2.93,-0.06000000000000005,-2.0478,349106.92,100184.176,3.4801,0.89,2.906,408574.232,2.892,409721.064,2.8669,378194.8308,2.8457,397089.8862,2.9463,556052.3227,2.8677,389748.0647,3.089,257238.3139
20191231,002418.SZ,2.87,2.89,2.84,2.86,2.87,-0.010000000000000231,-0.3484,155181.86,44420.915,1.547,0.38,2.884,344256.832,2.896,393052.982,2.8723,364547.5469,2.8457,377934.5938,2.9403,542216.3187,2.8683,388922.145,3.0831,257150.3882
20200102,002418.SZ,2.88,2.9,2.85,2.88,2.86,0.020000000000000018,0.6993,311990.0,89809.697,3.1101,0.91,2.882,333186.444,2.898,380881.02,2.88,371946.5,2.8457,368919.4629,2.925,540631.9107,2.8697,390911.4685,3.0785,258170.2715
20200103,002418.SZ,2.88,2.91,2.87,2.89,2.88,0.010000000000000231,0.3472,251504.59,72621.401,2.5072,0.75,2.886,330536.762,2.89,352596.228,2.8885,370452.8531,2.85,362206.4076,2.899,508916.377,2.869,389340.795,3.0739,258746.5364
20200106,002418.SZ,2.86,2.96,2.84,2.92,2.89,0.029999999999999805,1.0381,334213.0,96861.935,3.3317,1.01,2.884,280399.274,2.89,337136.461,2.8962,371402.8777,2.8567,356326.96,2.8747,468937.065,2.8685,393000.545,3.0688,259167.5464
20200107,002418.SZ,2.92,2.98,2.92,2.97,2.92,0.050000000000000266,1.7123,298671.0,88232.896,2.9774,1.07,2.904,270312.09,2.905,339443.161,2.9046,361015.2915,2.8671,352517.7219,2.864,439890.37,2.8693,394997.9783,3.0642,260648.2798
20200108,002418.SZ,2.95,3.06,2.93,2.95,2.97,-0.020000000000000018,-0.6734,452071.02,135209.604,4.5066,1.67,2.922,329689.922,2.903,336973.377,2.9031,354685.9462,2.8752,359402.2214,2.8627,418936.9263,2.8702,400814.9407,3.0591,262822.6993
20200109,002418.SZ,2.98,3.02,2.95,2.97,2.95,0.020000000000000018,0.678,270379.0,80592.802,2.6953,0.82,2.94,321367.722,2.911,327277.083,2.9069,337883.51,2.8838,356515.601,2.8677,399418.4,2.8727,403895.3907,3.0544,264433.933
20200110,002418.SZ,2.99,2.99,2.9,2.92,2.97,-0.050000000000000266,-1.6835,212893.03,62288.202,2.1223,0.66,2.946,313645.41,2.916,322091.086,2.9146,333059.5892,2.8871,343020.7762,2.87,384210.4357,2.8745,406621.5245,3.0494,265700.3573
20200113,002418.SZ,2.87,2.92,2.83,2.89,2.92,-0.029999999999999805,-1.0274,208199.0,59840.891,2.0755,0.66,2.94,288442.61,2.912,284420.942,2.9085,312400.3692,2.8919,337097.0833,2.867,361133.0037,2.8767,407704.8412,3.0448,266875.2712
20200114,002418.SZ,2.88,2.9,2.85,2.86,2.89,-0.03000000000000025,-1.0381,189672.2,54422.723,1.8908,0.66,2.918,266642.85,2.911,268477.47,2.9062,298733.4662,2.8957,335852.7305,2.867,348873.977,2.8788,409803.8992,3.0392,267589.0001
20200115,002418.SZ,2.87,2.89,2.84,2.85,2.86,-0.009999999999999787,-0.3497,151867.0,43443.509,1.5139,0.57,2.898,206602.046,2.91,268145.984,2.9046,290049.9277,2.899,330183.4448,2.866,337225.952,2.8795,410163.0205,3.0311,265316.7628
20200116,002418.SZ,2.85,2.85,2.76,2.76,2.85,-0.0900000000000003,-3.1579,212537.0,59489.398,2.1187,1.03,2.856,195033.646,2.898,258200.684,2.8915,261406.5862,2.8962,324977.46,2.8647,331227.8937,2.8798,412419.8538,3.0233,265174.9029
20200117,002418.SZ,2.78,2.8,2.75,2.76,2.76,0.0,0.0,114334.61,31663.669,1.1398,0.59,2.824,175321.962,2.885,244483.686,2.8831,243347.1777,2.8914,309769.1262,2.864,319783.0007,2.8803,413484.4245,3.0156,264723.2408
20200120,002418.SZ,2.77,2.78,2.71,2.74,2.76,-0.019999999999999574,-0.7246,113385.67,31017.725,1.1303,0.65,2.794,156359.296,2.867,222400.953,2.8738,240132.0862,2.8805,289723.0862,2.8637,310940.3563,2.8822,412272.3612,3.0085,264820.938
20200121,002418.SZ,2.74,2.74,2.67,2.67,2.74,-0.07000000000000028,-2.5547,131293.03,35301.636,1.3088,0.84,2.756,144683.462,2.837,205663.156,2.8577,226232.3192,2.8686,272698.4367,2.86,305066.9063,2.8822,412338.2492,3.0012,265229.4716
20200122,002418.SZ,2.4,2.55,2.4,2.54,2.67,-0.1299999999999999,-4.8689,297080.83,73429.831,2.9615,2.05,2.694,173726.228,2.796,190164.137,2.8308,229738.1838,2.8552,273721.1429,2.8517,303936.333,2.881,415557.5797,2.9933,267186.2918
20200123,002418.SZ,2.52,2.61,2.48,2.49,2.54,-0.04999999999999982,-1.9685,145582.86,36891.476,1.4513,0.84,2.64,160335.4,2.748,177684.523,2.7977,215228.1731,2.8324,257950.381,2.8397,292246.2833,2.8803,416508.7378,2.9848,267427.9523
20200203,002418.SZ,2.24,2.24,2.24,2.24,2.49,-0.25,-10.0402,27423.0,6142.752,0.2734,0.17,2.536,142953.078,2.68,159137.52,2.7415,194362.9423,2.8014,241763.7648,2.8213,282073.8317,2.8767,415621.6545,2.9746,267103.6237
20200204,002418.SZ,2.02,2.18,2.02,2.1,2.24,-0.14000000000000012,-6.25,293091.33,61169.203,2.9217,2.05,2.408,178894.21,2.601,167626.753,2.6762,182133.7354,2.7648,243113.209,2.7987,284650.089,2.8665,416577.5043,2.9644,268514.7952
20200205,002418.SZ,2.14,2.31,2.12,2.31,2.1,0.20999999999999996,10.0,344027.68,77984.048,3.4295,1.92,2.336,221441.14,2.546,183062.301,2.6254,187799.0185,2.7352,231643.0776,2.783,287086.945,2.8582,412114.6918,2.9556,269589.9172
20200206,002418.SZ,2.35,2.4,2.25,2.32,2.31,0.009999999999999787,0.4329,258279.55,59740.645,2.5747,1.17,2.292,213680.884,2.493,193703.556,2.5792,191290.2892,2.709,227317.9648,2.7663,284967.5073,2.8507,410460.3742,2.9468,270289.7705
20200207,002418.SZ,2.37,2.37,2.23,2.27,2.32,-0.04999999999999982,-2.1552,232736.88,53094.19,2.3201,1.09,2.248,231111.688,2.444,195723.544,2.5315,193177.8185,2.681,231011.061,2.7467,278268.416,2.8408,406689.666,2.938,271135.1047
20200210,002418.SZ,2.29,2.38,2.28,2.36,2.27,0.08999999999999986,3.9648,216664.37,50818.531,2.1599,0.94,2.272,268959.962,2.404,205956.52,2.4931,195254.1392,2.6562,226471.7452,2.7263,267678.8113,2.8333,406495.0003,2.9304,272555.6411
20200211,002418.SZ,2.35,2.48,2.33,2.37,2.36,0.010000000000000231,0.4237,245254.98,58824.296,2.4449,0.91,2.326,259392.692,2.367,219143.451,2.4562,202437.83,2.6314,226174.1448,2.708,259560.2883,2.8267,407372.091,2.9225,273895.8228
20200212,002418.SZ,2.34,2.41,2.34,2.4,2.37,0.029999999999999805,1.2658,193318.36,45913.807,1.9271,0.75,2.344,229250.828,2.34,225345.984,2.4285,200959.4731,2.6067,219464.8762,2.694,256817.4337,2.8232,407939.2303,2.915,274799.5508
20200213,002418.SZ,2.42,2.42,2.34,2.34,2.4,-0.06000000000000005,-2.5,142324.8,33733.626,1.4188,0.62,2.348,206059.878,2.32,209870.381,2.3962,203112.5646,2.5767,212019.819,2.673,245669.2983,2.8143,407557.0437,2.9073,275651.4798
20200214,002418.SZ,2.34,2.34,2.27,2.3,2.34,-0.040000000000000036,-1.7094,141339.0,32568.624,1.409,0.69,2.354,187780.302,2.301,209445.995,2.3623,205262.8208,2.5457,197223.0562,2.6533,238135.867,2.8023,394798.4678,2.8992,275897.5235
20200217,002418.SZ,2.3,2.36,2.28,2.35,2.3,0.050000000000000266,2.1739,167848.0,39247.204,1.6732,0.89,2.352,178017.028,2.312,223488.495,2.3377,208074.7415,2.5162,192340.6276,2.636,234905.7003,2.7912,389692.6388,2.8919,276833.8075
20200218,002418.SZ,2.36,2.42,2.35,2.41,2.35,0.06000000000000005,2.5532,195283.12,46633.413,1.9467,1.1,2.36,168022.656,2.343,213707.674,2.3277,200244.1485,2.4919,191502.0605,2.6187,221918.4563,2.7832,387363.3408,2.8848,277374.7201
20200219,002418.SZ,2.44,2.48,2.4,2.41,2.41,0.0,0.0,231460.03,56142.999,2.3074,1.38,2.362,175650.99,2.353,202450.909,2.3215,206850.0846,2.469,192609.7286,2.6033,217996.8933,2.7748,387024.608,2.8777,278640.3558
20200220,002418.SZ,2.39,2.65,2.39,2.65,2.41,0.23999999999999977,9.9585,445818.68,115509.744,4.4442,2.54,2.424,236349.766,2.386,221204.822,2.3531,239034.3677,2.459,204807.18,2.5963,227684.7873,2.7683,384950.553,2.8725,281678.6003
20200221,002418.SZ,2.69,2.85,2.62,2.63,2.65,-0.020000000000000018,-0.7547,804530.17,218243.184,8.0201,3.4,2.49,368988.0,2.422,278384.151,2.3938,278375.8169,2.4486,235886.3786,2.588,244102.793,2.7565,392367.3518,2.8674,287657.4852
20200224,002418.SZ,2.7,2.8,2.55,2.67,2.63,0.040000000000000036,1.5209,538387.77,142884.785,5.367,1.46,2.554,443095.954,2.453,310556.491,2.4215,293326.5931,2.4443,251403.0819,2.5807,253665.5657,2.7398,381290.9713,2.8631,291670.7333
20200225,002418.SZ,2.52,2.94,2.45,2.94,2.67,0.27,10.1124,899607.6,243090.855,8.9679,2.03,2.66,583960.85,2.51,375991.753,2.4692,342659.52,2.4529,288797.0338,2.5813,272512.0523,2.728,370724.5587,2.8613,298660.6105
20200226,002418.SZ,2.94,3.23,2.88,3.09,2.94,0.1499999999999999,5.102,1407161.1,437471.815,14.0276,2.41,2.796,819101.064,2.579,497376.027,2.5323,432999.8446,2.4695,350405.3876,2.5853,309461.7223,2.7247,374676.0462,2.8606,309740.8947
20200227,002418.SZ,2.93,2.99,2.78,2.81,3.09,-0.2799999999999998,-9.0615,950869.92,274277.118,9.479,1.16,2.828,920111.312,2.626,578230.539,2.5669,489477.1946,2.4762,389432.8586,2.5807,326088.3523,2.7217,372512.6393,2.8579,317137.5273
20200228,002418.SZ,2.62,2.71,2.54,2.54,2.81,-0.27,-9.6085,537599.17,140378.065,5.3592,0.58,2.81,866725.112,2.65,617856.556,2.58,511965.2092,2.4762,400886.1129,2.5663,334995.6913,2.717,367207.0457,2.8524,320834.0621
20200302,002418.SZ,2.5,2.63,2.49,2.61,2.54,0.06999999999999984,2.7559,331047.29,85979.292,3.3001,0.38,2.798,825257.016,2.676,634176.485,2.5962,522559.7423,2.4819,409717.7524,2.556,338934.1667,2.713,361572.3012,2.8473,322612.3978
20200303,002418.SZ,2.66,2.69,2.55,2.6,2.61,-0.009999999999999787,-0.3831,363127.17,95196.033,3.6199,0.44,2.73,717960.93,2.695,650960.89,2.6162,539544.54,2.499,425703.6652,2.5463,344098.439,2.7067,352615.7213,2.8423,324995.0909
20200304,002418.SZ,2.57,2.59,2.53,2.59,2.6,-0.010000000000000231,-0.3846,252269.14,64655.96,2.5148,0.35,2.63,486982.538,2.713,653041.801,2.6385,548077.6277,2.5224,423759.7514,2.5373,346185.0037,2.7022,347529.4903,2.838,326417.8504
20200305,002418.SZ,2.63,2.63,2.58,2.61,2.59,0.020000000000000018,0.7722,285527.28,74319.295,2.8463,0.59,2.59,353914.01,2.709,637012.661,2.6585,557129.88,2.5367,420974.0181,2.5293,350640.3463,2.6977,343933.1492,2.8343,327391.0233
20200306,002418.SZ,2.58,2.74,2.55,2.66,2.61,0.050000000000000266,1.9157,345962.99,91439.629,3.4488,0.98,2.614,315586.774,2.712,591155.943,2.6777,568720.6392,2.5529,425149.42,2.526,355087.8793,2.6953,343157.8865,2.8311,329443.5816
20200309,002418.SZ,2.61,2.84,2.6,2.73,2.66,0.06999999999999984,2.6316,468519.78,126979.871,4.6705,1.48,2.638,343081.272,2.718,584169.144,2.7023,586956.0046,2.5748,436377.1771,2.525,366894.0517,2.6945,343338.5262,2.8285,332481.5983
20200310,002418.SZ,2.66,2.78,2.6,2.76,2.73,0.029999999999999805,1.0989,398592.96,107770.314,3.9735,1.16,2.67,350174.43,2.7,534067.68,2.7108,583323.2569,2.5938,445040.4433,2.5257,376400.9613,2.6947,343670.6588,2.8259,334762.9896
20200311,002418.SZ,2.78,2.92,2.71,2.85,2.76,0.0900000000000003,3.2609,561390.58,159093.732,5.5963,1.6,2.722,411998.718,2.676,449490.628,2.7277,564620.2115,2.6167,460094.5195,2.5317,390737.5463,2.6958,347902.2263,2.8243,338673.9576
20200312,002418.SZ,2.77,3.1,2.76,3.02,2.85,0.16999999999999993,5.9649,847352.82,251433.794,8.447,2.06,2.804,524363.826,2.697,439138.918,2.7546,588386.7538,2.6462,491239.0176,2.5477,409079.946,2.6997,356508.1395,2.823,344106.982
20200313,002418.SZ,2.9,3.06,2.79,2.84,3.02,-0.18000000000000016,-5.9603,705987.09,206210.63,7.0378,1.35,2.84,596368.646,2.727,455977.71,2.7469,573492.8685,2.67,518080.079,2.5593,427760.087,2.6995,360003.1852,2.8196,348286.1504
20200316,002418.SZ,2.83,2.89,2.56,2.61,2.84,-0.22999999999999998,-8.0986,541304.0,147914.866,5.3961,0.91,2.816,610925.49,2.727,477003.381,2.71,506888.4762,2.6848,537126.0314,2.5717,444889.4537,2.6965,363481.6427,2.814,350870.4342
20200317,002418.SZ,2.6,2.64,2.39,2.51,2.61,-0.10000000000000009,-3.8314,356553.72,88705.645,3.5544,0.58,2.766,602517.642,2.718,476346.036,2.6869,461171.8454,2.6924,546112.0181,2.5853,447004.8667,2.692,365827.4778,2.8071,352007.3568
20200318,002418.SZ,2.54,2.58,2.41,2.41,2.51,-0.09999999999999964,-3.9841,253967.0,63319.368,2.5317,0.42,2.678,541032.926,2.7,476515.822,2.6769,439353.9862,2.6924,548906.4886,2.5887,444002.844,2.6858,365544.8945,2.7985,352393.9101
20200319,002418.SZ,2.38,2.45,2.34,2.4,2.41,-0.010000000000000231,-0.4149,211823.1,50682.188,2.1116,0.39,2.554,413926.982,2.679,469145.404,2.6608,430182.8946,2.6919,547971.3967,2.5913,442454.2957,2.6788,363710.9015,2.7912,352813.897
20200320,002418.SZ,2.44,2.44,2.35,2.41,2.4,0.010000000000000231,0.4167,157039.71,37684.145,1.5655,0.38,2.468,304137.506,2.654,450253.076,2.6462,414330.0131,2.6805,534220.0171,2.596,439931.0567,2.6713,359099.7363,2.7838,353269.7029
20200323,002418.SZ,2.36,2.39,2.27,2.28,2.41,-0.13000000000000034,-5.3942,191780.0,44506.152,1.9118,0.63,2.402,234232.706,2.609,422579.098,2.6223,409677.0023,2.6638,505041.4376,2.5933,439101.5777,2.6598,353390.1945,2.7757,354122.781
20200324,002418.SZ,2.35,2.35,2.24,2.32,2.28,0.040000000000000036,1.7544,148963.43,34289.302,1.485,0.64,2.364,192714.648,2.565,397616.145,2.6,399172.0908,2.6471,486497.4214,2.5917,435891.8593,2.6498,347726.0738,2.7681,354721.6763
20200325,002418.SZ,2.37,2.4,2.35,2.38,2.32,0.06000000000000005,2.5862,149457.03,35465.598,1.4899,0.78,2.358,171812.654,2.518,356422.79,2.5785,384056.2477,2.6205,450775.9657,2.591,434429.815,2.6425,345623.6243,2.7616,355199.0904
20200326,002418.SZ,2.38,2.38,2.32,2.33,2.38,-0.04999999999999982,-2.1008,118545.1,27867.608,1.1817,0.69,2.344,153157.054,2.449,283542.018,2.5477,357135.1185,2.5843,389413.299,2.5907,433637.1583,2.6318,339653.2283,2.7552,355470.1385
20200327,002418.SZ,2.36,2.37,2.29,2.31,2.33,-0.020000000000000018,-0.8584,124677.03,28894.523,1.2429,0.81,2.324,146684.518,2.396,225411.012,2.5131,336064.6623,2.5605,350070.7805,2.591,433081.7593,2.6222,335608.8132,2.7476,354846.1554
20200330,002418.SZ,2.28,2.28,2.2,2.21,2.31,-0.10000000000000009,-4.329,165756.62,36762.12,1.6524,1.13,2.31,141479.842,2.356,187856.274,2.4638,305631.2808,2.5448,332363.9924,2.5863,433012.0467,2.6112,333958.8735,2.7408,355087.5393
20200331,002418.SZ,2.24,2.24,2.11,2.13,2.21,-0.08000000000000007,-3.6199,203192.03,43783.502,2.0256,1.44,2.272,152325.562,2.318,172520.105,2.3954,256080.4508,2.5219,326275.6467,2.577,433275.677,2.5978,327597.0667,2.7334,356294.058
20200401,002418.SZ,2.14,2.19,2.1,2.14,2.13,0.010000000000000231,0.4695,139578.0,30087.171,1.3914,0.92,2.224,150349.756,2.291,161081.205,2.3415,212510.5208,2.5,315630.4481,2.568,430212.9427,2.5857,324104.918,2.7267,356926.4913
20200402,002418.SZ,2.12,2.2,2.08,2.19,2.14,0.04999999999999982,2.3364,144012.0,31069.598,1.4356,0.96,2.196,155443.136,2.27,154300.095,2.3092,181949.5977,2.481,310475.3462,2.5527,420152.72,2.5745,323918.7537,2.7214,356420.4493
20200403,002418.SZ,2.2,2.41,2.18,2.41,2.19,0.2200000000000002,10.0457,216548.65,51176.36,2.1587,1.39,2.216,173817.46,2.27,160250.989,2.3015,171179.9769,2.4714,307190.6495,2.5453,400553.336,2.5667,322328.0645,2.7182,356619.7665
20200407,002418.SZ,2.62,2.65,2.46,2.54,2.41,0.1299999999999999,5.3942,817627.64,211305.285,8.1507,4.7,2.282,304191.664,2.296,222835.753,2.3115,214538.4877,2.4657,329650.871,2.541,409861.3317,2.5608,331763.4487,2.7149,360552.1218
20200408,002418.SZ,2.4,2.48,2.38,2.42,2.54,-0.1200000000000001,-4.7244,505921.46,122363.909,5.0434,1.66,2.34,364737.55,2.306,258531.556,2.3131,237161.4385,2.451,331431.9033,2.5237,396738.4603,2.5525,334625.2563,2.7105,363812.9007
20200409,002418.SZ,2.39,2.62,2.39,2.52,2.42,0.10000000000000009,4.1322,468558.8,117071.862,4.6709,1.28,2.416,430533.71,2.32,290441.733,2.3215,261124.4454,2.4395,334763.61,2.5047,365451.717,2.545,337456.7197,2.7072,366227.349
20200410,002418.SZ,2.49,2.65,2.45,2.47,2.52,-0.04999999999999982,-1.9841,356804.29,90491.92,3.5569,0.83,2.472,473092.168,2.334,314267.652,2.3362,273818.6215,2.4214,325021.4057,2.4933,345649.5293,2.537,335868.9408,2.7036,368341.9408
20200413,002418.SZ,2.35,2.5,2.35,2.37,2.47,-0.10000000000000009,-4.0486,195727.72,47273.863,1.9512,0.41,2.464,468927.982,2.34,321372.721,2.34,277415.8746,2.3905,293991.639,2.4877,334253.8143,2.527,334624.7528,2.6998,369260.0718
20200414,002418.SZ,2.42,2.46,2.38,2.41,2.37,0.040000000000000036,1.6878,141527.58,34005.611,1.4108,0.3,2.438,333707.97,2.36,318949.817,2.3423,276805.9169,2.37,267112.6148,2.481,327936.4907,2.5185,333435.3287,2.6965,370028.4266
20200415,002418.SZ,2.39,2.49,2.33,2.39,2.41,-0.020000000000000018,-0.8299,251195.4,59988.461,2.5041,0.75,2.432,282762.758,2.386,323750.154,2.3469,287009.7862,2.3595,253297.9195,2.474,324205.4317,2.5102,334151.9353,2.6934,370928.3883
20200416,002418.SZ,2.37,2.37,2.31,2.32,2.39,-0.07000000000000028,-2.9289,165573.8,38566.266,1.6506,0.59,2.392,222165.758,2.404,326349.734,2.3477,290155.6915,2.3505,244203.6376,2.465,321315.587,2.5012,333750.2953,2.69,371777.0973
20200417,002418.SZ,2.34,2.37,2.26,2.27,2.32,-0.04999999999999982,-2.1552,165887.7,38138.412,1.6537,0.75,2.352,183982.44,2.412,328537.304,2.3523,290165.7746,2.3438,240009.3852,2.4537,317327.601,2.4915,333983.9737,2.6855,372073.4971
20200420,002418.SZ,2.28,2.31,2.23,2.3,2.27,0.029999999999999805,1.3216,116204.9,26513.383,1.1584,0.63,2.338,168077.876,2.401,318502.929,2.3654,283474.4569,2.339,235456.1376,2.4417,309668.998,2.4838,332378.4387,2.6818,372399.1463
20200421,002418.SZ,2.29,2.29,2.22,2.25,2.3,-0.04999999999999982,-2.1739,146443.31,32807.888,1.4599,0.87,2.306,169061.022,2.372,251384.496,2.3738,284002.5577,2.3314,234951.5471,2.4257,298933.1157,2.4753,332913.5837,2.6778,373199.0041
20200422,002418.SZ,2.23,2.25,2.2,2.25,2.25,0.0,0.0,98029.03,21787.525,0.9772,0.58,2.278,138427.748,2.355,210595.253,2.3785,280465.4062,2.33,230487.2152,2.4087,288914.318,2.4672,332657.6397,2.6747,372465.0004
20200423,002418.SZ,2.28,2.29,2.23,2.25,2.25,0.0,0.0,127725.6,28841.015,1.2733,0.92,2.264,130858.108,2.328,176511.933,2.3662,273632.8638,2.3267,229475.89,2.3887,274458.8187,2.4602,332598.1825,2.6712,372468.2158
20200424,002418.SZ,2.29,2.39,2.24,2.29,2.25,0.040000000000000036,1.7778,239154.06,55126.428,2.3841,1.83,2.268,145511.38,2.31,164746.91,2.3469,229134.8962,2.3224,233747.1771,2.3643,254185.5267,2.456,331632.7363,2.6685,373595.158
20200427,002418.SZ,2.25,2.28,2.12,2.15,2.29,-0.14000000000000012,-6.1135,249116.72,54049.352,2.4834,1.71,2.238,172093.744,2.288,170085.81,2.3262,209380.6854,2.3138,239964.8733,2.3413,238956.5143,2.4503,333358.3007,2.6653,374933.5193
20200428,002418.SZ,2.09,2.13,2.03,2.07,2.15,-0.08000000000000007,-3.7209,176217.0,36575.265,1.7567,1.02,2.202,178048.482,2.254,173554.752,2.2915,186892.8546,2.3024,242419.1576,2.3233,226786.9477,2.4475,335838.2007,2.6621,375729.9276
20200430,002418.SZ,1.97,1.97,1.97,1.97,2.07,-0.09999999999999987,-4.8309,35778.0,7048.266,0.3731,0.2,2.146,165598.276,2.212,152013.012,2.2531,162198.5246,2.291,236229.6995,2.3053,216094.4237,2.4453,331549.6452,2.6559,374063.5748
20200506,002418.SZ,1.87,1.87,1.87,1.87,1.97,-0.09999999999999987,-5.0761,17067.0,3191.529,0.178,0.1,2.07,143466.556,2.167,137162.332,2.2146,148455.3923,2.2786,227366.6029,2.2873,208197.757,2.438,326100.3005,2.6481,369107.4962
20200507,002418.SZ,1.78,1.78,1.78,1.78,1.87,-0.09000000000000008,-4.8128,30562.0,5440.036,0.3187,0.21,1.968,101748.144,2.118,123629.762,2.1662,139919.5785,2.2614,222175.3648,2.2667,202155.7203,2.429,322305.008,2.6398,366382.6911
20200508,002418.SZ,1.69,1.87,1.69,1.81,1.78,0.030000000000000027,1.6854,517889.91,90853.722,5.401,5.09,1.9,155502.782,2.069,163798.263,2.1215,160434.5408,2.2433,239979.0748,2.2467,214184.0603,2.4213,327057.5585,2.6311,366873.6123
20200511,002418.SZ,1.76,1.76,1.72,1.72,1.81,-0.09000000000000008,-4.9724,276648.41,47770.93,2.8851,1.78,1.83,175589.064,2.016,176818.773,2.0754,168978.7415,2.2105,242840.9681,2.228,217013.0073,2.4107,328057.2925,2.622,367276.1464
20200512,002418.SZ,1.7,1.71,1.64,1.65,1.72,-0.07000000000000006,-4.0698,154086.0,25784.024,1.6069,0.88,1.766,199250.664,1.956,182424.47,2.0277,168070.9185,2.1681,211243.7471,2.2057,217183.7597,2.3987,326537.8095,2.6127,366954.9503
20200513,002418.SZ,1.67,1.69,1.64,1.65,1.65,0.0,0.0,112731.76,18737.562,1.1757,0.57,1.722,218383.616,1.896,180925.086,1.9777,167803.7538,2.1314,192520.4281,2.1813,215959.584,2.3862,325194.6995,2.6047,366566.9649
20200514,002418.SZ,1.65,1.73,1.63,1.67,1.65,0.020000000000000018,1.2121,130437.73,21971.285,1.3603,0.6,1.7,238358.762,1.834,170053.453,1.9331,166572.5554,2.091,176419.4248,2.1593,216356.005,2.375,324996.5817,2.5947,366276.8127
20200515,002418.SZ,1.67,1.73,1.67,1.7,1.67,0.030000000000000027,1.7964,96854.0,16511.54,1.0101,0.41,1.678,154151.58,1.789,154827.181,1.8908,166482.1685,2.0543,164040.8395,2.139,215428.5707,2.365,324255.165,2.5837,359526.8164
20200518,002418.SZ,1.7,1.7,1.62,1.62,1.7,-0.07999999999999985,-4.7059,137706.86,22532.521,1.4361,0.89,1.658,126363.27,1.744,150976.167,1.8423,167249.9577,2.0186,161277.9414,2.1193,214493.5787,2.3528,323752.8127,2.572,356722.7258
20200519,002418.SZ,1.6,1.62,1.54,1.55,1.62,-0.07000000000000006,-4.321,202708.81,31506.503,2.114,1.6,1.638,136087.832,1.702,167669.248,1.7854,164446.4769,1.9776,164191.3333,2.1,214477.4713,2.3385,323876.5742,2.5608,355619.9575
20200520,002418.SZ,1.55,1.55,1.47,1.47,1.55,-0.08000000000000007,-5.1613,203522.73,30159.567,2.1225,1.5,1.602,154246.026,1.662,186314.821,1.7331,160939.2469,1.9338,161921.2062,2.0777,216608.9623,2.3228,323410.9525,2.5488,355217.7803
20200521,002418.SZ,1.47,1.5,1.45,1.46,1.47,-0.010000000000000009,-0.6803,106189.69,15649.785,1.1074,0.69,1.56,149396.418,1.63,193877.59,1.6862,155552.5308,1.8929,159093.3914,2.0533,215348.2187,2.303,317750.4693,2.5357,351350.5112
20200522,002418.SZ,1.47,1.53,1.46,1.5,1.46,0.040000000000000036,2.7397,105356.38,15719.123,1.0988,0.71,1.52,151096.894,1.599,152624.237,1.65,160904.7138,1.8562,156210.9476,2.023,211641.8097,2.2842,306097.5728,2.5203,349232.4623
20200525,002418.SZ,1.48,1.5,1.47,1.48,1.5,-0.020000000000000018,-1.3333,59182.0,8770.744,0.6172,0.39,1.492,135391.922,1.575,130877.596,1.62,164144.3292,1.8171,153495.5714,1.9877,186360.2883,2.2643,298110.81,2.5021,339700.8907
20200526,002418.SZ,1.48,1.53,1.48,1.51,1.48,0.030000000000000027,2.027,63310.73,9595.277,0.6603,0.47,1.484,107512.306,1.561,121800.069,1.5992,166663.4623,1.7819,149536.8771,1.9573,171606.5973,2.2405,284172.5288,2.4843,327448.5438
20200527,002418.SZ,1.51,1.59,1.51,1.59,1.51,0.08000000000000007,5.298,129085.19,20228.988,1.3462,1.2,1.508,92624.798,1.555,123435.412,1.5823,136755.4069,1.7505,151015.7419,1.9263,160290.8103,2.2155,262871.2637,2.4701,318773.6549
20200528,002418.SZ,1.59,1.66,1.58,1.59,1.59,0.0,0.0,159459.0,25887.126,1.663,1.72,1.534,103278.66,1.547,126337.539,1.5723,127740.8369,1.719,152526.8562,1.897,153712.634,2.1952,249681.0817,2.4584,311096.8605
20200529,002418.SZ,1.56,1.62,1.55,1.59,1.59,0.0,0.0,86587.4,13691.61,0.903,0.84,1.552,99524.864,1.536,125310.879,1.5677,122548.6369,1.6857,145261.7771,1.871,150074.6233,2.1793,242164.2188,2.4482,304685.6323
20200601,002418.SZ,1.59,1.61,1.57,1.58,1.59,-0.010000000000000009,-0.6289,82039.42,13024.698,0.8556,0.82,1.572,104096.348,1.532,119744.135,1.5623,120187.6877,1.6586,137305.7152,1.8433,148091.6847,2.1622,238014.0877,2.4376,299793.1944
20200602,002418.SZ,1.58,1.59,1.56,1.57,1.58,-0.010000000000000009,-0.6329,71768.07,11259.596,0.7485,0.69,1.584,105787.816,1.534,106650.061,1.5546,115674.6369,1.6348,132331.9567,1.816,142110.7737,2.145,233158.1027,2.4258,292886.912
20200603,002418.SZ,1.57,1.62,1.57,1.59,1.57,0.020000000000000018,1.2739,77416.0,12344.852,0.8074,0.73,1.584,95453.978,1.546,94039.388,1.5462,114179.4062,1.6167,134314.7186,1.7917,139172.1803,2.1283,230243.8837,2.4153,288886.687
20200604,002418.SZ,1.61,1.63,1.6,1.62,1.59,0.030000000000000027,1.8868,55523.38,8949.619,0.579,0.58,1.59,74666.854,1.562,88972.757,1.5462,107857.6,1.6048,136145.9748,1.77,135493.3697,2.1118,226410.4853,2.4048,285171.8173
20200605,002418.SZ,1.64,1.7,1.62,1.7,1.62,0.07999999999999985,4.9383,172740.12,29189.562,1.8015,2.31,1.612,91897.398,1.582,95711.131,1.5577,105552.3162,1.601,142916.3614,1.75,137377.877,2.0958,223523.4375,2.3956,283340.662
20200608,002418.SZ,1.72,1.73,1.62,1.62,1.7,-0.07999999999999985,-4.7059,204136.89,33502.396,2.1289,2.22,1.62,116316.892,1.596,110206.62,1.5692,105599.5592,1.5919,127975.7414,1.729,139300.9963,2.0773,219117.056,2.3859,281227.7911
20200609,002418.SZ,1.64,1.7,1.64,1.69,1.62,0.06999999999999984,4.321,246233.24,41519.355,2.5679,2.12,1.644,151209.926,1.614,128498.871,1.5869,116372.14,1.5905,126527.4,1.7103,144241.1367,2.0595,216577.7273,2.3771,280124.1931
20200610,002418.SZ,1.66,1.67,1.61,1.64,1.69,-0.050000000000000044,-2.9586,169662.0,27574.871,1.7694,1.12,1.654,169659.126,1.619,132556.552,1.5977,121318.7262,1.59,127269.1143,1.69,145639.0167,2.0393,210048.9177,2.3676,278975.572
20200611,002418.SZ,1.64,1.65,1.61,1.63,1.64,-0.010000000000000009,-0.6098,63561.03,10346.045,0.6629,0.37,1.656,171266.656,1.623,122966.755,1.6092,121655.5746,1.589,124927.651,1.668,139785.9157,2.0162,196985.7212,2.3579,276746.9303
20200612,002418.SZ,1.63,1.63,1.59,1.62,1.63,-0.009999999999999787,-0.6135,52622.25,8480.058,0.5488,0.31,1.64,147243.082,1.626,119570.24,1.6177,120833.3838,1.5867,121222.1519,1.6503,133236.1,1.9958,186096.3072,2.3477,273049.7462
20200615,002418.SZ,1.64,1.64,1.6,1.6,1.62,-0.020000000000000018,-1.2346,65473.0,10563.95,0.6828,0.44,1.636,119510.304,1.628,117913.598,1.6185,115940.1385,1.5819,119727.8186,1.6347,129544.6333,1.979,178165.7905,2.3378,270823.7166
20200616,002418.SZ,1.6,1.63,1.59,1.62,1.6,0.020000000000000018,1.25,63942.21,10313.524,0.6668,0.54,1.622,83052.098,1.633,117131.012,1.6208,108592.6931,1.5819,116215.2162,1.623,130483.4403,1.9642,173288.932,2.3281,269558.2049
20200617,002418.SZ,1.62,1.62,1.58,1.59,1.62,-0.030000000000000027,-1.8519,66752.17,10636.514,0.6962,0.8,1.612,62470.132,1.633,116064.629,1.6208,107066.9062,1.5838,109741.0905,1.6137,132139.6127,1.9505,170168.6848,2.3182,267856.7897
20200618,002418.SZ,1.59,1.6,1.58,1.59,1.59,0.0,0.0,49798.87,7907.173,0.5193,0.8,1.604,59717.7,1.63,115492.178,1.6215,104586.8638,1.5895,102420.9067,1.6073,132780.8417,1.937,167468.281,2.3079,265589.5913
20200619,002418.SZ,1.59,1.59,1.52,1.53,1.59,-0.06000000000000005,-3.7736,126851.0,19656.425,1.3229,2.12,1.586,74563.45,1.613,110903.266,1.6185,108824.0123,1.5929,103404.7786,1.598,119746.2113,1.9223,166965.1358,2.2968,263032.4361
20200622,002418.SZ,1.53,1.56,1.46,1.54,1.53,0.010000000000000009,0.6536,116878.87,17676.033,1.2189,1.57,1.574,84844.624,1.605,102177.464,1.6146,111859.6177,1.5948,103953.4686,1.592,114420.56,1.91,165716.7837,2.2849,259553.4891
20200623,002418.SZ,1.53,1.61,1.52,1.56,1.54,0.020000000000000018,1.2987,93023.0,14658.721,0.9701,1.1,1.562,90660.782,1.592,86856.44,1.61,114744.2038,1.5986,105564.9448,1.589,112385.1267,1.8973,164784.4432,2.2736,256255.2585
20200624,002418.SZ,1.57,1.57,1.52,1.53,1.56,-0.030000000000000027,-1.9231,53660.0,8243.306,0.5596,0.59,1.55,88042.348,1.581,75256.24,1.5969,105584.1946,1.5995,105105.3862,1.585,110416.068,1.8832,163187.826,2.2628,254405.7252
20200629,002418.SZ,1.54,1.54,1.5,1.53,1.53,0.0,0.0,47504.46,7196.074,0.4954,0.54,1.538,87583.466,1.571,73650.583,1.59,93535.5462,1.5967,101220.5895,1.5803,107651.6257,1.8698,162003.8153,2.2508,250828.5218
20200630,002418.SZ,1.53,1.54,1.51,1.52,1.53,-0.010000000000000009,-0.6536,62780.27,9560.17,0.6547,0.72,1.536,74769.32,1.561,74666.385,1.5769,79423.7792,1.5933,96616.8405,1.5743,106515.8347,1.8567,160972.2027,2.2394,248290.5079
20200701,002418.SZ,1.51,1.53,1.49,1.5,1.52,-0.020000000000000018,-1.3158,85393.75,12819.794,0.8906,1.14,1.528,68472.296,1.551,76658.46,1.5662,72941.6062,1.589,96560.0,1.5703,104772.0643,1.8448,159632.8215,2.228,246795.8475
20200702,002418.SZ,1.5,1.51,1.48,1.5,1.5,0.0,0.0,85698.41,12801.796,0.8937,1.25,1.516,67007.378,1.539,78834.08,1.5562,74644.4815,1.5852,96734.2376,1.5687,100871.7177,1.8343,157674.5945,2.2161,242635.8306
20200703,002418.SZ,1.51,1.51,1.48,1.51,1.5,0.010000000000000009,0.6667,84532.99,12661.47,0.8816,1.26,1.512,73181.976,1.531,80612.162,1.5477,77099.1538,1.5824,97342.091,1.57,96905.393,1.8238,156757.1777,2.2048,240431.0478
20200706,002418.SZ,1.5,1.55,1.5,1.54,1.51,0.030000000000000027,1.9868,142999.97,21884.272,1.4913,1.95,1.514,92281.078,1.526,89932.272,1.5431,83062.7669,1.58,100465.1371,1.5727,98132.4023,1.813,156740.3105,2.1938,240329.5321
20200707,002418.SZ,1.55,1.55,1.51,1.52,1.54,-0.020000000000000018,-1.2987,136188.59,20775.0,1.4203,1.48,1.514,106962.742,1.525,90866.031,1.5354,88620.1808,1.5752,104306.3376,1.5733,99160.1427,1.7982,155400.9762,2.1824,238864.5203
20200708,002418.SZ,1.51,1.53,1.48,1.52,1.52,0.0,0.0,201442.62,30225.878,2.1008,1.88,1.518,130172.516,1.523,99322.406,1.53,98980.9846,1.5667,105673.1233,1.5747,103902.1633,1.7812,145131.2258,2.171,238447.3373
20200709,002418.SZ,1.53,1.57,1.5,1.56,1.52,0.040000000000000036,2.6316,199834.43,30714.159,2.0841,1.54,1.53,152999.72,1.523,110003.549,1.5277,110522.1815,1.5638,105468.2443,1.5763,108452.9533,1.7668,140029.7753,2.1597,237327.5158
20200710,002418.SZ,1.55,1.57,1.53,1.55,1.56,-0.010000000000000009,-0.641,173087.44,26827.076,1.8051,1.13,1.538,170710.61,1.525,121946.293,1.5292,114078.8308,1.5571,101985.111,1.575,109919.695,1.7507,135105.2527,2.1478,236280.9862
20200713,002418.SZ,1.55,1.57,1.53,1.56,1.55,0.010000000000000009,0.6452,209695.99,32441.492,2.1869,1.23,1.542,184049.814,1.528,138165.446,1.5308,121218.6092,1.5533,103891.4914,1.574,111594.2613,1.7355,132653.4477,2.1362,234261.1943
20200714,002418.SZ,1.55,1.63,1.54,1.6,1.56,0.040000000000000036,2.5641,368338.82,58591.5,3.8414,2.0,1.558,230479.86,1.536,168721.301,1.5338,142396.7492,1.5519,118404.7195,1.5743,120985.9753,1.7227,135530.2993,2.1248,235077.5261
20200715,002418.SZ,1.6,1.68,1.59,1.68,1.6,0.07999999999999985,5.0,348932.63,58035.257,3.639,1.51,1.59,259977.862,1.554,195075.189,1.5454,165110.0285,1.5548,132514.7376,1.5777,129882.4157,1.7105,138987.0502,2.1145,236211.1894
20200716,002418.SZ,1.75,1.76,1.6,1.6,1.68,-0.07999999999999985,-4.7619,387492.74,65078.566,4.0411,1.49,1.598,297509.524,1.564,225254.622,1.5508,191262.9731,1.5548,147849.011,1.5787,140406.5713,1.6973,141258.6725,2.1038,237705.3039
20200717,002418.SZ,1.57,1.6,1.52,1.54,1.6,-0.06000000000000005,-3.75,209113.88,32624.269,2.1808,0.7,1.596,304714.812,1.567,237712.711,1.5523,202519.4046,1.551,154761.9476,1.577,144796.5007,1.6843,141984.3405,2.0928,237867.3179
20200720,002418.SZ,1.51,1.56,1.51,1.55,1.54,0.010000000000000009,0.6494,144498.14,22165.024,1.507,0.47,1.594,291675.242,1.568,237862.528,1.5562,207065.8962,1.549,158464.1367,1.5747,147762.326,1.6723,141627.8478,2.0819,237805.9108
20200721,002418.SZ,1.55,1.59,1.54,1.57,1.55,0.020000000000000018,1.2903,127004.05,19750.7,1.3245,0.44,1.588,243408.288,1.573,236944.074,1.5615,210243.2531,1.5481,162140.5738,1.5703,146237.7903,1.6602,141807.8337,2.072,237093.1362
20200722,002418.SZ,1.56,1.57,1.54,1.55,1.57,-0.020000000000000018,-1.2739,98105.37,15195.673,1.0231,0.4,1.562,193242.836,1.576,226610.349,1.5646,211287.2823,1.549,160771.7343,1.568,142703.4063,1.6485,141002.2013,2.0619,236957.8925
20200723,002418.SZ,1.53,1.55,1.5,1.52,1.55,-0.030000000000000027,-1.9355,105369.18,16073.231,1.0989,0.55,1.546,136818.124,1.572,217163.824,1.5631,208392.6062,1.5481,160223.6538,1.5623,138007.9377,1.6363,141124.5372,2.0518,236891.0884
20200724,002418.SZ,1.52,1.56,1.48,1.49,1.52,-0.030000000000000027,-1.9737,112906.66,17067.363,1.1775,0.83,1.536,117576.68,1.566,211145.746,1.5608,206601.6885,1.5448,161170.4948,1.5573,136116.093,1.6237,140877.5548,2.0419,236737.8687
20200727,002418.SZ,1.49,1.52,1.48,1.5,1.49,0.010000000000000009,0.6711,78139.41,11687.13,0.8149,0.66,1.526,104304.934,1.56,197990.088,1.5592,197116.8262,1.5433,162336.181,1.553,136602.039,1.6105,138193.9773,2.0333,234913.3568
20200728,002418.SZ,1.52,1.58,1.5,1.57,1.5,0.07000000000000006,4.6667,171075.54,26438.162,1.7841,1.64,1.526,113119.232,1.557,178263.76,1.56,194904.6038,1.5452,168220.5181,1.5513,140550.482,1.6008,136893.291,2.0256,235125.7958
20200729,002418.SZ,1.65,1.65,1.61,1.65,1.57,0.07999999999999985,5.0955,370220.78,60942.597,3.861,3.27,1.546,167542.314,1.554,180392.575,1.5677,210068.7069,1.5514,182860.5424,1.553,150708.7413,1.5938,140126.6873,2.0207,237982.444
20200730,002418.SZ,1.65,1.65,1.57,1.57,1.65,-0.07999999999999985,-4.8485,328239.57,52674.88,3.4232,1.96,1.556,212116.392,1.551,174467.258,1.5685,219187.4438,1.5548,194424.629,1.5513,159518.6533,1.5872,145001.0468,2.0163,238275.346
20200731,002418.SZ,1.55,1.6,1.53,1.58,1.57,0.010000000000000009,0.6369,173915.09,27124.959,1.8137,0.82,1.574,224318.078,1.555,170947.379,1.5669,204231.7723,1.5586,198625.4233,1.551,163090.7507,1.5823,147615.1817,2.0102,236857.7411
20200803,002418.SZ,1.6,1.64,1.57,1.6,1.58,0.020000000000000018,1.2658,158871.33,25339.253,1.6569,0.71,1.594,240464.462,1.56,172384.698,1.5608,189611.6723,1.5629,202165.3443,1.5513,166726.4993,1.5793,149753.6705,2.0042,236029.3393
20200804,002418.SZ,1.59,1.62,1.58,1.61,1.6,0.010000000000000009,0.625,107778.6,17275.047,1.124,0.45,1.602,227805.074,1.564,170462.153,1.5615,168095.2,1.5662,200488.1362,1.554,166090.7527,1.576,142918.482,1.9987,234988.0203
20200805,002418.SZ,1.61,1.69,1.59,1.68,1.61,0.06999999999999984,4.3478,333153.83,55415.512,3.4744,1.46,1.608,220391.684,1.577,193966.999,1.5723,177636.7346,1.5738,209867.4333,1.5587,173299.918,1.5753,143860.239,1.993,235958.7658
20200806,002418.SZ,1.65,1.68,1.62,1.66,1.68,-0.020000000000000018,-1.1905,189427.37,31244.535,1.9755,0.86,1.626,192629.244,1.591,202372.818,1.5808,181092.8292,1.5805,209295.2786,1.562,176513.397,1.5755,144449.2618,1.9871,235493.5357
20200807,002418.SZ,1.68,1.73,1.65,1.71,1.66,0.050000000000000044,3.012,200196.0,34097.542,2.0878,1.04,1.652,197885.426,1.613,211101.752,1.5915,186722.9792,1.5876,209312.4962,1.568,181397.9303,1.5765,145906.9992,1.9813,235550.8493
20200810,002418.SZ,1.72,1.75,1.66,1.68,1.71,-0.030000000000000027,-1.7544,159412.0,27045.634,1.6625,0.81,1.668,197993.56,1.631,219229.011,1.6015,191438.8738,1.5938,208661.2848,1.573,185128.1817,1.5767,146389.9037,1.9758,235693.2427
20200811,002418.SZ,1.67,1.7,1.62,1.63,1.68,-0.050000000000000044,-2.9762,116291.0,19309.896,1.2128,0.59,1.672,199696.04,1.637,213750.557,1.61,192279.0138,1.5971,204213.4281,1.5767,186911.8727,1.5755,146713.8537,1.9703,235484.5093
20200812,002418.SZ,1.65,1.66,1.61,1.66,1.63,0.030000000000000027,1.8405,103108.0,16843.057,1.0753,0.52,1.668,153686.874,1.638,187039.279,1.6231,191525.2708,1.6,191583.389,1.582,187502.3477,1.5762,146137.206,1.9645,234945.0093
20200813,002418.SZ,1.66,1.73,1.64,1.7,1.66,0.040000000000000036,2.4096,178120.0,30229.679,1.8576,1.16,1.676,151425.4,1.651,172027.322,1.6385,199216.0854,1.601,183449.4543,1.5887,190583.0673,1.5787,145727.3925,1.9586,234801.9833
20200814,002418.SZ,1.69,1.71,1.67,1.68,1.7,-0.020000000000000018,-1.1765,91274.23,15360.239,0.9519,0.6,1.67,129641.046,1.661,163763.236,1.6469,193077.5231,1.6048,169343.811,1.5943,190807.7753,1.5822,143856.5842,1.9525,233633.7683
20200817,002418.SZ,1.67,1.72,1.66,1.69,1.68,0.010000000000000009,0.5952,129729.04,21821.153,1.3529,1.0,1.672,123704.454,1.67,160849.007,1.65,174578.1585,1.6119,165563.5805,1.5993,190365.411,1.586,144248.9067,1.9445,230999.688
20200818,002418.SZ,1.7,1.7,1.66,1.67,1.69,-0.020000000000000018,-1.1834,149108.0,25063.959,1.555,1.21,1.68,130267.854,1.676,164981.947,1.6577,160798.8069,1.6176,165783.0976,1.6043,190796.058,1.5888,144978.1003,1.9365,225537.8366
20200819,002418.SZ,1.66,1.67,1.62,1.63,1.67,-0.040000000000000036,-2.3952,131417.0,21577.162,1.3705,1.01,1.674,135929.654,1.671,144808.264,1.6615,157529.7231,1.6205,165993.2381,1.608,188461.8707,1.5913,146182.017,1.9278,222146.4135
20200820,002418.SZ,1.64,1.7,1.63,1.66,1.63,0.030000000000000027,1.8405,151375.29,25168.749,1.5787,1.11,1.666,130580.712,1.671,141003.056,1.6662,156953.1046,1.6257,168529.901,1.6113,186846.566,1.5938,147649.7597,1.9172,215911.1443
20200821,002418.SZ,1.67,1.67,1.64,1.65,1.66,-0.010000000000000009,-0.6024,100776.09,16685.994,1.051,0.77,1.66,132481.084,1.665,131061.065,1.6692,156414.45,1.6319,168311.1824,1.6147,184436.1877,1.5948,147177.9413,1.9052,205024.6025
20200824,002418.SZ,1.64,1.73,1.6,1.71,1.65,0.06000000000000005,3.6364,346038.17,57914.978,3.6088,2.61,1.664,175742.91,1.668,149723.682,1.6715,157405.5531,1.6424,179412.6829,1.6197,188980.927,1.5968,150287.5942,1.896,199984.3379
20200825,002418.SZ,1.69,1.71,1.68,1.68,1.71,-0.030000000000000027,-1.7544,140058.0,23734.89,1.4607,0.8,1.666,173932.91,1.673,152100.382,1.6731,153607.9092,1.651,182361.1871,1.6223,181371.5663,1.5983,151178.7708,1.8888,196671.4948
20200826,002418.SZ,1.67,1.73,1.66,1.71,1.68,0.030000000000000027,1.7857,186384.04,31658.719,1.9438,1.07,1.682,184926.318,1.678,160427.986,1.6731,152545.4508,1.6576,183090.1633,1.6233,175953.28,1.6005,152917.8478,1.8813,195465.9677
20200827,002418.SZ,1.71,1.76,1.69,1.75,1.71,0.040000000000000036,2.3392,226136.32,39024.393,1.9908,1.22,1.7,199878.524,1.683,165229.618,1.6785,157678.0908,1.6624,176228.9986,1.6283,170574.7327,1.6035,155490.652,1.8743,194324.3773
20200828,002418.SZ,1.76,1.84,1.75,1.84,1.75,0.09000000000000008,5.1429,398642.64,72912.598,3.5094,1.99,1.738,259451.834,1.699,195966.459,1.6946,179397.4477,1.6752,179581.5257,1.6383,176892.358,1.6077,160844.4293,1.868,195544.1565
20200831,002418.SZ,1.81,1.83,1.75,1.75,1.84,-0.09000000000000008,-4.8913,375358.2,67031.938,3.3044,1.45,1.746,265315.84,1.705,220529.375,1.7015,200339.7708,1.6833,189174.0548,1.645,184587.6933,1.6098,166175.0097,1.8608,196292.7475
20200901,002418.SZ,1.74,1.84,1.74,1.82,1.75,0.07000000000000006,4.0,382016.43,69607.124,3.363,1.44,1.774,313707.526,1.72,243820.218,1.7108,216024.1115,1.6938,199800.0119,1.6533,193088.106,1.6118,169662.9482,1.8538,196593.1928
20200902,002418.SZ,1.79,1.91,1.77,1.91,1.82,0.08999999999999986,4.9451,423233.29,79071.006,3.7259,1.35,1.814,361077.376,1.748,273001.847,1.7285,241559.4238,1.7081,214821.6638,1.6653,203925.7033,1.6167,173314.5548,1.847,196215.8054
20200903,002418.SZ,1.9,2.01,1.87,2.01,1.91,0.09999999999999987,5.2356,276742.63,54212.461,2.4363,0.77,1.866,371198.638,1.783,285538.581,1.7531,252868.1615,1.7238,212135.4162,1.6817,209638.1517,1.622,173823.0447,1.8408,195200.386
20200904,002418.SZ,2.05,2.1,1.96,1.97,2.01,-0.039999999999999813,-1.99,438199.06,88865.031,3.8576,1.18,1.892,379109.922,1.815,319280.878,1.7762,275105.9354,1.7386,223981.6871,1.6977,220481.2317,1.6275,178298.6623,1.8334,194173.79
20200907,002418.SZ,1.97,2.02,1.87,1.89,1.97,-0.08000000000000007,-4.0609,308045.0,59619.949,2.7118,0.81,1.92,365647.282,1.833,315481.561,1.7962,288692.7046,1.7471,229117.3538,1.7107,228144.7513,1.6318,182373.3952,1.824,189679.5582
20200908,002418.SZ,1.88,1.98,1.87,1.98,1.89,0.09000000000000008,4.7619,249486.3,48901.151,2.1963,0.68,1.952,339141.256,1.863,326424.391,1.8208,296239.7054,1.7614,233406.6062,1.7243,230758.4433,1.6378,185654.4627,1.8168,185875.3849
20200909,002418.SZ,2.01,2.08,1.98,2.08,1.98,0.10000000000000009,5.0505,376132.0,77058.109,3.3112,1.11,1.986,329720.998,1.9,345399.187,1.8538,317420.9292,1.7829,245779.9871,1.7387,230955.484,1.6458,190832.1127,1.8124,184498.9516
20200910,002418.SZ,2.08,2.18,2.04,2.07,2.08,-0.010000000000000231,-0.4808,374514.09,79817.652,3.297,1.14,1.998,349275.29,1.932,360236.964,1.8815,319611.3846,1.8024,258704.0867,1.7553,232497.968,1.6533,196008.3107,1.8088,184648.6213
20200911,002418.SZ,2.0,2.08,1.99,2.04,2.07,-0.029999999999999805,-1.4493,150871.0,30556.593,1.3282,0.43,2.012,291809.678,1.952,335459.8,1.9092,320443.1538,1.8186,257406.5152,1.7707,231729.8317,1.6608,197410.2912,1.8057,183789.488
20200914,002418.SZ,2.05,2.1,1.99,2.01,2.04,-0.03000000000000025,-1.4706,131282.0,26713.419,1.1557,0.45,2.036,256457.078,1.978,311052.18,1.9323,316204.5354,1.8343,259311.6471,1.7843,230810.1873,1.6678,198768.3433,1.8024,183118.3122
20200915,002418.SZ,2.01,2.01,1.91,1.91,2.01,-0.09999999999999987,-4.9751,224458.0,43558.207,1.976,0.88,2.022,251451.418,1.987,295296.337,1.9446,316075.4338,1.8448,263822.55,1.7943,234699.5007,1.6742,200395.1267,1.7983,183680.1312
20200916,002418.SZ,1.91,1.99,1.87,1.96,1.91,0.050000000000000044,2.6178,109013.0,21236.98,0.9597,0.43,1.998,198027.618,1.992,263874.308,1.9538,293796.2308,1.8586,261913.2643,1.8037,227228.1397,1.6812,200264.0288,1.7956,182990.4062
20200917,002418.SZ,1.95,1.96,1.9,1.95,1.96,-0.010000000000000009,-0.5102,88094.0,17030.095,0.7755,0.44,1.974,140743.6,1.986,245009.445,1.9692,271698.9846,1.8738,259850.2643,1.8133,223850.3607,1.6877,200181.8788,1.7925,182483.161
20200918,002418.SZ,1.95,1.98,1.93,1.98,1.95,0.030000000000000027,1.5385,57068.0,11161.168,0.4943,0.4,1.962,121983.0,1.987,206896.339,1.9815,246702.9515,1.889,255359.441,1.8223,219079.4273,1.6952,200238.6788,1.7892,181713.2524
20200921,002418.SZ,1.97,2.01,1.97,1.98,1.98,0.0,0.0,50804.0,10078.535,0.4472,0.42,1.956,105887.4,1.996,181172.239,1.9869,218054.5446,1.9048,252979.8176,1.8323,215459.1607,1.7027,200293.6712,1.7862,181148.7432
20200922,002418.SZ,1.99,2.08,1.99,2.01,1.98,0.029999999999999805,1.5152,130737.0,26578.708,1.1509,1.23,1.976,87143.2,1.999,169297.309,1.9869,206823.3423,1.919,242727.381,1.845,215940.694,1.7108,201426.2833,1.7837,181199.243
20200923,002418.SZ,2.01,2.06,2.01,2.03,2.01,0.020000000000000018,0.995,76217.0,15542.3,0.671,0.87,1.99,80584.0,1.994,139305.809,1.9915,178978.5685,1.9357,239687.3333,1.8573,215044.3273,1.7197,201273.3375,1.7822,180453.0795
20200924,002418.SZ,2.03,2.08,1.97,1.97,2.03,-0.05999999999999983,-2.9557,111415.0,22427.073,0.9808,1.38,1.994,85248.2,1.984,112995.9,1.9977,163853.1838,1.9481,236117.379,1.8663,212820.8273,1.7275,201701.9473,1.7809,179688.2709
20200925,002418.SZ,1.97,1.99,1.89,1.92,1.97,-0.050000000000000044,-2.5381,108715.06,20907.158,0.9571,1.28,1.982,95577.612,1.972,108780.306,1.9931,153024.6269,1.9562,230525.8905,1.8743,213402.1883,1.7343,202104.9818,1.7791,179431.0797
20200928,002418.SZ,1.91,1.93,1.84,1.86,1.92,-0.05999999999999983,-3.125,66280.0,12493.175,0.5835,0.69,1.958,98672.812,1.957,102280.106,1.9762,129189.8577,1.9571,214699.0981,1.88,211287.2203,1.7397,200826.3157,1.7763,178783.3131
20200929,002418.SZ,1.84,1.89,1.8,1.8,1.86,-0.06000000000000005,-3.2258,85448.0,15684.495,0.7522,0.87,1.916,89615.012,1.946,88379.106,1.9554,106954.0046,1.9595,200893.8505,1.8843,209165.2203,1.7443,199980.6392,1.7712,177690.8077
20200930,002418.SZ,1.8,1.84,1.71,1.78,1.8,-0.020000000000000018,-1.1111,176297.0,30969.532,1.552,1.97,1.866,109631.012,1.928,95107.506,1.9354,108909.8508,1.9576,191097.6871,1.8893,210661.2203,1.7487,199561.5455,1.7649,172346.3857
20201009,002418.SZ,1.78,1.84,1.77,1.83,1.78,0.050000000000000044,2.809,81988.0,14827.417,0.7218,0.75,1.838,103745.612,1.916,94496.906,1.9215,105118.0046,1.9538,174847.9114,1.895,208348.3107,1.7532,197597.4383,1.76,168813.6068
20201012,002418.SZ,1.83,1.9,1.83,1.88,1.83,0.04999999999999982,2.7322,70686.0,13281.753,0.6223,0.68,1.83,96139.8,1.906,95858.706,1.9192,93289.3892,1.9476,165035.691,1.9027,207345.3077,1.7587,195890.7477,1.7547,165498.0002
20201013,002418.SZ,1.87,1.94,1.86,1.9,1.88,0.020000000000000018,1.0638,65814.52,12520.449,0.5794,0.68,1.838,96046.704,1.898,97359.758,1.9146,89966.4292,1.9443,147303.0938,1.909,198004.5193,1.7643,193492.7232,1.7499,163073.0854
20201014,002418.SZ,1.89,1.94,1.86,1.88,1.9,-0.020000000000000018,-1.0526,47548.0,8941.34,0.4186,0.5,1.854,88466.704,1.885,89040.858,1.9092,86847.5062,1.9438,134898.4748,1.9157,194920.8527,1.769,188146.2095,1.7458,161838.2544
20201015,002418.SZ,1.89,1.89,1.82,1.82,1.88,-0.05999999999999983,-3.1915,59279.14,10947.796,0.5219,0.67,1.862,65063.132,1.864,87347.072,1.8969,87017.5938,1.9362,125840.991,1.9193,190684.0227,1.7713,183318.6513,1.7409,161152.8507
20201016,002418.SZ,1.81,1.84,1.78,1.83,1.82,0.010000000000000009,0.5495,44127.0,7989.248,0.3885,0.68,1.862,57490.932,1.85,80618.272,1.8854,86503.9785,1.9243,110031.229,1.922,184617.0453,1.7752,177595.889,1.7363,159427.2807
20201019,002418.SZ,1.83,1.85,1.79,1.8,1.83,-0.030000000000000027,-1.6393,46904.0,8552.835,0.4129,0.82,1.846,52734.532,1.838,74437.166,1.8692,80055.2862,1.9114,94430.7486,1.9207,172892.424,1.7795,174892.391,1.7319,158438.3657
20201020,002418.SZ,1.81,1.82,1.77,1.79,1.8,-0.010000000000000009,-0.5556,51583.55,9224.047,0.4541,0.98,1.824,49888.338,1.831,72967.521,1.8508,78160.4054,1.8995,89702.7748,1.922,162099.9357,1.7835,173343.8145,1.7279,157485.8312
20201021,002418.SZ,1.78,1.83,1.77,1.83,1.79,0.040000000000000036,2.2346,55219.23,9897.813,0.4861,1.11,1.814,51422.584,1.834,69944.644,1.84,73837.6538,1.891,86080.7381,1.9223,151206.6957,1.7878,172147.4008,1.724,156977.6172
20201022,002418.SZ,1.81,1.85,1.8,1.83,1.83,0.0,0.0,36243.51,6629.556,0.3191,0.7,1.816,46815.458,1.839,55939.295,1.8331,68262.9192,1.8871,77118.1433,1.9197,138307.0363,1.7925,171116.3698,1.7205,156059.2856
20201023,002418.SZ,1.83,1.92,1.83,1.88,1.83,0.04999999999999982,2.7322,169503.0,32330.995,1.4922,3.62,1.826,71890.658,1.844,64690.795,1.8346,76203.15,1.8833,79998.6195,1.9153,134732.382,1.7985,172185.2668,1.7174,156654.902
20201026,002418.SZ,1.87,1.97,1.84,1.95,1.88,0.07000000000000006,3.7234,152503.03,29452.498,1.3425,2.12,1.856,93010.464,1.851,72872.498,1.8462,81361.2292,1.8833,83065.7162,1.9147,125209.181,1.8062,172845.2063,1.7149,156861.3806
20201027,002418.SZ,1.93,2.0,1.93,1.96,1.95,0.010000000000000009,0.5128,106756.17,21015.967,0.9398,1.15,1.89,104044.988,1.857,76966.663,1.86,76011.9346,1.8824,85431.8195,1.917,118499.5533,1.8138,173322.1523,1.7122,155758.0648
20201028,002418.SZ,1.94,1.97,1.92,1.96,1.96,0.0,0.0,53164.0,10340.073,0.468,0.51,1.916,103633.942,1.865,77528.263,1.87,73794.7038,1.8814,85544.2005,1.9163,111955.4767,1.8203,171356.96,1.7106,154125.1255
20201029,002418.SZ,1.95,1.97,1.92,1.96,1.96,0.0,0.0,46800.0,9135.113,0.412,0.45,1.942,105745.24,1.879,76280.349,1.8762,71957.3192,1.879,81547.2005,1.9123,100977.7433,1.8255,165966.6137,1.7097,153046.6505
20201030,002418.SZ,2.0,2.02,1.89,1.9,1.96,-0.06000000000000005,-3.0612,83810.0,16277.832,0.7378,0.79,1.946,88606.64,1.886,80248.649,1.8762,73341.5869,1.8729,81908.7719,1.9067,91287.607,1.831,161892.7875,1.7091,153446.9172
20201102,002418.SZ,1.89,1.91,1.81,1.85,1.9,-0.04999999999999982,-2.6316,108543.0,19982.726,0.9555,1.22,1.926,79814.634,1.891,86412.549,1.8738,78033.51,1.8671,81772.01,1.9003,89876.6737,1.8355,160803.2527,1.7089,154209.2172
20201103,002418.SZ,1.85,1.89,1.84,1.87,1.85,0.020000000000000018,1.0811,35320.0,6585.704,0.3109,0.44,1.908,65527.4,1.899,84786.194,1.8777,76190.4992,1.8648,78277.0071,1.8957,86677.9403,1.84,158744.0638,1.7097,154248.8672
20201104,002418.SZ,1.87,1.87,1.81,1.83,1.87,-0.040000000000000036,-2.139,67861.0,12446.993,0.5974,1.04,1.882,68466.8,1.899,86050.371,1.8777,78016.1915,1.8633,78352.2929,1.893,81458.0403,1.8437,158078.7705,1.7098,150498.6263
20201105,002418.SZ,1.85,1.91,1.83,1.89,1.83,0.05999999999999983,3.2787,79060.0,14935.579,0.696,1.15,1.868,74918.8,1.905,90332.02,1.8846,80489.73,1.8676,78048.1024,1.8907,80459.607,1.8472,153843.8733,1.7113,148852.0562
20201106,002418.SZ,1.91,1.96,1.88,1.92,1.89,0.030000000000000027,1.5873,77140.0,14719.783,0.6791,1.03,1.872,73584.8,1.909,81095.72,1.8946,82455.6108,1.8743,73326.3405,1.8897,80094.4737,1.8515,151972.4172,1.7135,148210.8395
20201109,002418.SZ,1.92,2.01,1.91,1.98,1.92,0.06000000000000005,3.125,98120.0,19290.385,0.8638,1.33,1.898,71500.2,1.912,75657.417,1.9062,85755.67,1.8814,74094.531,1.8897,81462.8737,1.856,150271.1505,1.7163,148089.0748
20201110,002418.SZ,1.97,1.99,1.93,1.94,1.98,-0.040000000000000036,-2.0202,52927.0,10360.827,0.4659,0.74,1.912,75021.6,1.91,70274.5,1.9146,87039.0154,1.8843,73248.8643,1.8883,81533.6403,1.8603,148496.4005,1.7185,147443.1521
20201111,002418.SZ,1.93,1.98,1.93,1.96,1.94,0.020000000000000018,1.0309,52813.0,10353.908,0.4649,0.7,1.938,72012.0,1.91,70239.4,1.9208,78062.8615,1.8871,72629.7443,1.8867,78936.1737,1.8658,147438.4338,1.7207,147076.1437
20201112,002418.SZ,1.95,1.98,1.94,1.96,1.96,0.0,0.0,40575.0,7939.447,0.3572,0.56,1.952,64315.0,1.91,69616.9,1.9215,69453.0131,1.891,72297.6967,1.8843,77748.107,1.8708,146396.2172,1.7235,146266.7116
20201113,002418.SZ,1.97,2.03,1.96,2.0,1.96,0.040000000000000036,2.0408,96389.81,19295.841,0.8486,1.5,1.968,68164.962,1.92,70874.881,1.9246,68655.6008,1.8995,74064.8714,1.8853,77247.2673,1.8758,145034.0473,1.7273,145380.7199
20201116,002418.SZ,2.01,2.06,2.0,2.05,2.0,0.04999999999999982,2.5,83778.41,17093.432,0.7375,1.23,1.982,65296.644,1.94,68398.422,1.9315,71010.5554,1.91,75953.0338,1.8897,76416.0457,1.882,144909.117,1.7321,144382.8506
20201117,002418.SZ,2.1,2.1,1.95,1.96,2.05,-0.08999999999999986,-4.3902,121395.0,24318.128,1.0687,1.86,1.986,78990.244,1.949,77005.922,1.9315,76748.6323,1.9176,79500.2243,1.893,78253.2123,1.8865,144770.2163,1.7363,144509.5615
20201118,002418.SZ,1.97,1.99,1.95,1.97,1.96,0.010000000000000009,0.5102,45412.0,8934.46,0.3998,0.57,1.988,77510.044,1.963,74761.022,1.9369,73794.94,1.9262,79206.341,1.8987,76918.679,1.8915,143041.9497,1.7402,144010.025
20201119,002418.SZ,1.96,1.97,1.93,1.94,1.97,-0.030000000000000027,-1.5228,49927.8,9724.199,0.4395,0.64,1.984,79380.604,1.968,71847.802,1.9438,69286.0785,1.9314,78954.3681,1.904,72706.3723,1.8967,141683.7963,1.744,143932.9067
20201120,002418.SZ,1.94,1.96,1.93,1.95,1.94,0.010000000000000009,0.5155,43778.0,8519.967,0.3854,0.55,1.974,68858.242,1.971,68511.602,1.95,69936.6938,1.9371,79313.1533,1.908,71432.7057,1.9015,139890.5082,1.7477,143770.1339
20201123,002418.SZ,1.97,2.0,1.91,1.94,1.95,-0.010000000000000009,-0.5128,86070.0,16841.231,0.7577,1.25,1.952,69316.56,1.967,67306.602,1.9585,71337.3862,1.94,75340.1533,1.91,71945.5057,1.9063,139645.4067,1.7506,143411.674
20201124,002418.SZ,1.93,1.95,1.92,1.94,1.94,0.0,0.0,74708.0,14440.161,0.6577,1.08,1.948,59979.16,1.967,69484.702,1.9623,71002.6169,1.9395,71635.6281,1.9113,72241.955,1.9102,135123.2372,1.7535,142705.4157
20201125,002418.SZ,1.94,1.94,1.91,1.92,1.94,-0.020000000000000018,-1.0309,86408.0,16614.551,0.7607,1.44,1.938,68178.36,1.963,72844.202,1.9623,71715.54,1.9376,70666.6676,1.9127,73537.2883,1.9142,134229.0705,1.7563,142703.9207
20201126,002418.SZ,1.91,1.92,1.86,1.87,1.92,-0.04999999999999982,-2.6042,100186.0,18843.575,0.882,1.47,1.924,78230.0,1.954,78805.302,1.9538,71874.4631,1.9333,72905.8105,1.9143,74900.8503,1.9168,132792.4365,1.7587,142855.1422
20201127,002418.SZ,1.87,1.88,1.81,1.84,1.87,-0.030000000000000027,-1.6043,100632.0,18465.121,0.8859,1.29,1.902,89600.8,1.938,79229.521,1.9462,75544.0785,1.9276,75469.239,1.9147,76784.3503,1.9183,130700.6978,1.7609,143095.6749
20201130,002418.SZ,1.83,1.89,1.82,1.87,1.84,0.030000000000000027,1.6304,68885.0,12813.274,0.6064,0.77,1.888,86163.8,1.92,77740.18,1.9392,76780.3862,1.9262,74758.5248,1.917,77517.0503,1.9188,125204.7372,1.7633,143024.5832
