trade_date,ts_code,open,high,low,close,pre_close,change,pct_chg,vol,amount,turnover_rate,volume_ratio,ma5,ma_v_5,ma10,ma_v_10,ma13,ma_v_13,ma21,ma_v_21,ma30,ma_v_30,ma60,ma_v_60,ma120,ma_v_120
20110810,002607.SZ,3.6386,4.1067,3.5804,3.903,2.7107,1.1923,43.9849,161270.98,496659.1799,91.5272,,,,,,,,,,,,,,,
20110811,002607.SZ,3.7829,4.0752,3.6992,3.9782,3.903,0.07520000000000016,1.9267,116300.59,372475.7015,66.0049,,,,,,,,,,,,,,,
20110812,002607.SZ,3.8981,3.9478,3.7975,3.8217,3.9782,-0.1565000000000003,-3.9339,73108.25,233527.6369,41.4916,,,,,,,,,,,,,,,
20110815,002607.SZ,3.8569,3.9782,3.7853,3.8557,3.8217,0.03400000000000025,0.8897,55642.79,178210.3276,31.5793,,,,,,,,,,,,,,,
20110816,002607.SZ,3.9272,4.1407,3.9187,4.0534,3.8557,0.19769999999999976,5.1275,79850.92,266849.7,45.3183,,3.9224,97234.706,,,,,,,,,,,,
20110817,002607.SZ,4.0995,4.2195,4.0631,4.1019,4.0534,0.048499999999999766,1.1965,59049.7,200732.1483,33.5129,0.61,3.9622,76790.45,,,,,,,,,,,,
20110818,002607.SZ,4.1055,4.1831,4.0158,4.154,4.1019,0.05210000000000026,1.2701,48463.24,164138.5376,27.5047,0.63,3.9973,63222.98,,,,,,,,,,,,
20110819,002607.SZ,4.0243,4.0982,3.8666,3.9115,4.154,-0.24249999999999972,-5.8377,36442.76,119494.9967,20.6826,0.58,4.0153,55889.882,,,,,,,,,,,,
20110822,002607.SZ,3.886,3.9964,3.8824,3.9212,3.9115,0.009699999999999598,0.248,26344.47,85380.5483,14.9515,0.47,4.0284,50030.218,,,,,,,,,,,,
20110823,002607.SZ,3.9078,4.097,3.8217,4.0691,3.9212,0.14789999999999992,3.7718,40191.43,130522.5584,22.8101,0.8,4.0315,42098.32,3.977,69666.513,,,,,,,,,,
20110824,002607.SZ,4.0327,4.1662,4.0303,4.0424,4.0691,-0.026699999999999946,-0.6562,46329.11,156841.6024,26.2935,1.1,4.0196,39554.202,3.9909,58172.326,,,,,,,,,,
20110825,002607.SZ,4.0849,4.0934,3.8727,4.0315,4.0424,-0.010899999999999466,-0.2696,36374.79,119191.1194,20.644,0.92,3.9951,37136.512,3.9962,50179.746,,,,,,,,,,
20110826,002607.SZ,4.0146,4.2329,4.0049,4.1383,4.0315,0.10679999999999978,2.6491,49683.22,169714.3287,28.1971,1.34,4.0405,39784.604,4.0279,47837.243,3.9986,63773.25,,,,,,,,
20110829,002607.SZ,4.1904,4.3044,4.1237,4.1249,4.1383,-0.013399999999999856,-0.3238,39562.89,137582.9131,22.4534,0.99,4.0812,42428.288,4.0548,46229.253,4.0157,54411.0892,,,,,,,,
20110830,002607.SZ,4.0643,4.0982,3.9867,3.9867,4.1249,-0.13820000000000032,-3.3504,32570.51,108595.1191,18.485,0.77,4.0648,40904.104,4.0482,41501.212,4.0163,47970.3138,,,,,,,,
20110831,002607.SZ,3.9478,3.9854,3.8241,3.8811,3.9867,-0.10559999999999992,-2.6488,23263.56,74680.3383,13.2029,0.57,4.0325,36290.994,4.0261,37922.598,4.0209,44136.1069,,,,,,,,
20110901,002607.SZ,3.8945,3.9151,3.7356,3.7865,3.8811,-0.0945999999999998,-2.4375,22206.14,70068.5199,12.6028,0.61,3.9835,33457.264,3.9893,35296.888,4.0156,41564.0569,,,,,,,,
20110902,002607.SZ,3.7623,3.8072,3.715,3.7732,3.7865,-0.01330000000000009,-0.3512,13896.12,43000.0185,7.8866,0.42,3.9105,26299.844,3.9755,33042.224,3.994,36490.6108,,,,,,,,
20110905,002607.SZ,3.7126,3.8181,3.6531,3.7356,3.7732,-0.0376000000000003,-0.9965,13483.77,41705.3259,7.6525,0.51,3.8326,21084.02,3.9569,31756.154,3.9658,32985.5392,,,,,,,,
20110906,002607.SZ,3.6822,3.7708,3.6022,3.6665,3.7356,-0.06909999999999972,-1.8498,14689.99,44651.9636,8.3371,0.7,3.7686,17507.916,3.9167,29206.01,3.9283,30387.5969,,,,,,,,
20110907,002607.SZ,3.675,3.7793,3.641,3.7538,3.6665,0.08729999999999993,2.381,13608.06,41798.7514,7.7231,0.78,3.7431,15576.816,3.8878,25933.905,3.9162,28631.0815,3.9376,47730.1567,,,,,,
20110908,002607.SZ,3.7708,3.9854,3.7708,3.8411,3.7538,0.08729999999999993,2.3256,34054.04,108746.0596,19.3269,2.19,3.754,17946.396,3.8688,25701.83,3.9101,29224.1254,3.9347,41672.2071,,,,,,
20110909,002607.SZ,3.869,3.9782,3.772,3.7987,3.8411,-0.04239999999999977,-1.1039,16598.94,52876.1775,9.4205,0.92,3.7591,18486.96,3.8348,22393.402,3.8893,27409.3185,3.9261,36924.5095,,,,,,
20110913,002607.SZ,3.7332,3.7332,3.6264,3.6386,3.7987,-0.16010000000000035,-4.2146,9784.27,29566.3683,5.5529,0.53,3.7397,17747.06,3.7862,19415.54,3.8582,24598.1769,3.9174,33909.0819,,,,,,
20110914,002607.SZ,3.6616,3.6931,3.5682,3.6931,3.6386,0.05449999999999999,1.4978,9553.79,28587.1827,5.4221,0.54,3.7451,16719.82,3.7568,17113.868,3.8322,22535.0231,3.9097,31714.3676,,,,,,
20110915,002607.SZ,3.6847,3.7938,3.6483,3.7429,3.6931,0.04980000000000029,1.3485,11442.46,35312.8209,6.494,0.68,3.7429,16286.7,3.743,15931.758,3.8017,19593.4262,3.8949,28456.8219,,,,,,
20110916,002607.SZ,3.7708,3.7878,3.624,3.6277,3.7429,-0.11520000000000019,-3.0778,9081.45,27683.4876,5.1541,0.56,3.7002,11292.182,3.7271,14619.289,3.7635,17248.7,3.8723,26077.3814,,,,,,
20110919,002607.SZ,3.5779,3.601,3.4542,3.5052,3.6277,-0.12250000000000005,-3.3768,11497.96,33119.3726,6.5255,1.02,3.6415,10271.986,3.7003,14379.473,3.7265,15627.7346,3.8414,24317.13,,,,,,
20110920,002607.SZ,3.5415,3.6628,3.4833,3.6422,3.5052,0.137,3.9085,11077.65,32698.3446,6.287,1.08,3.6422,10530.662,3.691,14138.861,3.7081,14690.3569,3.8286,23109.2676,,,,,,
20110921,002607.SZ,3.6386,3.7756,3.5961,3.7053,3.6422,0.06309999999999993,1.7325,8999.5,27546.1099,5.1075,0.85,3.6447,10419.804,3.6949,13569.812,3.7018,13674.4615,3.8183,22283.3167,3.8628,37480.7783,,,,
20110922,002607.SZ,3.6992,3.7235,3.5003,3.5209,3.7053,-0.18439999999999968,-4.9767,6414.3,19183.3003,3.6404,0.62,3.6003,9414.172,3.6716,12850.436,3.6824,13098.9369,3.7922,20674.8819,3.8501,32318.889,,,,
20110923,002607.SZ,3.4809,3.6022,3.4106,3.5901,3.5209,0.06919999999999993,1.9654,6155.84,17822.185,3.4937,0.65,3.5927,8829.05,3.6465,10060.616,3.6712,12535.25,3.7707,18761.869,3.8372,28647.3973,,,,
20110927,002607.SZ,3.6022,3.6386,3.5039,3.5864,3.5901,-0.0037000000000002586,-0.1031,4773.79,14079.9158,2.7093,0.54,3.609,7484.216,3.6252,8878.101,3.6651,11772.4654,3.7495,17257.0595,3.8293,26369.582,,,,
20110928,002607.SZ,3.5864,3.5998,3.5367,3.5367,3.5864,-0.04969999999999963,-1.3858,4447.98,13113.853,2.5244,0.59,3.5879,6158.282,3.6151,8344.472,3.6484,11067.8438,3.7208,15103.0005,3.8187,24663.0883,,,,
20110929,002607.SZ,3.5197,3.6871,3.4336,3.6386,3.5367,0.10189999999999966,2.8812,10025.12,29790.5458,5.6896,1.63,3.5745,6363.406,3.6096,8391.605,3.6328,9219.4654,3.6977,13696.44,3.8049,22335.5617,,,,
20110930,002607.SZ,3.6386,3.6386,3.5658,3.6022,3.6386,-0.03639999999999999,-1.0004,2227.0,6607.5878,1.2639,0.35,3.5908,5525.946,3.5955,7470.059,3.6177,8113.9315,3.6794,12251.511,3.7882,20441.4717,,,,
20111010,002607.SZ,3.6628,3.6847,3.5306,3.5767,3.6022,-0.025499999999999634,-0.7079,3216.6,9475.9034,1.8255,0.58,3.5881,4938.098,3.5904,6883.574,3.6129,7608.7262,3.6649,11296.8938,3.769,18933.2503,,,,
20111011,002607.SZ,3.6386,3.7113,3.5804,3.5961,3.5767,0.01939999999999964,0.5424,8311.7,24997.2494,4.7172,1.68,3.5901,5645.68,3.5995,6564.948,3.6055,7513.1808,3.6558,10635.2538,3.7584,17995.5483,,,,
20111012,002607.SZ,3.5961,3.7089,3.4833,3.7053,3.5961,0.10919999999999996,3.0366,7009.41,21049.4039,3.9781,1.24,3.6238,6157.966,3.6058,6158.124,3.6026,7172.1769,3.6526,10307.3152,3.7512,17351.0463,,,,
20111013,002607.SZ,3.6871,3.7356,3.6519,3.675,3.7053,-0.030299999999999994,-0.8177,6513.67,19823.7427,3.6967,1.06,3.6311,5455.676,3.6028,5909.541,3.6062,6974.6554,3.6497,9975.4057,3.7381,16228.4543,,,,
20111014,002607.SZ,3.6483,3.8387,3.6483,3.8253,3.675,0.1503000000000001,4.0898,12001.87,37267.5916,6.8115,2.2,3.6757,7410.65,3.6332,6468.298,3.6308,7013.4177,3.6572,9847.4,3.7309,15084.213,,,,
20111017,002607.SZ,3.8059,3.9539,3.7793,3.8872,3.8253,0.061900000000000066,1.6182,14246.76,45744.7824,8.0856,1.92,3.7378,9616.682,3.663,7277.39,3.6497,7257.1954,3.6636,9877.8143,3.7261,14346.612,,,,
20111018,002607.SZ,3.8326,3.8981,3.7829,3.7853,3.8872,-0.1019000000000001,-2.6214,7295.48,23035.4335,4.1405,0.76,3.7756,9413.438,3.6828,7529.559,3.6558,7126.1169,3.6609,8603.5971,3.7143,12933.6873,,,,
20111019,002607.SZ,3.8023,3.8763,3.7041,3.8084,3.7853,0.0230999999999999,0.6103,5453.15,17084.2996,3.0949,0.58,3.7962,9102.186,3.71,7630.076,3.6779,7052.1823,3.6614,8072.8452,3.7037,11796.696,,,,
20111020,002607.SZ,3.7865,3.8084,3.5779,3.6325,3.8084,-0.17589999999999995,-4.6187,5681.98,17111.737,3.2247,0.62,3.7877,8935.848,3.7094,7195.762,3.6812,7015.7315,3.6611,7877.4981,3.6919,10900.4117,,,,
20111021,002607.SZ,3.584,3.7089,3.5634,3.6143,3.6325,-0.018199999999999772,-0.501,3923.4,11675.7366,2.2267,0.44,3.7455,7320.154,3.7106,7365.402,3.6834,6950.3169,3.6573,7609.3843,3.683,10255.7397,,,,
20111024,002607.SZ,3.6143,3.6992,3.4955,3.6871,3.6143,0.07279999999999998,2.0142,8663.71,25562.3335,4.917,1.18,3.7055,6203.544,3.7217,7910.113,3.6949,7274.6038,3.6547,7477.0629,3.6797,9804.3253,,,,
20111025,002607.SZ,3.755,3.7829,3.6107,3.7732,3.6871,0.08610000000000007,2.3352,7386.09,22711.467,4.1919,1.19,3.7031,6221.666,3.7394,7817.552,3.7053,7071.6015,3.6616,7396.3314,3.6797,9587.3243,,,,
20111026,002607.SZ,3.7004,3.8714,3.6847,3.8435,3.7732,0.07030000000000003,1.8631,7507.28,23682.6554,4.2607,1.21,3.7101,6632.492,3.7532,7867.339,3.7238,7477.7769,3.6777,7206.299,3.6833,9388.108,,,,
20111027,002607.SZ,3.8435,3.8945,3.7938,3.8084,3.8435,-0.03510000000000035,-0.9132,4225.13,13354.4085,2.3979,0.64,3.7453,6341.122,3.7665,7638.485,3.7417,7555.3562,3.6856,6879.9886,3.6881,9039.2793,,,,
20111028,002607.SZ,3.8811,3.903,3.8011,3.8569,3.8084,0.04850000000000021,1.2735,9701.93,30686.0671,5.5062,1.53,3.7938,7496.828,3.7697,7408.491,3.7617,7662.2969,3.6929,6913.4376,3.6915,8909.075,,,,
20111031,002607.SZ,3.8363,3.9175,3.8266,3.8908,3.8569,0.03390000000000004,0.8789,6665.91,21233.1907,3.7831,0.89,3.8346,7097.268,3.77,6650.406,3.776,7635.8738,3.7105,6925.419,3.6932,7996.1373,,,,
20111101,002607.SZ,3.8617,4.0376,3.8387,3.9733,3.8908,0.08250000000000002,2.1204,8217.46,26813.4853,4.6637,1.16,3.8746,7263.542,3.7888,6742.604,3.7989,7766.9346,3.7287,7023.5914,3.699,7716.7547,,,,
20111102,002607.SZ,3.8933,4.0243,3.8908,3.9951,3.9733,0.02179999999999982,0.5487,5784.11,18958.4006,3.2827,0.8,3.9049,6918.908,3.8075,6775.7,3.812,7288.6454,3.7482,7071.7019,3.7109,7583.416,,,,
20111103,002607.SZ,4.0024,4.097,3.9576,4.0,3.9951,0.0049000000000001265,0.1227,8805.5,29208.705,4.9974,1.27,3.9432,7834.982,3.8443,7088.052,3.8207,6870.0869,3.7702,7279.2029,3.7211,7558.473,,,,
20111104,002607.SZ,4.0036,4.023,3.903,3.9454,4.0,-0.054600000000000204,-1.365,4102.55,13398.7128,2.3283,0.52,3.9609,6715.106,3.8774,7105.967,3.833,6624.4769,3.7849,6997.1757,3.7278,7313.8093,,,,
20111107,002607.SZ,3.9418,4.0934,3.8933,4.0558,3.9454,0.11039999999999983,2.7982,5617.22,18630.2727,3.188,0.84,3.9939,6505.368,3.9142,6801.318,3.852,6637.0977,3.8065,7158.6148,3.7421,7198.335,,,,
20111108,002607.SZ,4.0643,4.0643,3.9272,3.9757,4.0558,-0.08009999999999984,-1.9749,2928.87,9608.2852,1.6622,0.45,3.9944,5447.65,3.9345,6355.596,3.8784,6425.32,3.8255,7144.9133,3.7578,6912.6987,,,,
20111109,002607.SZ,3.9102,4.0206,3.9078,4.0012,3.9757,0.025500000000000078,0.6414,4628.27,15164.8348,2.6267,0.85,3.9956,5216.482,3.9503,6067.695,3.9082,6479.5408,3.8447,6969.5119,3.7698,6697.7193,,,,
20111110,002607.SZ,3.9867,4.2438,3.966,4.0752,4.0012,0.07399999999999984,1.8494,22719.11,76985.932,10.3269,4.36,4.0107,7999.204,3.9769,7917.093,3.938,7560.7254,3.8624,7717.5929,3.7821,7155.0397,3.8225,22317.909,,
20111111,002607.SZ,4.0509,4.1649,4.0509,4.0813,4.0752,0.006099999999999994,0.1497,5797.37,19632.8116,2.6352,0.72,4.0378,8338.168,3.9994,7526.637,3.9617,7438.5162,3.8817,7683.4833,3.8008,7134.4753,3.8254,19726.6822,,
20111114,002607.SZ,4.1419,4.1759,4.08,4.1213,4.0813,0.040000000000000036,0.9801,5291.59,18005.0287,2.4053,0.63,4.0509,8273.042,4.0224,7389.205,3.9831,7268.0785,3.8958,7363.9462,3.8185,7105.667,3.8278,17876.5322,,
20111115,002607.SZ,4.1079,4.1686,4.08,4.1189,4.1213,-0.0023999999999997357,-0.0582,3417.99,11583.5885,1.5536,0.41,4.0796,8370.866,4.037,6909.258,4.007,7205.9908,3.9068,6848.2905,3.8362,7060.4737,3.8328,16715.0278,,
20111116,002607.SZ,4.131,4.2086,4.0036,4.0424,4.1189,-0.07650000000000023,-1.8573,4120.83,13931.2195,1.8731,0.49,4.0878,8269.378,4.0417,6742.93,4.0213,6776.6754,3.9191,6697.1167,3.8531,7049.5687,3.8359,15856.3285,,
20111117,002607.SZ,4.0509,4.1067,3.9563,4.0522,4.0424,0.009800000000000253,0.2424,2896.06,9641.9583,1.3164,0.35,4.0832,4304.768,4.0469,6151.986,4.0337,6486.6869,3.9307,6575.3505,3.8669,6811.9333,3.8359,14573.7475,,
20111118,002607.SZ,4.0036,4.0485,3.9576,4.0133,4.0522,-0.038899999999999935,-0.96,3616.66,11909.6654,1.6439,0.84,4.0696,3868.626,4.0537,6103.397,4.0368,6132.7792,3.9488,6477.0019,3.8806,6858.2553,3.8344,13649.8635,,
20111121,002607.SZ,4.0024,4.0218,3.9418,4.0024,4.0133,-0.010900000000000354,-0.2716,1146.93,3777.2048,0.5213,0.3,4.0458,3039.694,4.0484,5656.368,4.0373,5776.0731,3.9673,6344.789,3.8948,6789.2663,3.8319,12861.2583,,
20111122,002607.SZ,3.9879,3.9891,3.8811,3.9309,4.0024,-0.0714999999999999,-1.7864,2840.02,9198.2792,1.2909,0.93,4.0082,2924.1,4.0439,5647.483,4.032,5317.19,3.9789,6067.4705,3.9059,6606.877,3.8322,12301.2127,,
20111123,002607.SZ,3.8957,3.9721,3.8884,3.926,3.9309,-0.004899999999999682,-0.1247,1792.1,5799.9372,0.8146,0.61,3.985,2458.354,4.0364,5363.866,4.0305,5139.4631,3.9862,5801.09,3.9133,6432.9667,3.8323,11892.0065,,
20111124,002607.SZ,3.8399,3.9503,3.8314,3.9418,3.926,0.015800000000000036,0.4024,1920.84,6207.9032,0.8731,0.78,3.9629,2263.31,4.0231,3284.039,4.0217,4855.1262,3.9909,5535.069,3.9222,6279.8723,3.8301,11254.1633,,
20111125,002607.SZ,3.9418,3.9697,3.8957,3.909,3.9418,-0.032800000000000384,-0.8321,1754.61,5698.3121,0.7976,0.78,3.942,1890.9,4.0058,2879.763,4.0166,4764.7985,3.9957,5417.4252,3.925,5938.297,3.8279,10511.255,,
20111128,002607.SZ,3.909,3.9515,3.8824,3.9054,3.909,-0.0035999999999996035,-0.0921,672.28,2172.4774,0.3056,0.36,3.9226,1795.97,3.9842,2417.832,4.0092,4460.4915,3.998,4987.4419,3.9256,5485.8143,3.8258,9916.2132,,
20111129,002607.SZ,3.9515,3.9515,3.8569,3.8787,3.9054,-0.02670000000000039,-0.6837,3673.47,11772.8305,1.6698,2.05,3.9122,1962.66,3.9602,2443.38,3.9941,2995.4423,3.9974,4844.9448,3.9287,5365.0807,3.8215,9149.384,,
20111130,002607.SZ,3.8569,3.8933,3.6386,3.6834,3.8787,-0.19530000000000003,-5.0352,4801.65,14807.5863,2.1826,2.45,3.8637,2564.57,3.9243,2511.462,3.9635,2918.8485,3.9836,4682.2871,3.9245,5343.364,3.8141,8570.03,,
20111201,002607.SZ,3.7538,3.8108,3.6398,3.6628,3.6834,-0.02059999999999995,-0.5593,7310.67,22453.3476,3.323,2.85,3.8079,3642.536,3.8854,2952.923,3.9282,3074.1623,3.9678,4754.9805,3.9255,5397.6537,3.8087,8149.0327,,
20111202,002607.SZ,3.6386,3.7223,3.6204,3.7089,3.6628,0.04610000000000003,1.2586,3271.56,9870.1132,1.4871,0.9,3.7678,3945.926,3.8549,2918.413,3.8967,3062.8985,3.9539,4491.4595,3.9287,5375.9257,3.8059,7815.8327,,
20111205,002607.SZ,3.658,3.6689,3.5331,3.5391,3.7089,-0.16979999999999995,-4.5782,1725.46,5103.0799,0.7843,0.44,3.6946,4156.562,3.8086,2976.266,3.858,2878.6392,3.9346,4378.2648,3.9237,5144.6507,3.8017,7474.488,,
20111206,002607.SZ,3.5379,3.5901,3.4748,3.5476,3.5391,0.008500000000000174,0.2402,3219.0,9378.5035,1.4632,0.77,3.6284,4065.668,3.7703,3014.164,3.8192,2903.4808,3.9104,4264.0638,3.9162,5005.7477,3.798,7296.536,,
20111207,002607.SZ,3.5476,3.5828,3.5173,3.5464,3.5476,-0.0011999999999998678,-0.0338,1492.51,4357.181,0.6784,0.37,3.601,3403.84,3.7323,2984.205,3.7833,2740.0846,3.8899,4195.6657,3.9063,4805.2553,3.7948,7096.6817,,
20111208,002607.SZ,3.5233,3.5537,3.4081,3.5403,3.5464,-0.006100000000000438,-0.172,3834.4,10987.2292,1.7429,1.13,3.5765,2708.586,3.6922,3175.561,3.7477,2946.8131,3.868,4157.8624,3.8974,4792.231,3.7927,6915.7552,,
20111209,002607.SZ,3.5318,3.5318,3.4409,3.5173,3.5403,-0.022999999999999687,-0.6497,2112.53,6075.5359,0.9602,0.78,3.5381,2476.78,3.653,3211.353,3.7159,2890.8523,3.8414,3176.5967,3.8861,4539.251,3.7888,6724.163,,
20111212,002607.SZ,3.5052,3.5209,3.476,3.4942,3.5173,-0.0230999999999999,-0.6568,2397.01,6927.2928,1.0896,0.97,3.5292,2611.09,3.6119,3383.826,3.6827,2937.3838,3.8134,3014.6748,3.8728,4396.9543,3.783,6196.5458,,
20111213,002607.SZ,3.4942,3.4942,3.4239,3.4469,3.4942,-0.04730000000000034,-1.3537,2579.7,7335.743,1.1726,0.99,3.509,2483.23,3.5687,3274.449,3.6446,2988.0654,3.7813,2885.5371,3.8553,4209.029,3.7771,5962.8918,,
20111214,002607.SZ,3.4251,3.4773,3.4239,3.4554,3.4469,0.008500000000000174,0.2466,1955.25,5570.9523,0.8888,0.79,3.4908,2575.778,3.5459,2989.809,3.6097,3003.4992,3.7497,2815.8829,3.8373,4081.4003,3.7741,5832.4082,,
20111215,002607.SZ,3.4542,3.4809,3.4203,3.4688,3.4554,0.013399999999999856,0.3878,1745.83,4975.1452,0.7936,0.68,3.4765,2158.064,3.5265,2433.325,3.5761,3086.08,3.7224,2702.7876,3.8196,3846.078,3.7703,5702.2755,,
20111216,002607.SZ,3.4688,3.6204,3.4227,3.6022,3.4688,0.13339999999999996,3.8457,2158.56,6283.5356,0.9812,1.0,3.4935,2167.27,3.5158,2322.025,3.5549,2969.5485,3.701,2667.6686,3.8082,3781.2783,3.768,5547.5438,,
20111219,002607.SZ,3.5925,3.6386,3.5173,3.6228,3.6022,0.02059999999999995,0.5719,1854.16,5446.7942,0.8428,0.86,3.5192,2058.7,3.5242,2334.895,3.5502,2742.8185,3.6824,2583.74,3.7937,3655.843,3.7679,5427.089,,
20111220,002607.SZ,3.5864,3.6628,3.5658,3.5658,3.6228,-0.05699999999999994,-1.5734,1193.8,3572.6674,0.5426,0.58,3.543,1781.52,3.526,2132.375,3.5427,2272.29,3.6616,2585.9719,3.7801,3598.0073,3.7689,5255.353,,
20111221,002607.SZ,3.5901,3.6022,3.5052,3.5197,3.5658,-0.04610000000000003,-1.2928,1586.51,4656.6592,0.7211,0.89,3.5559,1707.772,3.5233,2141.775,3.5282,2142.6708,3.642,2526.281,3.764,3496.6153,3.7669,5097.1673,,
20111222,002607.SZ,3.55,3.5525,3.4215,3.5052,3.5197,-0.014499999999999957,-0.412,2990.03,8564.081,1.3591,1.75,3.5631,1956.612,3.5198,2057.338,3.5256,2239.9454,3.622,2583.3252,3.745,2838.9793,3.7635,4997.0095,,
20111223,002607.SZ,3.5052,3.5403,3.4809,3.5088,3.5052,0.0036000000000000476,0.1027,1537.99,4460.9263,0.6991,0.79,3.5445,1832.498,3.519,1999.884,3.5226,2110.6369,3.6014,2565.0943,3.7259,2697.0,3.7633,4915.7377,,
20111226,002607.SZ,3.4955,3.4955,3.4081,3.4469,3.5088,-0.061900000000000066,-1.7641,1421.02,4047.0347,0.6459,0.78,3.5093,1745.87,3.5143,1902.285,3.5149,2105.1377,3.5794,2549.209,3.7034,2567.981,3.761,4836.824,,
20111227,002607.SZ,3.4469,3.4482,3.3475,3.3766,3.4469,-0.07030000000000003,-2.0395,1722.3,4821.7727,0.7829,0.99,3.4714,1851.57,3.5072,1816.545,3.5024,1942.6685,3.5542,2599.21,3.6787,2511.458,3.7575,4785.9658,,
20111228,002607.SZ,3.3184,3.3705,3.2141,3.2626,3.3766,-0.11399999999999988,-3.3762,1165.85,3149.6396,0.5299,0.63,3.42,1767.438,3.4879,1737.605,3.4828,1869.8469,3.5248,2479.7995,3.6527,2412.9587,3.7529,4731.2637,,
20111229,002607.SZ,3.2395,3.3572,3.2262,3.3475,3.2626,0.0849000000000002,2.6022,1832.45,4990.3516,0.8329,1.04,3.3885,1535.922,3.4758,1746.267,3.4715,1826.4192,3.5088,2338.409,3.6292,2377.505,3.748,4594.7192,,
20111230,002607.SZ,3.3451,3.4324,3.3341,3.4324,3.3475,0.08489999999999975,2.5362,2013.88,5656.3515,0.9154,1.31,3.3732,1631.1,3.4588,1731.799,3.4704,1782.8946,3.4979,2086.181,3.6099,2324.079,3.7452,4591.1672,,
20120104,002607.SZ,3.4542,3.4748,3.2395,3.2395,3.4324,-0.19289999999999985,-5.62,1737.7,4773.0122,0.7899,1.07,3.3317,1694.436,3.4205,1720.153,3.4538,1766.16,3.4755,2013.14,3.5844,2343.7713,3.7396,4566.5188,,
20120105,002607.SZ,3.1631,3.1813,2.9157,2.9169,3.2395,-0.3226,-9.9583,2434.23,6159.5332,1.1065,1.44,3.2398,1836.822,3.3556,1844.196,3.4113,1819.1138,3.4459,2046.891,3.5506,2330.245,3.7283,4468.561,,
20120106,002607.SZ,2.9133,2.9206,2.7495,2.8987,2.9169,-0.018200000000000216,-0.624,3796.2,8829.8182,1.7255,2.07,3.167,2362.892,3.2935,2065.165,3.3572,1945.0862,3.415,2074.3767,3.5164,2397.0483,3.7148,4415.0075,,
20120110,002607.SZ,2.9727,3.1886,2.9727,3.1886,2.8987,0.28990000000000027,10.001,5615.97,14373.6119,2.5527,2.38,3.1352,3119.596,3.2619,2327.759,3.3238,2234.4562,3.398,2270.7319,3.4913,2520.2193,3.7067,4400.0458,,
20120111,002607.SZ,3.1777,3.3329,3.1534,3.2141,3.1886,0.025500000000000078,0.7997,8169.79,21832.2363,3.7135,2.62,3.0916,4350.778,3.2324,2990.939,3.2967,2771.0708,3.3824,2477.179,3.4681,2734.0587,3.6965,4336.1778,,
20120112,002607.SZ,3.1825,3.2456,3.1146,3.128,3.2141,-0.08610000000000007,-2.6788,5786.44,15160.7064,2.6302,1.33,3.0693,5160.526,3.2005,3427.481,3.2666,3094.1423,3.3639,2652.1271,3.4422,2904.5307,3.6839,4195.1725,,
20120113,002607.SZ,3.1498,3.151,2.9861,3.0091,3.128,-0.1189,-3.8012,3249.29,8200.5268,1.477,0.63,3.0877,5323.538,3.1637,3580.18,3.2284,3114.0854,3.3408,2692.7119,3.4132,2890.3913,3.6709,4127.736,,
20120116,002607.SZ,3.0067,3.0637,2.9412,3.0079,3.0091,-0.001200000000000312,-0.0399,1670.66,4162.4399,0.7594,0.31,3.1095,4898.43,3.1383,3630.661,3.1899,3124.2908,3.3199,2649.4243,3.3907,2786.025,3.6576,4064.6945,,
20120117,002607.SZ,3.0746,3.1449,2.9739,3.117,3.0079,0.1091000000000002,3.6271,3907.67,9903.1078,1.7762,0.8,3.0952,4556.77,3.1152,3838.183,3.1645,3315.5715,3.3038,2742.3967,3.3725,2672.5917,3.649,4035.1227,,
20120118,002607.SZ,3.1267,3.1643,2.8987,2.9012,3.117,-0.2158000000000002,-6.9233,2990.95,7463.4303,1.3595,0.66,3.0326,3521.002,3.0621,3935.89,3.128,3413.16,3.2767,2801.6881,3.3456,2663.238,3.6371,4019.5818,,
20120119,002607.SZ,2.8563,2.9824,2.7508,2.9824,2.9012,0.08120000000000038,2.7988,2759.72,6502.2518,1.2544,0.78,3.0035,2915.658,3.0364,4038.092,3.1064,3535.7654,3.2472,2830.3148,3.327,2697.7133,3.6254,3921.182,,
20120120,002607.SZ,2.872,3.0673,2.872,3.0321,2.9824,0.04969999999999963,1.6664,1505.08,3735.0632,0.6841,0.52,3.0081,2566.816,3.0479,3945.177,3.0821,3510.5831,3.2191,2813.6919,3.3098,2640.5827,3.613,3823.1652,,
20120130,002607.SZ,3.0321,3.0418,2.9751,3.0139,3.0321,-0.018199999999999772,-0.6002,850.0,2108.1189,0.3864,0.33,3.0093,2402.684,3.0594,3650.557,3.05,3421.0538,3.1928,2797.3205,3.2921,2619.1657,3.5992,3712.2105,,
20120131,002607.SZ,2.9861,3.0079,2.9715,3.0079,3.0139,-0.006000000000000227,-0.1991,708.0,1750.55,0.3218,0.29,2.9875,1762.75,3.0414,3159.76,3.0321,3341.8462,3.1684,2755.4867,3.2743,2514.9523,3.5859,3653.5917,,
20120201,002607.SZ,3.0237,3.0673,2.9776,3.0042,3.0079,-0.0036999999999998145,-0.123,1254.37,3123.9384,0.5702,0.71,3.0081,1415.434,3.0204,2468.218,3.0389,3251.0877,3.1446,2672.8362,3.2572,2486.347,3.5717,3512.799,,
20120202,002607.SZ,3.0042,3.0394,2.9909,3.0285,3.0042,0.02430000000000021,0.8089,1000.61,2492.4858,0.4548,0.71,3.0173,1063.612,3.0104,1989.635,3.0488,3036.0423,3.1217,2647.2467,3.2417,2439.8003,3.5573,3418.3773,,
20120203,002607.SZ,3.0321,3.1292,3.0212,3.1049,3.0285,0.07640000000000002,2.5227,1356.76,3418.0169,0.6167,1.28,3.0319,1033.948,3.02,1800.382,3.0424,2708.4108,3.1054,2644.1867,3.2303,2399.0357,3.5428,3304.0323,,
20120206,002607.SZ,3.0722,3.1522,3.0722,3.1195,3.1049,0.014599999999999724,0.4702,1039.2,2669.3648,0.4724,1.01,3.053,1071.788,3.0312,1737.236,3.0351,2159.9038,3.0932,2611.6581,3.2191,2368.5007,3.5282,3224.9505,,
20120207,002607.SZ,3.0928,3.1146,2.9958,3.0091,3.1195,-0.11039999999999983,-3.539,1621.14,4047.1409,0.7369,1.51,3.0532,1254.416,3.0204,1508.583,3.026,1839.4962,3.0811,2633.3386,3.2038,2364.3443,3.5117,3105.2112,,
20120208,002607.SZ,2.9909,3.0855,2.9776,3.0612,3.0091,0.05209999999999981,1.7314,817.78,2057.2095,0.3717,0.65,3.0646,1167.098,3.0364,1291.266,3.03,1652.4569,3.0675,2585.021,3.1858,2319.6517,3.497,3050.465,,
20120209,002607.SZ,3.0843,3.1207,2.9958,3.1183,3.0612,0.05710000000000015,1.8653,1849.46,4689.2704,0.8407,1.58,3.0826,1336.868,3.05,1200.24,3.0385,1666.2108,3.0525,2577.1914,3.1689,2319.495,3.4813,2987.669,,
20120210,002607.SZ,3.1025,3.1777,3.0928,3.1231,3.1183,0.0047999999999999154,0.1539,1982.62,5134.2575,0.9012,1.48,3.0862,1462.04,3.0591,1247.994,3.0389,1518.13,3.047,2588.8543,3.1542,2345.789,3.4671,2971.8982,,
20120213,002607.SZ,3.1231,3.4093,3.0321,3.3402,3.1231,0.21709999999999985,6.9514,4561.54,12359.8885,2.0734,3.12,3.1304,2166.508,3.0917,1619.148,3.0727,1638.9446,3.0671,2690.1548,3.1482,2444.9567,3.4561,2970.786,,
20120214,002607.SZ,3.2881,3.3936,3.2881,3.3293,3.3402,-0.01089999999999991,-0.3263,4498.06,12405.452,2.0446,2.08,3.1944,2741.892,3.1238,1998.154,3.0994,1772.6631,3.0876,2723.5767,3.1423,2495.2243,3.4437,2667.1018,3.6331,12492.5054
20120215,002607.SZ,3.3293,3.373,3.2771,3.3208,3.3293,-0.00849999999999973,-0.2553,3176.75,8733.6047,1.444,1.16,3.2463,3213.686,3.1555,2190.392,3.1216,1901.2531,3.0939,2607.4233,3.1361,2549.8497,3.431,2623.4248,3.6282,11175.0535
20120216,002607.SZ,3.3208,3.3572,3.282,3.3111,3.3208,-0.009700000000000042,-0.2921,1186.98,3254.1525,0.5395,0.37,3.2849,3081.19,3.1838,2209.029,3.1445,1927.1746,3.0986,2274.9086,3.1316,2542.0483,3.4175,2555.0147,3.6227,10215.7734
20120217,002607.SZ,3.3099,3.3548,3.2335,3.3414,3.3111,0.030299999999999994,0.9151,571.5,1567.8952,0.2598,0.19,3.3286,2798.966,3.2074,2130.503,3.1701,1916.6746,3.1087,2026.5781,3.1304,2503.6883,3.4045,2507.5732,3.6187,9611.3005
20120220,002607.SZ,3.3511,3.4166,3.3087,3.3705,3.3414,0.02909999999999968,0.8709,3255.04,9037.077,1.4796,1.16,3.3346,2537.666,3.2325,2352.087,3.1983,2070.5723,3.1259,2026.8519,3.134,2573.328,3.3933,2493.1433,3.6146,9174.7359
20120221,002607.SZ,3.3681,3.4445,3.3426,3.4324,3.3705,0.061900000000000066,1.8365,1944.37,5458.0965,0.8838,0.77,3.3552,2026.928,3.2748,2384.41,3.2294,2143.1692,3.1461,2039.8857,3.1368,2577.0587,3.383,2477.2818,3.6094,8525.5147
20120222,002607.SZ,3.43,3.5828,3.4142,3.5731,3.4324,0.14070000000000027,4.0992,3188.62,9264.9318,1.4494,1.57,3.4057,2029.302,3.326,2621.494,3.2654,2284.0815,3.1679,2005.6452,3.1415,2616.2167,3.3757,2470.1478,3.605,8060.0057
20120223,002607.SZ,3.5403,3.6082,3.4651,3.5998,3.5731,0.026699999999999946,0.7473,3444.26,10063.8629,1.5656,1.7,3.4634,2480.758,3.3742,2780.974,3.3023,2469.0862,3.2011,2027.2314,3.1535,2673.102,3.369,2508.4367,3.6004,7684.8475
20120224,002607.SZ,3.5925,3.5925,3.5306,3.5646,3.5998,-0.03520000000000012,-0.9778,3161.42,9252.0342,1.437,1.27,3.5081,2998.742,3.4183,2898.854,3.3451,2587.5692,3.2289,2046.36,3.1751,2697.3417,3.3629,2513.7933,3.5975,7407.503
20120227,002607.SZ,3.6082,3.6264,3.55,3.5622,3.5646,-0.0024000000000001798,-0.0673,1890.42,5575.9405,0.8593,0.63,3.5464,2725.818,3.4405,2631.742,3.3836,2670.08,3.2541,2064.7095,3.1972,2633.8157,3.3568,2515.432,3.5945,7203.7192
20120228,002607.SZ,3.5318,3.5318,3.4336,3.4457,3.5622,-0.11649999999999983,-3.2705,3625.46,10348.9025,1.6479,1.33,3.5491,3062.036,3.4522,2544.482,3.4088,2806.6954,3.2747,2196.8743,3.2058,2567.4653,3.3485,2543.8423,3.5893,6899.0028
20120229,002607.SZ,3.3778,3.4627,3.3159,3.3293,3.4457,-0.11640000000000006,-3.3781,3983.09,10991.9654,1.8105,1.3,3.5003,3220.93,3.453,2625.116,3.4246,2960.5777,3.29,2352.831,3.2096,2427.9087,3.3389,2580.9837,3.5834,6546.1193
20120301,002607.SZ,3.3354,3.3851,3.3354,3.3548,3.3293,0.025500000000000078,0.7659,1178.17,3262.6283,0.5355,0.37,3.4513,2767.712,3.4574,2624.235,3.4258,2700.3185,3.3067,2349.2024,3.2172,2274.2997,3.3297,2589.4152,3.5778,6252.8142
20120302,002607.SZ,3.3911,3.4118,3.3511,3.4081,3.3548,0.053300000000000125,1.5888,2513.45,7001.9209,1.1425,0.91,3.42,2638.118,3.4641,2818.43,3.4318,2547.6562,3.3247,2421.2424,3.2305,2249.7717,3.3218,2570.0815,3.5717,5859.7327
20120305,002607.SZ,3.4081,3.5173,3.4081,3.4627,3.4081,0.05459999999999976,1.6021,3448.2,9858.3594,1.5674,1.31,3.4001,2949.674,3.4733,2837.746,3.4427,2568.5369,3.3418,2520.8348,3.2456,2309.023,3.3182,2547.524,3.5662,5558.777
20120306,002607.SZ,3.4275,3.4566,3.3766,3.3839,3.4627,-0.07879999999999976,-2.2757,1710.36,4804.7922,0.7774,0.58,3.3878,2566.654,3.4684,2814.345,3.4483,2608.7969,3.3544,2552.7948,3.2545,2235.7793,3.3135,2454.1855,3.5611,5301.6091
20120307,002607.SZ,3.3305,3.601,3.3305,3.5027,3.3839,0.1187999999999998,3.5107,7506.53,21711.1243,3.4121,2.92,3.4224,3271.342,3.4614,3246.136,3.4608,3142.2608,3.3779,2833.0514,3.2746,2386.2987,3.3101,2524.7683,3.558,5170.3005
20120308,002607.SZ,3.5901,3.5901,3.4809,3.5161,3.5027,0.013399999999999856,0.3826,3637.14,10558.3022,1.6532,1.11,3.4547,3763.136,3.453,3265.424,3.472,3171.6531,3.3995,2967.3067,3.2924,2415.546,3.3097,2556.6297,3.5557,5015.5588
20120309,002607.SZ,3.5161,3.5512,3.4518,3.5294,3.5161,0.01330000000000009,0.3783,2960.75,8513.3968,1.3458,0.79,3.479,3852.596,3.4495,3245.357,3.4794,3249.8362,3.4191,3020.2252,3.309,2464.0683,3.3094,2552.3255,3.5537,4924.4307
20120312,002607.SZ,3.5294,3.5537,3.4809,3.5209,3.5294,-0.00849999999999973,-0.2408,2444.19,7056.95,1.111,0.63,3.4906,3651.794,3.4454,3300.734,3.4754,3192.5723,3.438,3042.2048,3.3259,2517.208,3.309,2568.1868,3.5519,4832.4342
20120313,002607.SZ,3.5149,3.5149,3.4688,3.493,3.5209,-0.027900000000000258,-0.7924,2501.01,7192.8328,1.1368,0.68,3.5124,3809.924,3.4501,3188.289,3.4672,3120.0146,3.4453,2944.0843,3.342,2576.975,3.3082,2545.9637,3.5505,4730.8594
20120314,002607.SZ,3.5027,3.6847,3.4227,3.4663,3.493,-0.026699999999999946,-0.7644,11814.58,34627.6259,5.3703,3.1,3.5051,4671.534,3.4638,3971.438,3.4596,3785.6423,3.4518,3292.49,3.3574,2928.982,3.3073,2707.6645,3.5481,4715.9137
20120315,002607.SZ,3.4579,3.5173,3.4106,3.487,3.4663,0.020700000000000163,0.5972,6395.28,18277.1293,2.9069,1.37,3.4993,5223.162,3.477,4493.149,3.4538,4132.17,3.4598,3445.7533,3.3727,3108.8043,3.3072,2774.3023,3.5451,4485.4241
20120316,002607.SZ,3.4809,3.6386,3.4809,3.6361,3.487,0.1490999999999998,4.2759,7489.14,21957.1035,3.4042,1.43,3.5207,6128.84,3.4998,4990.718,3.4685,4429.3762,3.4752,3745.8562,3.3904,3313.217,3.3104,2856.1263,3.5438,4409.5091
20120319,002607.SZ,3.6689,3.6689,3.6022,3.6568,3.6361,0.020700000000000163,0.5693,2711.32,8128.8369,1.2324,0.44,3.5478,6182.266,3.5192,4917.03,3.4937,4331.5477,3.4903,3847.7524,3.4083,3368.9543,3.3137,2868.7275,3.5439,4350.5678
20120320,002607.SZ,3.6289,3.6386,3.4809,3.4809,3.6568,-0.17589999999999995,-4.8102,3338.25,9673.9099,1.5174,0.54,3.5454,6349.714,3.5289,5079.819,3.5034,4497.7077,3.4955,3851.7148,3.4241,3426.1913,3.3139,2895.2678,3.5421,4298.7717
20120321,002607.SZ,3.5476,3.5476,3.3475,3.3924,3.4809,-0.08850000000000025,-2.5424,4145.65,11665.6812,1.8844,0.65,3.5306,4815.928,3.5179,4743.731,3.5022,4623.2615,3.4936,3956.5376,3.4351,3537.1203,3.3104,2928.386,3.5392,4237.9649
20120322,002607.SZ,3.3717,3.3924,3.3451,3.3463,3.3924,-0.04610000000000003,-1.3589,2236.27,6209.5431,1.0165,0.46,3.5025,3984.126,3.5009,4603.644,3.4932,4530.0362,3.4828,3911.1876,3.4427,3550.014,3.3058,2934.7545,3.5369,4180.9217
20120323,002607.SZ,3.3475,3.3754,3.3123,3.3596,3.3463,0.01330000000000009,0.3975,5042.48,13852.8315,2.292,1.27,3.4472,3494.794,3.4839,4811.817,3.4913,4786.3531,3.4714,3987.2933,3.4506,3652.0093,3.3024,2998.8992,3.5357,4127.1261
20120326,002607.SZ,3.3329,3.4069,3.3147,3.396,3.3596,0.03639999999999999,1.0835,2087.07,5828.6125,0.9487,0.6,3.395,3369.944,3.4714,4776.105,3.4831,4369.4715,3.4633,3936.1338,3.4524,3569.527,3.3003,3007.2418,3.5336,4052.2046
20120327,002607.SZ,3.396,3.4797,3.379,3.379,3.396,-0.016999999999999904,-0.5006,1482.03,4168.9851,0.6737,0.44,3.3747,2998.7,3.46,4674.207,3.4726,4203.6938,3.4546,3916.6867,3.4541,3468.9927,3.2982,2982.1085,3.5309,3989.559
20120328,002607.SZ,3.3596,3.362,3.1898,3.2201,3.379,-0.15890000000000004,-4.7026,2582.88,6966.939,1.174,0.86,3.3402,2686.146,3.4354,3751.037,3.4488,4174.6269,3.4439,3867.04,3.4507,3449.197,3.2934,2999.5233,3.5284,3957.6305
20120329,002607.SZ,3.1995,3.2201,3.1134,3.1546,3.2201,-0.06550000000000011,-2.0341,1066.42,2786.6654,0.4847,0.4,3.3019,2452.176,3.4022,3218.151,3.4206,4068.6446,3.4356,3728.151,3.4455,3445.1783,3.2885,2993.6133,3.5248,3915.2187
20120330,002607.SZ,3.0952,3.2165,3.0952,3.1425,3.1546,-0.012099999999999778,-0.3836,566.61,1473.2229,0.2576,0.23,3.2584,1557.002,3.3528,2525.898,3.3937,3919.8446,3.4254,3699.029,3.4389,3445.0153,3.2846,2974.3518,3.5211,3880.1588
20120405,002607.SZ,3.1049,3.2505,3.1049,3.2019,3.1425,0.05940000000000012,1.8902,2307.91,6078.6387,1.0491,1.48,3.2196,1601.17,3.3073,2485.557,3.3733,3188.5623,3.4156,3689.2414,3.4333,3413.4443,3.2836,2993.3862,3.5183,3862.3249
20120406,002607.SZ,3.2165,3.265,3.1874,3.2529,3.2019,0.05099999999999971,1.5928,1516.22,4049.5603,0.6892,0.95,3.1944,1608.008,3.2845,2303.354,3.3553,2813.25,3.4056,3597.2424,3.4273,3399.1727,3.282,2988.1157,3.515,3791.4174
20120409,002607.SZ,3.3087,3.3159,3.2359,3.2529,3.2529,0.0,0.0,1271.46,3447.7294,0.5779,0.79,3.201,1345.724,3.2706,2015.935,3.3258,2334.9669,3.3994,3576.3424,3.4166,3335.2673,3.2791,2975.742,3.5121,3783.4546
20120410,002607.SZ,3.2929,3.2929,3.1692,3.2505,3.2529,-0.0023999999999997357,-0.0738,4351.95,11660.3737,1.9782,3.23,3.2201,2002.83,3.261,2227.503,3.2946,2461.1692,3.3874,3426.1243,3.405,3365.5237,3.2792,3019.3128,3.5094,3792.9158
20120411,002607.SZ,3.2505,3.2856,3.2141,3.2844,3.2505,0.03390000000000004,1.0429,1992.19,5339.7323,0.9055,0.99,3.2485,2287.946,3.2535,1922.474,3.2795,2357.6262,3.3764,3347.7933,3.3956,3326.5493,3.2854,3011.9455,3.5068,3740.2532
20120412,002607.SZ,3.2759,3.3693,3.2747,3.3426,3.2844,0.05819999999999981,1.772,2393.36,6520.5238,1.0879,1.05,3.2767,2305.036,3.2481,1953.103,3.2756,2222.8346,3.3675,3320.7748,3.3883,3343.314,3.2928,2988.5648,3.5038,3701.7862
20120413,002607.SZ,3.3123,3.4239,3.3123,3.4142,3.3426,0.07160000000000011,2.142,2748.09,7668.7703,1.2491,1.19,3.3089,2551.41,3.2517,2079.709,3.2809,2262.2054,3.3624,3335.2462,3.3873,3314.0683,3.2965,2940.7668,3.5016,3670.4063
20120416,002607.SZ,3.3523,3.3705,3.151,3.2638,3.4142,-0.1504000000000003,-4.4051,13275.54,35874.9014,6.0343,5.2,3.3111,4952.226,3.256,3148.975,3.2735,2895.5177,3.3515,3848.319,3.3851,3623.8167,3.2974,3025.8627,3.4969,3681.0202
20120417,002607.SZ,3.2723,3.2723,3.0928,3.0964,3.2638,-0.16739999999999977,-5.129,10498.29,27178.3248,4.772,2.12,3.2803,6181.494,3.2502,4092.162,3.2504,3542.5346,3.3339,3785.6386,3.3765,3934.4873,3.2968,3104.3935,3.4904,3649.783
20120418,002607.SZ,3.1352,3.1753,3.0928,3.1559,3.0964,0.059499999999999886,1.9216,5551.31,14341.2084,2.5233,0.9,3.2546,6893.318,3.2516,4590.632,3.2333,3855.5562,3.3181,3745.4495,3.3681,4035.7493,3.2993,3142.7605,3.4851,3635.2482
20120419,002607.SZ,3.1656,3.1656,3.1122,3.1534,3.1559,-0.0024999999999999467,-0.0792,3253.5,8435.026,1.4789,0.47,3.2167,7065.346,3.2467,4685.191,3.2282,3907.1423,3.2951,3543.7524,3.3577,4029.2593,3.3017,3169.1412,3.4797,3616.9178
20120420,002607.SZ,3.1534,3.185,3.1474,3.1583,3.1534,0.0049000000000001265,0.1554,3146.61,8212.3889,1.4303,0.45,3.1656,7145.05,3.2372,4848.23,3.2284,4067.1569,3.2714,3564.4805,3.3502,4077.1343,3.3024,3156.4568,3.4757,3595.7897
20120423,002607.SZ,3.1765,3.2213,3.1049,3.1049,3.1583,-0.05339999999999989,-1.6908,4953.5,12937.5535,2.2516,0.69,3.1338,5480.642,3.2224,5216.434,3.2255,4404.61,3.2535,3641.3971,3.337,3992.0333,3.3058,3189.166,3.4715,3604.3739
20120424,002607.SZ,3.0916,3.1328,3.0091,3.0431,3.1049,-0.0618000000000003,-1.9904,4809.57,12152.2725,2.1862,0.88,3.1231,4342.898,3.2017,5262.196,3.2133,4597.0454,3.2368,3673.0124,3.3212,4031.1143,3.3068,3223.3302,3.4661,3572.2561
20120425,002607.SZ,3.0321,3.0879,3.0321,3.0819,3.0431,0.03880000000000017,1.275,1876.7,4741.9883,0.853,0.43,3.1083,3607.976,3.1815,5250.647,3.2002,4624.7746,3.2242,3655.89,3.3063,3994.9793,3.3076,3229.5238,3.4603,3526.3445
20120426,002607.SZ,3.0685,3.1086,3.0685,3.0928,3.0819,0.01089999999999991,0.3537,1265.49,3214.9437,0.5752,0.35,3.0962,3210.374,3.1565,5137.86,3.1879,4624.3154,3.2115,3476.0333,3.292,3955.6893,3.3089,3236.4487,3.4541,3474.3296
20120427,002607.SZ,3.1255,3.1255,3.0249,3.0346,3.0928,-0.05819999999999981,-1.8818,2372.81,5963.6348,1.0786,0.74,3.0715,3055.614,3.1185,5100.332,3.1713,4472.0738,3.1943,3489.64,3.2767,3951.416,3.3094,3264.1955,3.4476,3458.8936
20120502,002607.SZ,3.1061,3.1061,3.0139,3.0625,3.0346,0.027899999999999814,0.9194,6544.7,16417.0747,2.9749,2.14,3.063,3373.854,3.0984,4427.248,3.1542,4822.2669,3.1792,3730.7195,3.2633,3775.7533,3.3104,3352.3677,3.441,3432.5833
20120503,002607.SZ,3.0625,3.0625,3.02,3.054,3.0625,-0.008500000000000174,-0.2776,3599.99,9029.0445,1.6364,1.07,3.0652,3131.938,3.0941,3737.418,3.132,4915.0846,3.1713,3779.1533,3.2488,3682.577,3.3108,3395.6907,3.434,3407.034
20120504,002607.SZ,3.0685,3.1267,3.0564,3.1025,3.054,0.04850000000000021,1.5881,6929.97,17697.9642,3.15,2.21,3.0693,4142.592,3.0888,3875.284,3.108,5236.7677,3.1689,4058.37,3.2311,3663.938,3.3107,3488.5775,3.4268,3396.3049
20120508,002607.SZ,3.1874,3.2129,3.1183,3.1461,3.1025,0.04360000000000008,1.4053,10577.71,27544.061,4.8081,2.55,3.0799,6005.036,3.0881,4607.705,3.099,5029.2423,3.169,4535.089,3.214,3926.151,3.3112,3647.5527,3.4197,3436.2516
20120509,002607.SZ,3.128,3.1534,3.1025,3.1255,3.1461,-0.02059999999999995,-0.6548,4554.12,11753.8792,2.0701,0.76,3.0981,6441.298,3.0848,4748.456,3.1012,4571.9985,3.1654,4642.0514,3.2022,3966.68,3.3131,3696.4357,3.4124,3400.8234
20120510,002607.SZ,3.1389,3.1898,3.117,3.1801,3.1255,0.05459999999999976,1.7469,6614.24,17179.9877,3.0065,1.03,3.1216,6455.206,3.0923,4914.53,3.1031,4653.7623,3.1619,4884.8143,3.1951,4048.9663,3.3151,3793.0433,3.406,3421.7542
20120511,002607.SZ,3.1801,3.1837,3.1304,3.1352,3.1801,-0.04489999999999972,-1.4119,3341.32,8706.2106,1.5188,0.52,3.1379,6403.472,3.1015,4767.705,3.1017,4660.5177,3.1563,4983.379,3.1881,4085.8013,3.3154,3817.9077,3.3984,3402.7883
20120514,002607.SZ,3.1534,3.1643,3.0564,3.0649,3.1352,-0.07030000000000003,-2.2423,4994.75,12783.6722,2.2703,0.78,3.1304,6016.428,3.0998,5079.51,3.0945,4802.6823,3.1475,5013.9886,3.1782,4084.2103,3.3144,3868.1098,3.3908,3420.004
20120515,002607.SZ,3.0552,3.0588,2.9594,2.9836,3.0649,-0.08130000000000015,-2.6526,7103.48,17491.1584,3.2289,1.18,3.0979,5321.582,3.0889,5663.309,3.0851,4968.0654,3.1332,5257.3833,3.1645,4251.424,3.3085,3910.4755,3.3823,3440.6307
20120516,002607.SZ,2.9727,2.9945,2.9363,2.9363,2.9836,-0.0472999999999999,-1.5853,4352.23,10629.8726,1.9783,0.82,3.06,5281.204,3.0791,5861.251,3.0769,4932.8854,3.1138,5350.6629,3.1497,4347.0973,3.3019,3908.045,3.3728,3287.5734
20120517,002607.SZ,2.9679,2.9836,2.9024,2.9412,2.9363,0.004899999999999682,0.1669,15086.12,36464.1316,6.8573,2.86,3.0122,6975.58,3.0669,6715.393,3.0661,5948.9946,3.0913,5938.1881,3.1404,4763.872,3.2956,4106.5345,3.3633,3364.9797
20120518,002607.SZ,2.923,2.923,2.8599,2.8611,2.9412,-0.08009999999999984,-2.7234,7454.19,17704.9102,3.3883,1.07,2.9574,7798.154,3.0477,7100.813,3.0483,6425.0485,3.0721,5660.981,3.1307,4976.7977,3.2881,4210.988,3.3528,3383.0013
20120521,002607.SZ,2.8696,2.8745,2.8114,2.8502,2.8611,-0.01089999999999991,-0.381,3705.73,8674.6163,1.6844,0.48,2.9145,7540.35,3.0224,6778.389,3.0341,6527.5808,3.0604,5337.5257,3.1209,5081.435,3.2799,4263.2252,3.3422,3385.3992
20120522,002607.SZ,2.8854,3.0443,2.8854,2.9351,2.8502,0.08489999999999975,2.9787,13519.04,33009.361,6.145,1.79,2.9048,8823.462,3.0013,7072.522,3.0243,7064.0685,3.0499,5716.9414,3.112,5455.1393,3.2727,4434.2918,3.333,3463.7176
20120523,002607.SZ,2.9109,2.9897,2.906,2.9715,2.9351,0.03639999999999999,1.2402,11013.87,26759.6377,5.0063,1.25,2.9118,10155.79,2.9859,7718.497,3.0179,7634.3669,3.0412,6086.4829,3.1026,5771.7277,3.265,4585.4502,3.324,3531.366
20120524,002607.SZ,2.9666,2.9679,2.8745,2.8927,2.9715,-0.07879999999999976,-2.6519,8166.68,19629.1479,3.7121,0.8,2.9021,8771.902,2.9572,7873.741,3.0018,7729.4985,3.0286,6325.5338,3.0906,6001.5683,3.2536,4668.4178,3.3147,3569.2828
20120525,002607.SZ,2.8514,2.929,2.8514,2.929,2.8927,0.03629999999999978,1.2549,7671.16,18365.117,3.4869,0.87,2.9157,8815.296,2.9366,8306.725,2.9851,7505.9177,3.0202,6454.9462,3.0799,6112.2087,3.2424,4738.8662,3.3057,3623.6514
20120528,002607.SZ,2.9594,2.9691,2.8878,2.9618,2.929,0.032800000000000384,1.1198,6029.02,14611.6849,2.7405,0.68,2.938,9279.954,2.9263,8410.152,2.9725,7619.3715,3.0163,6513.0152,3.0692,6246.7697,3.2324,4786.6595,3.2976,3650.2264
20120529,002607.SZ,2.9472,3.043,2.8244,2.9865,2.962,0.024499999999999744,0.8271,21158.47,25749.6211,4.8087,2.28,2.9483,10807.84,2.9265,9815.651,2.9576,8738.1585,3.0118,7431.1948,3.0573,6872.2733,3.2228,5107.7937,3.2898,3811.6128
20120530,002607.SZ,2.9718,3.0111,2.9079,2.9939,2.9865,0.007400000000000073,0.2478,19611.38,23596.9495,4.4571,1.81,2.9528,12527.342,2.9323,11341.566,2.9468,9989.7015,3.0071,8304.8086,3.0433,7434.383,3.2153,5374.2257,3.2819,3959.034
20120531,002607.SZ,2.9841,3.0357,2.9399,3.0111,2.9939,0.017199999999999882,0.5745,14408.05,17514.3725,3.2746,1.15,2.9765,13775.616,2.9393,11273.759,2.9426,10713.8015,3.0059,8877.9152,3.0349,7472.1333,3.21,5547.975,3.2744,4064.4793
20120601,002607.SZ,3.0381,3.0406,2.9644,2.9964,3.0111,-0.014699999999999935,-0.4882,11214.95,13697.0768,2.5489,0.81,2.9899,14484.374,2.9528,11649.835,2.9436,11030.0685,3.0028,9100.3081,3.0315,7496.022,3.204,5715.2547,3.2668,4152.3349
20120604,002607.SZ,2.9399,2.9522,2.8809,2.8908,2.9964,-0.10559999999999992,-3.5242,7444.92,8860.0242,1.692,0.51,2.9757,14767.554,2.9569,12023.754,2.9401,11267.9677,2.995,9283.4,3.0227,7559.1423,3.1954,5797.4458,3.2586,4183.7637
20120605,002607.SZ,2.8809,2.9227,2.7999,2.8367,2.8908,-0.05410000000000004,-1.8715,6551.77,7628.0941,1.489,0.44,2.9458,11846.214,2.947,11327.027,2.9321,10611.4792,2.9824,9265.3905,3.0121,7669.0847,3.1849,5849.172,3.2516,4198.348
20120606,002607.SZ,2.8416,2.8711,2.8244,2.849,2.8367,0.0123000000000002,0.4336,4147.05,4802.2028,0.9425,0.35,2.9168,8753.348,2.9348,10640.345,2.9311,10357.0838,2.9682,8959.1686,3.0018,7702.4327,3.176,5889.7835,3.2448,4171.9845
20120607,002607.SZ,2.8981,2.8981,2.8023,2.8195,2.849,-0.02950000000000008,-1.0355,5392.16,6264.4827,1.2255,0.62,2.8785,6950.17,2.9275,10362.893,2.9288,10486.8092,2.9536,8999.0752,2.9923,7717.0547,3.1646,5854.544,3.2374,4189.6562
20120608,002607.SZ,2.8294,2.8736,2.7753,2.849,2.8195,0.02950000000000008,1.0463,9094.37,10482.914,2.0669,1.31,2.849,6526.054,2.9195,10505.214,2.9221,10146.45,2.9379,9117.1767,2.9858,7859.8813,3.1535,5945.4978,3.2316,4251.0637
20120611,002607.SZ,2.8711,2.8957,2.8023,2.8858,2.849,0.036799999999999944,1.2917,7477.34,8699.4017,1.6994,1.15,2.848,6532.538,2.9119,10650.046,2.9156,9874.4092,2.926,9314.13,2.9793,8046.5693,3.1428,6020.7743,3.2261,4286.5499
20120612,002607.SZ,2.8269,2.8981,2.8195,2.8834,2.8858,-0.0024000000000001798,-0.0832,7351.43,8574.4714,1.6708,1.13,2.8573,6692.47,2.9016,9269.342,2.9148,9811.6977,2.9174,9426.3529,2.9723,8249.434,3.1322,6102.5617,3.2206,4335.3742
20120613,002607.SZ,2.8858,3.0086,2.8736,2.9964,2.8834,0.11299999999999999,3.919,18553.33,22132.1823,4.2167,2.77,2.8868,9573.726,2.9018,9163.537,2.92,10648.7877,2.918,9971.5838,2.9711,8788.7847,3.1239,6370.1003,3.216,4458.032
20120614,002607.SZ,2.9693,3.0307,2.9325,2.9472,2.9964,-0.04919999999999991,-1.642,12295.66,14984.6527,2.7945,1.28,2.9124,10954.426,2.8954,8952.298,2.9189,11130.8369,2.9185,10349.8424,2.9672,8980.4833,3.1152,6378.1183,3.2113,4542.8914
20120615,002607.SZ,2.9767,2.9767,2.8736,2.9251,2.9472,-0.02210000000000001,-0.7499,8984.78,10664.9194,2.042,0.82,2.9276,10932.508,2.8883,8729.281,2.9142,10194.3992,2.9177,10059.3024,2.9629,9159.9763,3.1059,6421.2767,3.2065,4597.7895
20120618,002607.SZ,2.9644,2.9644,2.9129,2.93,2.9251,0.0049000000000001265,0.1675,6757.01,8069.8909,1.5357,0.62,2.9364,10788.442,2.8922,8660.49,2.9093,9205.6015,2.921,10026.1033,2.9572,9154.211,3.0941,6409.0745,3.2022,4632.6004
20120619,002607.SZ,2.93,2.9399,2.8932,2.9079,2.93,-0.02210000000000001,-0.7543,5135.7,6092.8812,1.1672,0.48,2.9413,10345.296,2.8993,8518.883,2.9013,8492.3438,2.9238,10094.1971,2.9492,8972.8107,3.0816,6449.4808,3.1977,4659.1042
20120620,002607.SZ,2.9104,2.93,2.8858,2.8981,2.9079,-0.009800000000000253,-0.337,6617.7,7829.3192,1.504,0.64,2.9217,7958.17,2.9042,8765.948,2.8938,8138.7092,2.922,9765.5619,2.9416,9041.5967,3.0719,6504.1383,3.1929,4699.7031
20120621,002607.SZ,2.8809,2.9079,2.8318,2.8441,2.8981,-0.053999999999999826,-1.8633,5295.25,6163.2393,1.2035,0.67,2.901,6558.088,2.9067,8756.257,2.8902,7973.35,2.9159,9493.2467,2.9304,8997.6303,3.0628,6523.2983,3.1866,4725.8422
20120625,002607.SZ,2.8564,2.8564,2.7508,2.7778,2.8441,-0.06630000000000003,-2.3311,3996.5,4583.6026,0.9083,0.61,2.8716,5560.432,2.8996,8246.47,2.8856,7776.7908,2.9105,9294.6667,2.9185,9019.4697,3.0533,6552.6355,3.1796,4743.695
20120626,002607.SZ,2.7778,2.8097,2.6771,2.7581,2.7778,-0.01969999999999983,-0.7092,5988.13,6665.9229,1.3609,1.08,2.8372,5406.656,2.8868,8097.549,2.8786,7918.4123,2.9023,9214.5224,2.9083,9052.5823,3.0433,6568.3963,3.1728,4783.6477
20120627,002607.SZ,2.7508,2.7876,2.7213,2.7434,2.7581,-0.01470000000000038,-0.533,5363.21,6019.0092,1.2189,0.99,2.8043,5452.158,2.8728,7898.727,2.8728,7916.1854,2.8919,9182.8171,2.9003,8994.5733,3.0324,6622.9987,3.1664,4815.1202
20120628,002607.SZ,2.7434,2.8097,2.7041,2.709,2.7434,-0.034399999999999764,-1.2539,7530.91,8453.1085,1.7116,1.38,2.7665,5634.8,2.8441,6796.485,2.862,7795.9192,2.8787,8533.8857,2.8927,9100.5293,3.0212,6723.8133,3.1597,4852.9609
20120629,002607.SZ,2.7016,2.736,2.6771,2.6967,2.709,-0.0123000000000002,-0.454,11949.72,13132.2489,2.7158,2.12,2.737,6965.694,2.819,6761.891,2.8475,8139.9485,2.8645,8169.0448,2.8846,8995.9827,3.0125,6879.9273,3.153,4939.7253
20120702,002607.SZ,2.7213,2.7237,2.6157,2.6157,2.6967,-0.08099999999999996,-3.0037,14910.15,16253.0733,3.3887,2.14,2.7046,9148.424,2.7881,7354.428,2.8269,8721.3885,2.8457,8192.9543,2.8764,9244.5147,3.0035,7110.6562,3.146,5052.1347
20120703,002607.SZ,2.6157,2.6574,2.5616,2.655,2.6157,0.03929999999999989,1.5025,16517.24,17501.9224,3.7539,1.81,2.684,11254.246,2.7606,8330.451,2.8006,8564.7662,2.8295,8445.4443,2.8699,9671.565,2.9954,7376.5,3.14,5175.4259
20120704,002607.SZ,2.6304,2.6378,2.5739,2.5813,2.655,-0.07369999999999965,-2.7759,10635.17,11230.9058,2.4171,0.94,2.6515,12308.638,2.7279,8880.398,2.7725,8437.0362,2.8147,8597.361,2.8581,9575.436,2.9851,7515.2877,3.1343,5254.3369
20120705,002607.SZ,2.5764,2.5764,2.4266,2.4315,2.5813,-0.14979999999999993,-5.8033,17603.23,17621.9437,4.0007,1.43,2.596,14323.102,2.6813,9978.951,2.7345,9099.9938,2.7954,9123.621,2.8401,9795.0813,2.9714,7783.4045,3.1267,5385.7601
20120706,002607.SZ,2.4413,2.4511,2.2497,2.3185,2.4315,-0.11300000000000043,-4.6473,36474.71,34580.7317,8.2897,2.55,2.5204,19228.1,2.6287,13096.897,2.6875,11385.9708,2.7702,10663.0333,2.821,10738.6823,2.9558,8370.1253,3.1174,5672.9337
20120709,002607.SZ,2.3062,2.3062,2.2006,2.2252,2.3185,-0.09329999999999972,-4.0242,19278.76,17685.228,4.3815,1.0,2.4423,20101.822,2.5734,14625.123,2.635,12473.8985,2.7419,11324.3,2.7975,11125.6023,2.9387,8618.9055,3.109,5819.1092
20120710,002607.SZ,2.235,2.2841,2.1982,2.2546,2.2252,0.02939999999999987,1.3212,11380.9,10367.2106,2.5866,0.57,2.3622,19074.554,2.5231,15164.4,2.5855,12840.2985,2.7136,11433.1824,2.7739,11303.9983,2.9215,8775.384,3.1035,5893.6647
20120711,002607.SZ,2.2473,2.2645,2.2252,2.2424,2.2546,-0.012199999999999989,-0.5411,7854.38,7182.6767,1.7851,0.41,2.2944,18518.396,2.473,15413.517,2.5392,13037.1546,2.6829,11451.1367,2.7491,10860.5287,2.9032,8866.401,3.098,5927.4829
20120712,002607.SZ,2.2522,2.2792,2.181,2.2546,2.2424,0.012199999999999989,0.5441,13034.59,11874.5852,2.9624,0.7,2.2591,17604.668,2.4276,15963.885,2.4989,13732.3923,2.653,11721.7633,2.7245,10641.3023,2.8839,9037.8427,3.0902,5989.3047
20120713,002607.SZ,2.2546,2.2964,2.2203,2.2325,2.2546,-0.02210000000000001,-0.9802,9337.41,8588.4638,2.1221,0.53,2.2419,12177.208,2.3811,15702.654,2.4585,13990.0292,2.6166,11282.91,2.6985,10472.281,2.8667,8972.2072,3.082,5999.0349
20120716,002607.SZ,2.2325,2.2325,2.009,2.0139,2.2325,-0.2185999999999999,-9.7917,17052.09,14614.4879,3.8755,1.4,2.1996,11731.874,2.321,15916.848,2.4024,14889.1738,2.5722,11509.4067,2.6658,10666.8523,2.8487,9081.4372,3.0727,6092.9153
20120717,002607.SZ,2.0262,2.0753,2.0017,2.068,2.0139,0.05410000000000004,2.6863,10095.89,8394.4127,2.2945,0.86,2.1623,11474.872,2.2623,15274.713,2.3531,15086.48,2.5313,11562.3167,2.6383,10755.218,2.8305,9157.1802,3.0649,6149.9703
20120718,002607.SZ,2.0753,2.1196,2.0459,2.1073,2.068,0.03929999999999989,1.9004,11659.09,9878.6626,2.6498,1.02,2.1353,12235.814,2.2149,15377.105,2.3077,15064.1238,2.4922,11795.749,2.614,10925.462,2.8131,9297.2733,3.0574,6233.2072
20120719,002607.SZ,2.0876,2.1613,2.0876,2.1196,2.1073,0.0123000000000002,0.5837,11416.06,9885.6049,2.5946,0.93,2.1083,11912.108,2.1837,14758.388,2.2696,14795.3477,2.4546,12094.8138,2.5897,11167.7623,2.7958,9435.0975,3.0491,6295.7772
20120720,002607.SZ,2.1196,2.1318,2.0852,2.0876,2.1196,-0.03200000000000003,-1.5097,7187.11,6155.2319,1.6334,0.6,2.0793,11482.048,2.1606,11829.628,2.2259,14077.6454,2.416,12121.9286,2.5653,11227.594,2.7788,9472.3243,3.0423,6330.7452
20120723,002607.SZ,2.0778,2.0778,2.0311,2.0459,2.0876,-0.04170000000000007,-1.9975,7117.77,5933.8364,1.6177,0.62,2.0857,9495.184,2.1426,10613.529,2.1847,13807.0762,2.378,12208.7152,2.5386,11161.7073,2.7622,9510.7943,3.0345,6367.0622
20120724,002607.SZ,2.0459,2.0975,2.0385,2.0827,2.0459,0.036799999999999944,1.7987,5664.34,4766.2074,1.2874,0.6,2.0886,8608.874,2.1255,10041.873,2.1579,12888.7,2.3449,12288.1362,2.5118,11101.274,2.7455,9573.9217,3.0266,6401.7227
20120725,002607.SZ,2.0753,2.1122,2.0655,2.0753,2.0827,-0.007400000000000073,-0.3553,7356.01,6255.2934,1.6718,0.85,2.0822,7748.258,2.1087,9992.036,2.1392,10648.8,2.3124,12353.2733,2.4848,11101.4267,2.7286,9675.4303,3.0188,6455.9395
20120726,002607.SZ,2.0704,2.1245,2.0704,2.0925,2.0753,0.017199999999999882,0.8288,8101.13,6925.1871,1.8412,1.05,2.0768,7085.272,2.0925,9498.69,2.129,9788.9823,2.2814,12483.6505,2.4547,10753.02,2.7129,9770.9023,3.0111,6517.5489
20120727,002607.SZ,2.0876,2.122,2.041,2.0557,2.0925,-0.036799999999999944,-1.7587,7560.79,6420.9763,1.7184,1.07,2.0704,7160.008,2.0749,9321.028,2.1137,9495.1277,2.2503,12485.0733,2.425,10595.191,2.6961,9787.8372,3.0032,6570.1024
20120730,002607.SZ,2.0778,2.0827,2.0115,2.0115,2.0557,-0.04420000000000002,-2.1501,5206.0,4320.993,1.1832,0.73,2.0635,6777.654,2.0746,8136.419,2.0959,9291.4062,2.2177,12163.9438,2.3945,10469.2317,2.6787,9814.604,2.9948,6605.1473
20120731,002607.SZ,2.0115,2.0459,1.982,2.0238,2.0115,0.0123000000000002,0.6115,7215.79,5897.9683,1.64,1.06,2.0518,7087.944,2.0702,7848.409,2.0782,8843.8062,2.1895,11797.5457,2.3643,10484.5243,2.6608,9819.3677,2.9857,6653.9726
20120801,002607.SZ,2.0336,2.0827,2.0262,2.0508,2.0238,0.027000000000000135,1.3341,5634.0,4713.555,1.2805,0.79,2.0469,6743.542,2.0645,7245.9,2.0642,8558.9285,2.1607,11279.2962,2.3358,10501.1343,2.6425,9736.9725,2.9768,6692.2626
20120802,002607.SZ,2.0361,2.0459,1.9918,2.0066,2.0508,-0.04420000000000002,-2.1553,5315.51,4361.0414,1.2081,0.79,2.0297,6186.418,2.0532,6635.845,2.0636,7656.1146,2.1334,11025.979,2.3061,10457.728,2.6239,9749.6623,2.9685,6723.049
20120803,002607.SZ,2.0262,2.0508,1.9943,2.041,2.0066,0.034399999999999764,1.7143,5922.29,4878.0252,1.346,0.96,2.0267,5858.718,2.0486,6509.363,2.0616,7335.0685,2.1148,10469.7438,2.2793,10478.6293,2.6049,9738.1298,2.96,6765.5866
20120806,002607.SZ,2.0262,2.0975,2.0262,2.0876,2.041,0.0466000000000002,2.2832,9359.36,7877.4239,2.1271,1.6,2.042,6689.39,2.0528,6733.522,2.06,7158.1662,2.1038,9178.5367,2.2563,10657.3913,2.5874,9838.4305,2.9514,6828.1691
20120807,002607.SZ,2.0876,2.1392,2.0753,2.1392,2.0876,0.05160000000000009,2.4717,14950.5,12911.9092,3.3978,2.23,2.065,8236.332,2.0584,7662.138,2.0616,7430.0462,2.0997,8972.429,2.2356,10956.137,2.572,10004.3597,2.9432,6936.2347
20120808,002607.SZ,2.1146,2.1367,2.0778,2.0827,2.1392,-0.05650000000000022,-2.6412,13316.47,11411.5829,3.0265,1.62,2.0714,9772.826,2.0591,8258.184,2.0612,7901.5354,2.0915,9064.599,2.2136,11221.2457,2.557,10107.9095,2.9327,7009.1925
20120809,002607.SZ,2.0778,2.1662,2.0582,2.1466,2.0827,0.06389999999999985,3.0681,15400.21,13271.9522,3.5,1.58,2.0994,11789.766,2.0646,8988.092,2.0689,8538.6462,2.0869,9423.9243,2.1949,11483.5557,2.5438,10292.0425,2.9229,7100.0437
20120810,002607.SZ,2.1367,2.2792,2.1367,2.176,2.1466,0.029400000000000315,1.3696,34067.6,30658.9981,4.2654,2.89,2.1264,17418.828,2.0766,11638.773,2.0761,10723.5123,2.0832,10425.4962,2.1775,12220.8183,2.531,10608.4005,2.9133,7357.4675
20120813,002607.SZ,2.1662,2.2276,2.1662,2.176,2.176,0.0,0.0,21076.86,18885.2315,2.6389,1.21,2.1441,19762.328,2.093,13225.859,2.0838,11778.9623,2.0805,10984.5176,2.1629,12426.3753,2.5196,10835.445,2.9039,7523.2165
20120814,002607.SZ,2.1613,2.2546,2.1318,2.2546,2.176,0.07859999999999978,3.6121,21229.22,19044.7387,2.658,1.07,2.1672,21018.072,2.1161,14627.202,2.0963,12788.8154,2.092,11183.4286,2.1495,12583.4413,2.5097,11127.5032,2.8948,7695.3642
20120815,002607.SZ,2.235,2.2792,2.2178,2.2227,2.2546,-0.03189999999999982,-1.4149,14389.99,13129.8005,1.8017,0.68,2.1952,21232.776,2.1333,15502.801,2.1092,13314.1385,2.0993,11387.9095,2.1376,12708.602,2.4978,11142.019,2.8852,7788.1554
20120816,002607.SZ,2.1982,2.2374,2.1711,2.1736,2.2227,-0.049100000000000144,-2.209,10127.5,9094.3125,1.268,0.48,2.2006,20178.234,2.15,15984.0,2.1216,13692.7154,2.1025,11314.9767,2.129,12459.411,2.4845,11127.2462,2.8748,7856.3482
20120817,002607.SZ,2.1613,2.2153,2.1613,2.208,2.1736,0.03440000000000021,1.5826,8332.37,7447.4323,1.0432,0.41,2.207,15031.188,2.1667,16225.008,2.1358,13778.6062,2.1067,11168.1343,2.1253,11521.333,2.4731,11130.0077,2.8634,7899.2127
20120820,002607.SZ,2.2031,2.2473,2.1613,2.2276,2.208,0.019599999999999618,0.8877,8634.63,7777.9065,1.0811,0.57,2.2173,12542.742,2.1807,16152.535,2.1494,14009.4238,2.1134,11237.0638,2.1254,11166.5287,2.4614,11146.0655,2.8519,7942.4658
20120821,002607.SZ,2.2104,2.2546,2.1859,2.235,2.2276,0.007400000000000073,0.3322,15155.27,13786.4037,1.8975,1.21,2.2134,11327.952,2.1903,16173.012,2.167,14766.3285,2.1224,11619.8019,2.1247,11292.341,2.4493,11298.1697,2.8409,8042.4146
20120822,002607.SZ,2.2399,2.2473,2.2104,2.2301,2.235,-0.004899999999999682,-0.2192,11148.17,10094.5297,1.3958,0.98,2.2149,10679.588,2.205,15956.182,2.1815,15168.3192,2.1294,11880.9367,2.1243,11402.134,2.4367,11131.3313,2.8298,8119.5625
20120823,002607.SZ,2.2448,2.2448,2.2006,2.2252,2.2301,-0.0049000000000001265,-0.2197,7588.42,6865.8888,0.9501,0.71,2.2252,10171.772,2.2129,15175.003,2.1921,15032.0931,2.1365,11892.0038,2.1233,11220.595,2.4239,10930.9487,2.8196,8152.5872
20120824,002607.SZ,2.2203,2.2301,2.1515,2.1662,2.2252,-0.05900000000000016,-2.6514,9895.1,8833.9012,1.2389,0.97,2.2168,10484.318,2.2119,12757.753,2.1942,14643.2162,2.14,11977.431,2.1211,11239.1847,2.4098,10855.7328,2.8099,8201.8539
20120827,002607.SZ,2.1441,2.1613,2.0925,2.1245,2.1662,-0.04170000000000007,-1.925,12396.06,10777.6194,1.552,1.18,2.1962,11236.604,2.2068,11889.673,2.1974,14572.4154,2.1433,12207.6819,2.1248,11083.9837,2.3953,10875.418,2.7996,8295.3363
20120828,002607.SZ,2.149,2.235,2.1318,2.1613,2.1245,0.03680000000000039,1.7322,15226.0,13599.9337,1.9063,1.36,2.1815,11250.75,2.1974,11289.351,2.1985,14559.0146,2.1504,12684.8248,2.1279,11254.9873,2.3831,11005.1027,2.7893,8401.2742
20120829,002607.SZ,2.1834,2.2473,2.1613,2.176,2.1613,0.014699999999999935,0.6801,10707.21,9592.1384,1.3406,0.95,2.1706,11162.558,2.1928,10921.073,2.1985,12762.0615,2.1577,12851.0829,2.1302,11223.258,2.3721,11074.36,2.7785,8461.766
20120830,002607.SZ,2.176,2.1785,2.0336,2.0606,2.176,-0.11540000000000017,-5.3033,12212.05,10414.2502,1.529,1.09,2.1377,12087.284,2.1815,11129.528,2.1896,12080.1531,2.1581,13164.3233,2.1282,11249.791,2.359,11208.7767,2.7675,8549.2801
20120831,002607.SZ,2.0582,2.0803,1.8617,1.9918,2.0606,-0.06879999999999997,-3.3388,13262.0,10784.3677,1.6604,1.1,2.1028,12760.664,2.1598,11622.491,2.1694,11467.29,2.1574,13542.7276,2.125,11452.2873,2.3452,11339.9407,2.7549,8597.2423
20120903,002607.SZ,1.9845,2.0582,1.955,2.0139,1.9918,0.02210000000000001,1.1095,20986.76,17046.4478,2.6276,1.64,2.0807,14478.804,2.1385,12857.704,2.1534,11974.7338,2.1562,14260.0833,2.124,11914.587,2.3313,11538.1472,2.7424,8741.8225
20120904,002607.SZ,2.0139,2.0262,1.982,1.9968,2.0139,-0.017100000000000115,-0.8491,13110.04,10686.0961,1.6414,0.91,2.0478,14055.612,2.1146,12653.181,2.1398,12204.16,2.1518,14438.6871,2.1211,12162.777,2.3164,11632.0255,2.7296,8826.3999
20120905,002607.SZ,1.9968,2.0189,1.9599,1.9992,1.9968,0.0024000000000001798,0.1202,12532.01,10169.2973,1.5691,0.89,2.0125,14420.572,2.0916,12791.565,2.1237,12527.2092,2.1452,14323.521,2.1186,12335.3103,2.3017,11718.3685,2.7169,8910.4651
20120906,002607.SZ,1.9894,2.0189,1.9894,2.0164,1.9992,0.017199999999999882,0.8603,10673.43,8697.8993,1.3364,0.74,2.0036,14112.848,2.0707,13100.066,2.1075,12684.04,2.142,14197.6619,2.116,12421.0537,2.2854,11587.0368,2.7046,8978.5686
20120907,002607.SZ,2.0287,2.1245,2.0238,2.1146,2.0164,0.09819999999999984,4.8701,21362.76,18159.906,2.6747,1.51,2.0282,15733.0,2.0655,14246.832,2.0982,13161.5392,2.1405,14481.5929,2.118,12881.1193,2.2715,11738.1552,2.6934,9058.1367
20120910,002607.SZ,2.1146,2.2227,2.1048,2.1957,2.1146,0.08110000000000017,3.8352,32388.02,28501.3514,4.0551,2.06,2.0645,18013.252,2.0726,16246.028,2.0956,14795.3738,2.1414,14401.6129,2.1241,13787.1867,2.2593,12128.2092,2.6826,9274.7429
20120911,002607.SZ,2.1957,2.2522,2.1662,2.2424,2.1957,0.046699999999999964,2.1269,34227.37,30925.0161,4.2854,1.9,2.1137,22236.718,2.0807,18146.165,2.0969,16844.5238,2.1446,15027.8276,2.1314,14687.5727,2.2479,12586.0485,2.671,9497.5615
20120912,002607.SZ,2.2424,2.2473,2.1932,2.2227,2.2424,-0.01969999999999983,-0.8785,18237.44,16511.3022,2.2834,0.82,2.1584,23377.804,2.0854,18899.188,2.1012,17486.2423,2.1431,14885.3619,2.1372,15107.6873,2.2365,12804.4108,2.659,9626.9458
20120913,002607.SZ,2.2227,2.235,2.1711,2.1711,2.2227,-0.05160000000000009,-2.3215,14139.55,12665.9824,1.7703,0.6,2.1893,24071.028,2.0965,19091.938,2.1048,17620.3569,2.1406,14873.4362,2.1426,15401.822,2.2243,12929.775,2.6481,9716.9567
20120914,002607.SZ,2.1662,2.2031,2.1417,2.1687,2.1711,-0.0024000000000001798,-0.1105,12332.76,10913.1437,1.5441,0.51,2.2001,22265.028,2.1142,18999.014,2.1054,17397.8,2.1404,14978.4486,2.1469,15615.5043,2.2131,13047.0668,2.6379,9785.1826
20120917,002607.SZ,2.1515,2.3848,2.1515,2.2497,2.1687,0.08099999999999996,3.735,46652.89,43386.84,5.8411,2.1,2.2109,25118.002,2.1377,21565.627,2.111,20162.8523,2.1424,16803.2352,2.1523,16858.622,2.2043,13758.0067,2.6288,10155.3211
20120918,002607.SZ,2.2497,2.2767,2.2006,2.2227,2.2497,-0.02699999999999969,-1.2002,19794.68,18018.9829,2.4784,0.79,2.207,22231.464,2.1603,22234.091,2.1235,20746.1315,2.1421,17334.6662,2.1551,17020.0947,2.1954,13988.1158,2.6193,10278.2561
20120919,002607.SZ,2.2129,2.2546,2.1146,2.2546,2.2227,0.03189999999999982,1.4352,24055.03,21390.4489,3.0118,1.08,2.2134,23394.982,2.1859,23386.393,2.1437,21576.3646,2.1431,17758.4643,2.1608,17378.0467,2.1872,14299.6462,2.6098,10461.3224
20120920,002607.SZ,2.2988,2.456,2.262,2.3062,2.2546,0.05160000000000009,2.2887,85040.76,81929.4207,10.6474,3.64,2.2404,37575.224,2.2148,30823.126,2.1662,26503.5954,2.1467,21277.159,2.1661,19699.3983,2.1805,15591.477,2.6009,11157.6452
20120921,002607.SZ,2.2424,2.262,2.1613,2.2374,2.3062,-0.06879999999999997,-2.9833,33967.57,30700.7504,4.2529,0.9,2.2541,41902.186,2.2271,32083.607,2.1847,28108.0208,2.1473,22533.309,2.1682,19696.064,2.1728,15958.4412,2.5927,11419.1842
20120924,002607.SZ,2.2203,2.2203,2.0778,2.1245,2.2374,-0.11290000000000022,-5.046,30723.18,26561.429,3.8466,0.73,2.2291,38716.244,2.22,31917.123,2.1944,29507.3415,2.1453,23525.1224,2.1665,20017.608,2.1647,16221.9917,2.5841,11666.3239
20120925,002607.SZ,2.0975,2.1122,2.0532,2.068,2.1245,-0.05649999999999977,-2.6594,22920.38,19387.605,2.8697,0.59,2.1981,39341.384,2.2026,30786.424,2.1983,30449.4146,2.1426,24026.2805,2.1602,20073.98,2.1549,16328.7107,2.5751,11852.6053
20120926,002607.SZ,2.0336,2.0925,1.9673,1.9673,2.068,-0.10070000000000001,-4.8694,11547.95,9563.2187,1.4458,0.29,2.1407,36839.968,2.177,30117.475,2.187,29694.4292,2.1333,23851.1352,2.1517,19979.2453,2.1446,16343.9237,2.5649,11929.6057
20120927,002607.SZ,1.9648,2.0336,1.842,2.0189,1.9673,0.05159999999999987,2.6229,21054.59,16997.0674,2.6361,0.57,2.0832,24042.734,2.1618,30808.979,2.1734,28822.6269,2.1259,24343.8676,2.1466,20343.4817,2.1378,16401.4463,2.5546,12092.4254
20120928,002607.SZ,2.0017,2.0508,1.9869,2.0361,2.0189,0.017199999999999882,0.8519,22434.15,18406.3041,2.8088,0.93,2.043,21736.05,2.1485,31819.118,2.1575,27915.4562,2.1247,24830.6343,2.1408,20813.541,2.1331,16167.437,2.5444,12268.7812
20121008,002607.SZ,2.0361,2.0434,2.0041,2.0336,2.0361,-0.0024999999999999467,-0.1228,11922.19,9791.9824,1.4927,0.55,2.0248,17975.852,2.1269,28346.048,2.143,27429.6677,2.1267,24766.8338,2.1344,20923.1263,2.1299,16044.8275,2.5343,12331.8665
20121009,002607.SZ,2.0336,2.1024,2.0287,2.0999,2.0336,0.06630000000000003,3.2602,16093.46,13536.005,2.015,0.9,2.0312,16610.468,2.1147,27975.926,2.1375,27579.9685,2.1308,24533.8195,2.1299,20954.3993,2.1273,16123.3702,2.5244,12449.3771
20121010,002607.SZ,2.1048,2.262,2.0999,2.176,2.0999,0.07610000000000028,3.624,48433.61,43102.2209,6.0641,2.92,2.0729,23987.6,2.1068,30413.784,2.1381,30356.9569,2.1393,26215.8943,2.1281,22197.2473,2.1262,16799.6907,2.5147,12833.0458
20121011,002607.SZ,2.1392,2.1687,2.0999,2.1122,2.176,-0.06380000000000008,-2.932,22168.12,19193.7675,2.7755,0.92,2.0916,24210.306,2.0874,24126.52,2.1275,28473.5131,2.1447,26674.7567,2.1243,22683.2373,2.1238,16951.9162,2.5038,12994.8794
20121012,002607.SZ,2.1073,2.1736,2.0876,2.1196,2.1122,0.007400000000000073,0.3503,17067.17,14796.2407,2.1369,0.7,2.1083,23136.91,2.0756,22436.48,2.1196,28263.7046,2.1496,26979.2205,2.1227,22922.3063,2.1219,17080.7455,2.4943,13026.4763
20121015,002607.SZ,2.0876,2.0876,1.9673,1.9968,2.1196,-0.12280000000000024,-5.7935,19799.15,16130.0636,2.4789,0.86,2.1009,24712.302,2.0628,21344.077,2.0997,27936.3292,2.144,26904.7629,2.1185,23169.076,2.1216,17126.5298,2.4851,13103.9835
20121016,002607.SZ,1.9894,2.0189,1.9771,2.0189,1.9968,0.02210000000000001,1.1068,16338.99,13325.3062,2.0457,0.66,2.0847,24761.408,2.0579,20685.938,2.0776,22651.5777,2.1356,26140.5233,2.1137,23206.1757,2.1208,17230.5815,2.4757,13193.8808
20121017,002607.SZ,2.0336,2.0483,1.9599,2.0041,2.0189,-0.014799999999999702,-0.7331,19978.59,16315.9701,2.5014,0.81,2.0503,19070.404,2.0616,21529.002,2.0597,21575.5023,2.1242,25462.01,2.108,23515.2217,2.1191,17369.2398,2.4661,13333.2566
20121018,002607.SZ,2.0041,2.0336,1.9845,2.0238,2.0041,0.01969999999999983,0.983,16825.01,13811.3832,2.1065,0.88,2.0326,18001.782,2.0621,21106.044,2.0519,20506.4123,2.1148,25394.7514,2.1068,23668.987,2.1175,17459.389,2.4566,13447.2432
20121019,002607.SZ,2.0238,2.0434,2.0115,2.0262,2.0238,0.0023999999999997357,0.1186,14418.08,11887.6043,1.8052,0.8,2.014,17471.964,2.0611,20304.437,2.0487,19852.3892,2.1079,25408.0148,2.1079,23707.523,2.1165,17579.9052,2.4477,13526.1147
20121022,002607.SZ,2.0164,2.0287,1.9943,2.0262,2.0262,0.0,0.0,10749.28,8796.9353,1.3458,0.62,2.0198,15661.99,2.0604,20187.146,2.0533,19790.9531,2.1011,25332.611,2.1083,23366.2737,2.1162,17640.4303,2.4392,13575.6123
20121023,002607.SZ,2.0262,2.1539,1.9918,2.0852,2.0262,0.05900000000000016,2.9119,55417.54,46836.1624,6.9385,3.54,2.0331,23477.7,2.0589,24119.554,2.0584,22434.2569,2.0932,25749.9752,2.1113,24776.5237,2.1162,18469.6503,2.4309,14021.786
20121024,002607.SZ,2.0508,2.208,2.0017,2.1736,2.0852,0.08840000000000003,4.2394,74208.69,64401.0259,9.2912,3.16,2.067,34323.72,2.0587,26697.062,2.0689,26416.9138,2.0909,28341.1186,2.1171,26832.413,2.1178,19583.8617,2.4232,14629.646
20121025,002607.SZ,2.1539,2.2006,2.0975,2.1024,2.1736,-0.07120000000000015,-3.2757,44666.26,38929.2825,5.5924,1.3,2.0827,39891.97,2.0577,28946.876,2.0742,28935.6885,2.0837,29322.6057,2.12,27965.5073,2.118,20193.2805,2.4154,14982.0914
20121026,002607.SZ,2.0876,2.0876,2.0066,2.009,2.1024,-0.09339999999999993,-4.4425,20354.32,16837.1672,2.5484,0.51,2.0793,41079.218,2.0466,29275.591,2.0672,29263.4469,2.0695,26242.299,2.1164,27931.8927,2.1172,20406.506,2.4067,15097.1716
20121029,002607.SZ,1.9697,2.0434,1.9575,1.982,2.009,-0.026999999999999913,-1.344,16730.63,13608.2688,2.0947,0.41,2.0704,42275.488,2.0451,28968.739,2.0523,26824.7562,2.0573,25421.4924,2.1093,27409.9797,2.1167,20598.5832,2.3977,15206.5936
20121030,002607.SZ,1.982,2.0115,1.9722,1.9869,1.982,0.0049000000000001265,0.2472,10746.74,8696.6471,1.3455,0.25,2.0508,33341.328,2.0419,28409.514,2.0427,25946.1885,2.0508,24470.2333,2.1008,26627.292,2.1161,20657.4323,2.3884,15238.4
20121031,002607.SZ,1.9894,1.9943,1.9525,1.9796,1.9869,-0.007300000000000084,-0.3674,10494.36,8434.4487,1.3139,0.31,2.012,20598.462,2.0395,27461.091,2.0319,25440.5877,2.0466,23878.5181,2.0927,26369.1893,2.1149,20738.4383,2.3787,15237.7054
20121101,002607.SZ,1.982,2.0189,1.982,2.0017,1.9796,0.02210000000000001,1.1164,17754.0,14474.9253,2.2229,0.86,1.9918,15216.01,2.0373,27553.99,2.0323,25283.2685,2.0482,24174.0443,2.0871,26489.671,2.1148,20945.7465,2.3694,15347.7044
20121102,002607.SZ,1.9968,2.0238,1.9968,2.0189,2.0017,0.017199999999999882,0.8593,18041.22,14763.093,2.2588,1.19,1.9938,14753.39,2.0366,27916.304,2.0323,25414.2092,2.0482,24030.5505,2.0821,26679.953,2.1145,21147.7287,2.3597,15442.9292
20121105,002607.SZ,2.0213,2.0262,1.9796,1.9845,2.0189,-0.034399999999999986,-1.7039,16718.27,13614.3258,2.0932,1.13,1.9943,14750.918,2.0324,28513.203,2.0308,25163.4154,2.0458,23758.3657,2.0732,25682.1323,2.1128,21270.3772,2.3501,15554.4038
20121106,002607.SZ,1.9869,2.0066,1.928,1.9501,1.9845,-0.034399999999999986,-1.7334,16349.78,13012.3871,2.047,1.11,1.987,15871.526,2.0189,24606.427,2.0251,25126.8592,2.0418,23969.2033,2.0641,25567.3023,2.1096,21293.6985,2.3408,15649.0291
20121107,002607.SZ,1.9501,1.9747,1.9427,1.9624,1.9501,0.012299999999999978,0.6307,10500.56,8367.409,1.3147,0.66,1.9835,15872.766,1.9978,18235.614,2.0202,24825.5115,2.0352,23702.8748,2.0544,25115.4867,2.1076,21246.7667,2.3323,15677.3381
20121108,002607.SZ,1.9378,1.9501,1.8641,1.8764,1.9624,-0.08599999999999985,-4.3824,16940.74,13158.6092,2.121,1.07,1.9585,15710.114,1.9752,15463.062,2.0087,25301.7777,2.021,22203.2143,2.0401,22845.486,2.1031,21272.4422,2.3235,15782.2423
20121109,002607.SZ,1.8641,1.874,1.8445,1.8445,1.8764,-0.03190000000000004,-1.7001,8234.16,6222.9865,1.0309,0.52,1.9236,13748.702,1.9587,14251.046,1.9902,21672.2869,2.0082,21539.6924,2.027,21987.7057,2.0976,20841.8848,2.3143,15725.1427
20121112,002607.SZ,1.8445,1.8715,1.8297,1.8518,1.8445,0.007299999999999862,0.3958,8540.19,6419.7297,1.0693,0.62,1.897,12113.086,1.9457,13432.002,1.9654,16620.8638,1.9955,21133.6457,2.0179,21248.2727,2.0922,20632.9403,2.3059,15734.1927
20121113,002607.SZ,1.8518,1.8543,1.7561,1.7708,1.8518,-0.08099999999999996,-4.3741,13655.38,10014.2015,1.7097,1.13,1.8612,11574.206,1.9241,13722.866,1.9399,14235.4115,1.9847,20841.0852,2.008,20939.4393,2.0841,20506.7097,2.2969,15817.1064
20121114,002607.SZ,1.761,1.815,1.761,1.8003,1.7708,0.02950000000000008,1.6659,8785.97,6405.8807,1.1,0.76,1.8288,11231.288,1.9061,13552.027,1.9238,13345.5385,1.9743,20481.4176,2.0024,20847.3733,2.0771,20413.3093,2.2875,15777.6642
20121115,002607.SZ,1.788,1.8076,1.7634,1.7634,1.8003,-0.03689999999999993,-2.0497,10488.56,7623.4799,1.3132,0.93,1.8062,9940.852,1.8823,12825.483,1.907,12865.3792,1.9628,20029.5114,1.9939,20495.1723,2.0702,20419.327,2.2774,15773.2866
20121116,002607.SZ,1.7561,1.7806,1.7364,1.7634,1.7634,0.0,0.0,7563.03,5417.9337,0.9469,0.76,1.7899,9806.626,1.8568,11777.664,1.8898,12620.4785,1.9504,19588.4648,1.9848,19999.4683,2.0628,20406.5047,2.268,15768.2562
20121119,002607.SZ,1.788,1.7904,1.761,1.7782,1.7634,0.014799999999999924,0.8393,8009.66,5789.0704,1.0028,0.82,1.7752,9700.52,1.8361,10906.803,1.8743,12429.3477,1.9386,19283.3019,1.9763,19869.0507,2.0553,20396.0885,2.2584,15771.077
20121120,002607.SZ,1.7757,1.7978,1.7757,1.7806,1.7782,0.0023999999999999577,0.135,7257.0,5275.5812,0.9086,0.75,1.7772,8420.844,1.8192,9997.525,1.8573,11621.8862,1.9269,19117.0029,1.9656,19574.502,2.0478,20264.4507,2.2485,15781.3102
20121121,002607.SZ,1.788,1.8003,1.7487,1.7929,1.7806,0.012299999999999978,0.6908,8213.72,5956.8456,1.0284,0.98,1.7757,8306.394,1.8022,9768.841,1.8399,10865.9246,1.913,16869.2019,1.9529,18233.839,2.0405,20215.5432,2.2386,15673.4372
20121122,002607.SZ,1.7904,1.7904,1.7683,1.7733,1.7929,-0.01959999999999984,-1.0932,4737.88,3430.4102,0.5932,0.57,1.7777,7156.258,1.7919,8548.555,1.8237,9944.3562,1.894,13561.0681,1.9416,17652.831,2.0329,20168.0342,2.2284,15549.4914
20121123,002607.SZ,1.7683,1.8003,1.7683,1.7954,1.7733,0.02210000000000001,1.2463,5887.63,4278.4294,0.7372,0.82,1.7841,6821.178,1.787,8313.902,1.8118,9139.5754,1.8793,11714.4667,1.9308,17280.1797,2.0268,20101.243,2.2183,15478.4879
20121126,002607.SZ,1.7978,1.7978,1.7659,1.7708,1.7954,-0.024600000000000177,-1.3702,4628.4,3347.0474,0.5795,0.68,1.7826,6144.926,1.7789,7922.723,1.7971,8687.8708,1.868,10965.6133,1.9232,16774.488,2.0209,19971.782,2.2081,15423.6
20121127,002607.SZ,1.7683,1.7683,1.6406,1.675,1.7708,-0.09579999999999989,-5.41,14451.0,9997.9208,1.8093,2.35,1.7615,7583.726,1.7693,8002.285,1.7816,8496.3523,1.8534,10857.0595,1.9118,16711.555,2.0128,19958.8653,2.1979,15481.984
20121128,002607.SZ,1.6431,1.6898,1.6013,1.6726,1.675,-0.0023999999999999577,-0.1433,12161.71,8109.3306,1.5227,1.6,1.7374,8373.324,1.7566,8339.859,1.7683,8798.4715,1.8384,10924.439,1.9007,16450.9923,2.0044,19983.107,2.1882,15528.7335
20121129,002607.SZ,1.648,1.6799,1.6333,1.6726,1.6726,0.0,0.0,8444.85,5708.816,1.0573,1.01,1.7173,9114.718,1.7475,8135.488,1.7546,8791.1377,1.8238,10826.8433,1.889,16171.6537,1.9979,19920.3203,2.1784,15564.5485
20121130,002607.SZ,1.6676,1.6922,1.648,1.6848,1.6726,0.012199999999999989,0.7294,5211.73,3555.4085,0.6525,0.57,1.6952,8979.538,1.7396,7900.358,1.7479,8141.6262,1.8087,10229.5924,1.8776,15864.7753,1.9928,19786.1492,2.169,15563.0449
20121203,002607.SZ,1.675,1.6824,1.6161,1.6161,1.6848,-0.06869999999999998,-4.0776,4150.77,2796.5231,0.5197,0.46,1.6642,8884.012,1.7234,7514.469,1.7338,7785.0723,1.7895,9568.1424,1.864,15644.825,1.9862,19505.5493,2.1587,15521.8482
20121204,002607.SZ,1.6161,1.6505,1.5841,1.6431,1.6161,0.026999999999999913,1.6707,5997.57,3952.2481,0.7509,0.68,1.6578,7193.326,1.7097,7388.526,1.7245,7439.6115,1.7733,9057.6329,1.8492,13997.4927,1.9803,19387.0082,2.1484,15509.5168
20121205,002607.SZ,1.6431,1.7168,1.6259,1.6971,1.6431,0.05400000000000005,3.2865,11603.75,7975.55,1.4528,1.61,1.6627,7081.734,1.7001,7727.529,1.7194,7750.4362,1.7612,8831.6314,1.8334,11910.6613,1.9752,19371.5372,2.1385,15544.9528
20121206,002607.SZ,1.6947,1.7045,1.6652,1.675,1.6971,-0.02210000000000001,-1.3022,8172.07,5603.6316,1.0232,1.15,1.6632,7027.178,1.6903,8070.948,1.7115,7762.9292,1.7475,8720.751,1.8191,10694.1883,1.9695,19329.8478,2.1275,15458.4423
20121207,002607.SZ,1.6775,1.7782,1.6578,1.7708,1.675,0.09579999999999989,5.7194,26630.12,18807.3069,3.3342,3.79,1.6804,11310.856,1.6878,10145.197,1.7107,9253.1692,1.7425,9182.15,1.8112,10903.3817,1.9638,19417.6372,2.1177,15577.8962
20121210,002607.SZ,1.7659,1.7978,1.7438,1.7831,1.7708,0.012299999999999978,0.6946,18165.0,13122.3823,2.2743,1.61,1.7138,14113.702,1.689,11498.857,1.71,10018.6523,1.7396,9655.0471,1.8045,10951.194,1.9569,19180.5868,2.1081,15654.398
20121211,002607.SZ,1.7733,1.8101,1.7413,1.7683,1.7831,-0.014799999999999924,-0.83,12851.52,9337.6491,1.6091,0.91,1.7389,15484.492,1.6984,11338.909,1.7096,10642.7785,1.7356,9860.3486,1.7972,11021.3533,1.949,18824.3227,2.0985,15705.1856
20121212,002607.SZ,1.7487,1.7757,1.7438,1.7683,1.7683,0.0,0.0,8555.0,6124.3143,1.0711,0.55,1.7531,14874.742,1.7079,10978.238,1.7075,10847.9608,1.7355,9617.4733,1.7902,10956.708,1.9415,18662.9487,2.089,15733.6797
20121213,002607.SZ,1.7782,1.7782,1.7241,1.7315,1.7683,-0.036799999999999944,-2.0811,6574.55,4668.705,0.8232,0.44,1.7644,14555.238,1.7138,10791.208,1.7045,10997.6646,1.7322,9512.1676,1.7812,10584.0597,1.9341,18536.8653,2.0792,15733.3202
20121214,002607.SZ,1.7192,1.8224,1.7192,1.8199,1.7315,0.08840000000000003,5.1054,25052.33,18333.0266,3.1366,1.72,1.7742,14239.68,1.7273,12775.268,1.7156,11813.1515,1.7349,10205.6805,1.7746,10817.7633,1.9283,18748.8582,2.0707,15897.9625
20121217,002607.SZ,1.8199,1.8297,1.8003,1.8199,1.8199,0.0,0.0,13026.18,9629.8949,1.6309,0.91,1.7816,13211.916,1.7477,13662.809,1.727,11879.6492,1.7376,10465.8305,1.7691,10694.6937,1.9212,18188.413,2.0627,15973.2098
20121218,002607.SZ,1.8052,1.8494,1.7978,1.8101,1.8199,-0.009800000000000031,-0.5385,15759.67,11655.3455,1.9732,1.19,1.7899,13793.546,1.7644,14639.019,1.7375,12442.3277,1.7391,10834.8786,1.7644,10675.0233,1.9143,18121.1628,2.0548,16054.6393
20121219,002607.SZ,1.8101,1.8789,1.8101,1.842,1.8101,0.03190000000000004,1.7623,16142.78,12119.9265,2.0211,1.17,1.8047,15311.102,1.7789,15092.922,1.7496,13283.1777,1.742,11258.011,1.7604,10863.0973,1.9074,17989.292,2.0473,16144.4691
20121220,002607.SZ,1.8273,1.8297,1.7536,1.7782,1.842,-0.06380000000000008,-3.4636,53189.5,38397.1868,6.6595,3.47,1.814,24634.092,1.7892,19594.665,1.7621,17055.3877,1.7413,13399.7148,1.7571,12071.3893,1.8986,17458.4377,2.0396,16524.9573
20121221,002607.SZ,1.7683,1.8052,1.7536,1.7904,1.7782,0.012199999999999989,0.6861,40842.6,29590.7967,5.1136,1.66,1.8081,27792.146,1.7912,21015.913,1.7734,19735.7746,1.7421,15118.9871,1.7553,13158.3373,1.8911,17573.0215,2.032,16765.7313
20121224,002607.SZ,1.7904,1.9697,1.7757,1.9697,1.7904,0.17930000000000001,10.0145,112070.47,87781.9579,14.0316,4.03,1.8381,47601.004,1.8098,30406.46,1.7944,27463.9838,1.7504,20175.3129,1.7593,16609.3467,1.8886,18928.8097,2.0266,17575.4007
20121225,002607.SZ,1.9943,2.1662,1.9943,2.1662,1.9697,0.1964999999999999,9.9761,162869.09,137900.7836,20.3918,3.42,1.9093,77022.888,1.8496,45408.217,1.8322,39363.7546,1.7693,27710.5838,1.7724,21583.137,1.8902,21261.2882,2.0225,18794.9994
20121226,002607.SZ,2.2374,2.2424,2.1196,2.2203,2.1662,0.05410000000000004,2.4975,159127.79,141637.2907,19.9233,2.07,1.985,105619.89,1.8948,60465.496,1.8668,49555.8831,1.7952,34599.9548,1.7864,26594.531,1.8944,23720.9522,2.0195,20032.4379
20121227,002607.SZ,2.1982,2.2031,2.1024,2.1024,2.2203,-0.11790000000000012,-5.3101,83990.3,73420.1276,10.5159,0.8,2.0498,111780.05,1.9319,68207.071,1.8913,54619.3677,1.8157,38020.3638,1.7977,29044.589,1.8958,24769.8807,2.0168,20585.6635
20121228,002607.SZ,2.0975,2.1687,2.0704,2.122,2.1024,0.019600000000000062,0.9323,84818.15,73399.8836,10.6195,0.76,2.1161,120575.16,1.9621,74183.653,1.9185,60155.2623,1.8371,41657.1876,1.8097,31619.7597,1.8972,25809.614,2.0152,20988.5255
20121231,002607.SZ,2.1171,2.1515,2.0778,2.1294,2.122,0.007400000000000073,0.3487,66392.83,56908.831,8.3126,0.55,2.1481,111439.632,1.9931,79520.318,1.9463,64604.3262,1.8583,44570.5733,1.8214,33565.8653,1.8988,26717.458,2.0144,21381.1427
20130104,002607.SZ,2.1343,2.2841,2.0876,2.2203,2.1294,0.09089999999999998,4.2688,120273.19,106879.2385,15.0586,1.08,2.1589,102920.452,2.0341,89971.67,1.9839,73350.3754,1.887,50100.2124,1.836,37333.0717,1.9008,28453.7868,2.0141,22288.5785
20130107,002607.SZ,2.1859,2.2055,2.1318,2.1908,2.2203,-0.02950000000000008,-1.3286,50741.9,44839.1862,6.3531,0.49,2.153,81243.274,2.069,93431.582,2.0124,75326.4962,1.9131,52230.8948,1.8493,38750.6777,1.9011,28492.2583,2.0136,22645.9745
20130108,002607.SZ,2.1859,2.2497,2.1269,2.2473,2.1908,0.05650000000000022,2.579,68047.98,60656.5988,8.5198,0.84,2.182,78054.81,2.1159,94917.43,2.0453,79558.9423,1.9393,54918.7152,1.8651,40861.0143,1.9033,29256.9227,2.0136,23104.4194
20130109,002607.SZ,2.2203,2.3627,2.1957,2.2743,2.2473,0.027000000000000135,1.2014,93870.69,86970.3357,11.7529,1.2,2.2124,79865.318,2.1643,100220.239,2.081,85567.4823,1.9679,58999.6019,1.8811,43793.783,1.9059,30536.9813,2.0139,23808.8634
20130110,002607.SZ,2.2571,2.2743,2.1982,2.2203,2.2743,-0.05400000000000027,-2.3744,60508.62,55028.8021,7.5759,0.76,2.2306,78688.476,2.1893,95064.054,2.1101,88980.2392,1.9893,60612.8638,1.8961,45656.457,1.9097,31215.4725,2.0156,24171.0012
20130111,002607.SZ,2.2252,2.2399,2.1417,2.1613,2.2203,-0.05899999999999972,-2.6573,46977.87,41547.1231,5.8818,0.6,2.2188,64029.412,2.1888,83474.932,2.1396,88502.4215,2.0073,61984.9052,1.9123,46740.686,1.912,31726.1205,2.0164,24478.351
20130114,002607.SZ,2.1441,2.235,2.1367,2.2178,2.1613,0.05649999999999977,2.6142,56131.57,50193.7612,7.0279,0.88,2.2242,65107.346,2.1886,73175.31,2.1725,89678.4962,2.0287,64045.86,1.9304,48206.348,1.9156,32328.6702,2.0173,24848.955
20130115,002607.SZ,2.2276,2.2694,2.1859,2.2374,2.2178,0.019600000000000062,0.8838,56487.66,51227.3653,7.0725,0.87,2.2222,62795.282,2.2021,70425.046,2.1931,85402.8954,2.051,66328.3676,1.9493,49807.775,1.9191,32989.7143,2.0183,25224.5517
20130116,002607.SZ,2.2497,2.2497,2.1613,2.1957,2.2374,-0.04170000000000007,-1.8638,44325.69,39677.6276,5.5497,0.71,2.2065,52886.282,2.2095,66375.8,2.1953,76284.1723,2.0731,68126.041,1.9663,51111.5737,1.922,33488.1745,2.0192,25534.0398
20130117,002607.SZ,2.2006,2.2694,2.1711,2.2596,2.1957,0.06389999999999985,2.9102,59215.14,53955.3498,7.4139,1.12,2.2144,52627.586,2.2225,65658.031,2.1984,68598.5838,2.0941,69752.8414,1.9877,52947.0527,1.9259,34295.9388,2.021,25968.1846
20130118,002607.SZ,2.2792,2.3725,2.262,2.2767,2.2596,0.017100000000000115,0.7568,69745.24,65294.044,8.7323,1.33,2.2374,57181.06,2.2281,60605.236,2.2118,67502.81,2.1158,72453.749,2.0089,55071.975,1.9291,34534.7338,2.0226,26502.1921
20130121,002607.SZ,2.2767,2.3946,2.2006,2.3922,2.2767,0.11549999999999994,5.0731,93824.35,88737.4377,11.7471,1.64,2.2723,64719.616,2.2483,64913.481,2.2325,68195.5946,2.1435,76171.1148,2.032,57812.6617,1.9327,34861.6615,2.0253,27222.7616
20130122,002607.SZ,2.3578,2.402,2.2841,2.3234,2.3922,-0.06879999999999997,-2.876,61806.14,59067.1213,7.7383,0.95,2.2895,65783.312,2.2559,64289.297,2.2475,67842.7723,2.1665,78345.5605,2.0537,59600.464,1.9364,35147.3262,2.0272,27670.3033
20130123,002607.SZ,2.2988,2.3283,2.2129,2.2694,2.3234,-0.053999999999999826,-2.3242,38636.79,35632.0911,4.8375,0.59,2.3043,64645.532,2.2554,58765.907,2.2512,61563.0492,2.1899,77652.5743,2.0703,60000.6863,1.9407,35452.034,2.029,27929.27
20130124,002607.SZ,2.2792,2.289,2.1122,2.1515,2.2694,-0.11790000000000012,-5.1952,44246.44,39621.1513,5.5398,0.68,2.2826,61651.792,2.2485,57139.689,2.2482,61063.3985,2.207,77814.6619,2.0826,60870.0677,1.9435,35910.6308,2.0301,28254.607
20130125,002607.SZ,2.149,2.1957,2.1122,2.1638,2.1515,0.0123000000000002,0.5717,24291.7,21381.5909,3.0414,0.39,2.2601,52561.084,2.2488,54871.072,2.2418,57697.5308,2.2163,73634.7205,2.0957,61251.407,1.9465,36136.3802,2.0313,28396.9062
20130128,002607.SZ,2.1613,2.2473,2.1441,2.2424,2.1638,0.07859999999999978,3.6325,28773.64,25823.6983,3.6026,0.55,2.2301,39550.942,2.2512,52135.279,2.2393,52690.0654,2.2199,67249.2229,2.1115,61925.3617,1.9509,36441.0348,2.0329,28589.7366
20130129,002607.SZ,2.2424,2.2546,2.2055,2.2546,2.2424,0.012199999999999989,0.5441,26518.2,24044.543,3.3202,0.67,2.2163,32493.354,2.2529,49138.333,2.242,50075.4177,2.2216,60934.4805,2.129,62590.15,1.9551,36587.1048,2.035,28766.4257
20130130,002607.SZ,2.2497,2.2546,2.1883,2.2104,2.2546,-0.04420000000000002,-1.9604,47111.39,42446.0101,5.8985,1.45,2.2045,34188.274,2.2544,49416.903,2.2458,50085.6885,2.2267,59178.3419,2.142,63325.452,1.9583,37071.6077,2.0364,29109.6682
20130131,002607.SZ,2.2104,2.2203,2.1662,2.1736,2.2104,-0.036799999999999944,-1.6649,23850.6,21164.2129,2.9862,0.7,2.209,30109.106,2.2458,45880.449,2.2424,47602.5369,2.2292,56275.1252,2.1538,63686.266,1.9614,37190.4798,2.0371,29230.4285
20130201,002607.SZ,2.1687,2.3529,2.1687,2.289,2.1736,0.11540000000000017,5.3092,59056.71,54559.8127,7.3941,1.96,2.234,37062.108,2.247,44811.596,2.2463,47800.1562,2.2368,55925.7862,2.1697,65129.5007,1.9671,37902.262,2.0383,29597.9802
20130204,002607.SZ,2.2718,2.348,2.235,2.3234,2.289,0.034399999999999764,1.5028,57864.13,54220.4346,7.2448,1.56,2.2502,42880.206,2.2402,41215.574,2.2562,48841.5746,2.2417,52953.9262,2.1858,66520.2123,1.9731,38691.6548,2.0404,29969.2107
20130205,002607.SZ,2.3062,2.316,2.2424,2.3062,2.3234,-0.017199999999999882,-0.7403,30111.61,28055.5439,3.7701,0.7,2.2605,43598.888,2.2384,38046.121,2.2597,46602.8415,2.2472,51971.5314,2.2034,65750.9493,1.9803,38911.1693,2.0417,30091.8057
20130206,002607.SZ,2.289,2.5174,2.289,2.4855,2.3062,0.17930000000000001,7.7747,90193.72,90224.8218,11.2926,2.07,2.3155,52215.354,2.26,43201.814,2.2758,48175.8015,2.2585,53026.0905,2.2266,67395.9867,1.9909,40277.162,2.0443,30559.5234
20130207,002607.SZ,2.4511,2.5592,2.4315,2.4757,2.4855,-0.009800000000000253,-0.3943,46936.64,47577.5671,5.8766,0.9,2.376,56832.562,2.2925,43470.834,2.2822,44569.0546,2.2681,50791.1357,2.2434,65224.859,2.0013,40917.1028,2.0468,30775.0216
20130208,002607.SZ,2.4511,2.596,2.4413,2.542,2.4757,0.06630000000000003,2.678,46173.21,47942.1387,5.781,0.81,2.4266,54255.862,2.3303,45658.985,2.299,43366.5215,2.2834,50108.4971,2.256,61334.9963,2.0142,41459.0667,2.0492,30982.8882
20130218,002607.SZ,2.5494,2.6427,2.5052,2.5715,2.542,0.02950000000000008,1.1605,34365.12,36066.6321,4.3026,0.63,2.4762,49556.06,2.3632,46218.133,2.3223,43037.9315,2.3029,49507.89,2.2677,57176.2407,2.027,41885.3858,2.0521,31149.3476
20130219,002607.SZ,2.5543,2.5666,2.4266,2.456,2.5715,-0.11549999999999994,-4.4915,37138.33,37362.3989,4.6498,0.75,2.5061,50961.404,2.3833,47280.146,2.3457,42491.1538,2.3143,48603.45,2.2794,55614.5083,2.0386,42329.5487,2.0544,31374.4378
20130220,002607.SZ,2.4241,2.5395,2.4069,2.5199,2.456,0.06389999999999985,2.6018,34295.75,34736.0531,4.2939,0.67,2.513,39781.81,2.4143,45998.582,2.3731,43260.6962,2.3277,47546.6924,2.2927,53930.4283,2.0512,42775.094,2.057,31590.7993
20130221,002607.SZ,2.4953,2.628,2.4487,2.6009,2.5199,0.0810000000000004,3.2144,57606.34,59670.969,7.2125,1.45,2.5381,41915.75,2.457,49374.156,2.4007,45478.5962,2.347,48179.1043,2.3084,53637.5453,2.0649,43601.7053,2.0601,31998.8969
20130222,002607.SZ,2.5739,2.596,2.5027,2.5174,2.6009,-0.08350000000000035,-3.2104,21893.01,22648.1406,2.7411,0.52,2.5331,37059.71,2.4799,45657.786,2.4209,45122.8123,2.3593,46401.86,2.3183,50358.206,2.0772,43845.6388,2.0625,32055.0447
20130225,002607.SZ,2.5027,2.5174,2.4487,2.4585,2.5174,-0.05889999999999995,-2.3397,17874.26,17971.6555,2.2379,0.48,2.5105,33761.538,2.4934,41658.799,2.44,42873.8023,2.368,43931.8133,2.3273,49262.618,2.0883,44006.6478,2.0644,32111.0955
20130226,002607.SZ,2.456,2.4978,2.3971,2.4143,2.4585,-0.04420000000000002,-1.7978,17043.3,16958.4957,2.1339,0.5,2.5022,29742.532,2.5042,40351.968,2.4585,42350.1638,2.369,40275.5729,2.3328,47562.462,2.099,44211.7382,2.066,32189.8862
20130227,002607.SZ,2.4167,2.4683,2.3946,2.4241,2.4143,0.009800000000000253,0.4059,10887.76,10752.1196,1.3632,0.37,2.483,25060.934,2.498,32421.372,2.4689,38644.86,2.3738,37850.8881,2.3378,44796.3643,2.1094,44295.0737,2.0681,32198.1583
20130228,002607.SZ,2.4364,2.4929,2.4167,2.4929,2.4241,0.06879999999999997,2.8382,17988.55,18025.8151,2.2522,0.72,2.4614,17137.376,2.4998,29526.563,2.4819,35577.5077,2.3845,36867.6386,2.3469,43379.0287,2.1215,44517.7428,2.0712,32244.7624
20130301,002607.SZ,2.4929,2.5027,2.4511,2.4683,2.4929,-0.024599999999999955,-0.9868,19498.55,19583.4764,2.4413,1.14,2.4516,16658.484,2.4924,26859.097,2.4944,34761.1185,2.3995,35689.1676,2.3571,42463.0513,2.1347,44601.8687,2.0737,32280.367
20130304,002607.SZ,2.4438,2.4438,2.235,2.262,2.4683,-0.20630000000000015,-8.358,29452.28,27927.8723,3.6875,1.77,2.4123,18974.088,2.4614,26367.813,2.4772,30088.7,2.4042,35934.9095,2.3586,41573.7417,2.1445,44890.0448,2.0744,32436.5759
20130305,002607.SZ,2.2374,2.321,2.2374,2.3136,2.262,0.05160000000000009,2.2812,12924.73,12026.2726,1.6182,0.68,2.3922,18150.374,2.4472,23946.453,2.4647,27472.3992,2.4076,35180.1995,2.3611,40121.644,2.1552,44964.7095,2.0766,32442.5149
20130306,002607.SZ,2.3136,2.3553,2.2841,2.3332,2.3136,0.019600000000000062,0.8472,11520.93,10923.0169,1.4425,0.63,2.374,18277.008,2.4285,21668.971,2.4487,24806.8392,2.4114,34466.0438,2.3657,39028.152,2.166,45069.8628,2.0794,32428.006
20130307,002607.SZ,2.3332,2.3701,2.2497,2.2866,2.3332,-0.0466000000000002,-1.9973,23584.4,22303.8086,2.9528,1.29,2.3327,19396.178,2.3971,18266.777,2.4267,23977.5531,2.415,33345.711,2.3666,37840.4607,2.1772,45393.7567,2.0817,32449.653
20130308,002607.SZ,2.2669,2.3259,2.2669,2.3013,2.2866,0.014699999999999935,0.6429,11493.08,10746.5535,1.439,0.59,2.2993,17795.084,2.3755,17226.784,2.4148,22004.8415,2.4211,32757.2576,2.3675,35898.722,2.1882,45485.3485,2.0842,32436.1783
20130311,002607.SZ,2.3038,2.3087,2.2473,2.2645,2.3013,-0.036799999999999944,-1.5991,9672.63,8960.8259,1.211,0.54,2.2998,13839.154,2.3561,16406.621,2.3952,20110.7554,2.4199,30405.6348,2.3632,33093.6647,2.1976,45453.1632,2.0864,32412.3502
20130312,002607.SZ,2.2669,2.2817,2.1146,2.1687,2.2645,-0.09580000000000011,-4.2305,15117.63,13505.7543,1.8928,1.09,2.2709,14277.734,2.3315,16214.054,2.362,16842.3931,2.4125,28370.0871,2.358,31537.381,2.2058,45568.9225,2.0877,32449.3852
20130313,002607.SZ,2.1367,2.2841,2.1196,2.2817,2.1687,0.11299999999999999,5.2105,37398.5,33919.6253,4.6824,2.62,2.2606,19453.248,2.3173,18865.128,2.3438,18035.1231,2.4114,28717.0819,2.3584,31496.1047,2.2144,45748.3955,2.0891,32583.0163
20130314,002607.SZ,2.2792,2.321,2.235,2.3185,2.2817,0.036799999999999944,1.6128,39036.42,36311.7267,4.8875,2.01,2.2669,22543.652,2.2998,20969.915,2.3331,19662.9815,2.4034,26281.02,2.364,31322.4373,2.2233,46096.2525,2.0901,32638.4197
20130315,002607.SZ,2.3136,2.3136,2.1367,2.2104,2.3185,-0.10809999999999986,-4.6625,34783.05,31662.7077,4.355,1.54,2.2488,27201.646,2.2741,22498.365,2.3174,21027.5777,2.3908,25702.2776,2.3656,31672.149,2.2307,46461.778,2.0898,32643.0503
20130318,002607.SZ,2.2104,2.2104,1.9918,2.0139,2.2104,-0.1964999999999999,-8.8898,45781.96,38519.8697,5.7321,1.68,2.1986,34423.512,2.2492,24131.333,2.2858,23711.7469,2.3656,25683.6467,2.358,32239.093,2.2347,47082.2273,2.0881,32872.588
20130319,002607.SZ,2.0213,2.0336,1.9452,1.9796,2.0139,-0.0343,-1.7032,56429.91,45443.4219,7.0652,1.64,2.1608,42685.968,2.2158,28481.851,2.2463,26668.7746,2.3374,26734.351,2.3488,33236.15,2.2389,47913.15,2.0865,33225.0077
20130320,002607.SZ,1.982,2.1122,1.9673,2.095,1.9796,0.11540000000000017,5.8295,65282.02,54870.1886,8.1735,1.53,2.1235,48262.672,2.192,33857.96,2.2176,30190.58,2.3203,28074.5267,2.3449,33841.8377,2.2435,48583.6448,2.0859,33666.2515
20130321,002607.SZ,2.0753,2.1073,2.0532,2.0876,2.095,-0.007400000000000073,-0.3532,36466.54,30966.3199,4.5657,0.76,2.0773,47748.696,2.1721,35146.174,2.2042,30730.1385,2.2997,28177.8976,2.3421,34262.369,2.2479,48974.3175,2.0845,33581.3652
20130322,002607.SZ,2.0803,2.1048,2.0557,2.0876,2.0876,0.0,0.0,23389.69,19824.4494,2.9285,0.49,2.0527,45470.024,2.1508,36335.835,2.1868,31535.1354,2.2752,26548.5333,2.3354,33073.4683,2.2526,49101.4845,2.0834,33611.3237
20130325,002607.SZ,2.1097,2.1146,2.0631,2.0999,2.0876,0.012299999999999756,0.5892,15373.05,13061.3441,1.9248,0.34,2.0699,39388.242,2.1343,36905.877,2.1689,31831.4523,2.2553,26238.059,2.3279,31657.099,2.2569,49088.6557,2.0821,33538.9738
20130326,002607.SZ,2.0876,2.1024,2.0213,2.0827,2.0999,-0.017199999999999882,-0.8191,21678.27,18197.8147,2.7142,0.55,2.0906,32437.914,2.1257,37561.941,2.1532,31684.8269,2.2374,26419.2024,2.3205,31375.9877,2.2619,48563.4685,2.0803,33010.9531
20130327,002607.SZ,2.0827,2.122,2.0557,2.0901,2.0827,0.007400000000000073,0.3553,19284.1,16431.0648,2.4144,0.59,2.0896,23238.33,2.1065,35750.501,2.1369,32284.1362,2.222,26525.9071,2.3073,29012.3337,2.2669,48204.1602,2.079,32888.5908
20130328,002607.SZ,2.0655,2.068,1.9697,2.0066,2.0901,-0.08349999999999991,-3.995,11889.91,9807.1726,1.4887,0.51,2.0734,18323.004,2.0753,33035.85,2.1171,32454.6962,2.2021,26573.6286,2.2916,27844.1093,2.2675,46534.4842,2.0781,32731.6469
20130329,002607.SZ,1.9918,2.0238,1.982,1.9968,2.0066,-0.009800000000000253,-0.4884,9218.1,7505.4359,1.1541,0.5,2.0552,15488.686,2.054,30479.355,2.1039,32000.8862,2.1785,26155.9881,2.2735,26612.2723,2.2647,43973.6343,2.0775,32617.4612
20130401,002607.SZ,2.0066,2.0434,1.9869,2.0238,1.9968,0.027000000000000135,1.3522,9246.06,7608.5265,1.1576,0.6,2.04,14263.288,2.055,26825.765,2.084,29835.3138,2.1573,25667.7743,2.2552,25774.9703,2.2614,41475.6055,2.0779,32598.2788
20130402,002607.SZ,2.0311,2.0508,2.0017,2.0041,2.0238,-0.01969999999999983,-0.9734,8060.41,6642.7508,1.0092,0.57,2.0243,11539.716,2.0574,21988.815,2.0599,27452.5438,2.1451,24649.1138,2.2401,24805.7063,2.2598,40210.1073,2.0778,32489.994
20130403,002607.SZ,2.0017,2.0238,1.9083,1.9427,2.0041,-0.06140000000000012,-3.0637,21887.82,17354.1262,2.7404,1.9,1.9948,12060.46,2.0422,17649.395,2.0393,26460.6031,2.1274,25075.9276,2.2209,24392.1087,2.2568,39161.2685,2.077,32485.4412
20130408,002607.SZ,1.9133,1.9403,1.8789,1.9378,1.9427,-0.0049000000000001265,-0.2522,9120.18,7078.8564,1.1419,0.76,1.981,11506.514,2.0272,14914.759,2.0334,23640.4662,2.1086,24961.6062,2.1988,22775.9033,2.2536,38206.7243,2.0762,32462.0912
20130409,002607.SZ,1.9427,1.9771,1.9403,1.9697,1.9378,0.03190000000000004,1.6462,15799.9,12610.9311,1.9782,1.37,1.9756,12822.874,2.0154,14155.78,2.0326,20515.0808,2.0935,24590.9157,2.1805,22572.7997,2.2494,36465.5028,2.0751,32459.6448
20130410,002607.SZ,1.9697,1.9918,1.9575,1.9747,1.9697,0.004999999999999893,0.2538,10973.09,8824.1318,1.3739,0.86,1.9658,13168.28,2.0029,13715.784,2.0234,16337.4708,2.0779,24566.1543,2.1644,22342.7607,2.2458,35802.6893,2.0735,32147.4738
20130411,002607.SZ,1.9918,2.1097,1.9869,2.0508,1.9747,0.07610000000000028,3.8537,33172.25,27703.9403,4.1533,2.52,1.9751,18190.648,1.9997,14865.182,2.0206,16084.0638,2.0677,25685.1838,2.1523,22880.3923,2.2426,35221.4272,2.073,32239.1749
20130412,002607.SZ,2.0262,2.068,1.9747,1.9845,2.0508,-0.06630000000000025,-3.2329,15550.64,12772.4978,1.947,0.85,1.9835,16923.212,1.9892,14491.836,2.0126,15481.06,2.059,25705.8033,2.1377,23035.8217,2.2377,33916.093,2.0718,32226.5372
20130415,002607.SZ,1.9869,2.009,1.8985,1.9378,1.9845,-0.046699999999999964,-2.3532,14029.5,11058.9408,1.7565,0.83,1.9835,17905.076,1.9823,14705.795,2.0002,15377.71,2.0426,24592.9938,2.1191,22903.8533,2.233,33141.441,2.0713,32178.4567
20130416,002607.SZ,1.9157,1.9697,1.8985,1.9673,1.9378,0.02950000000000008,1.5223,10572.97,8332.4819,1.3238,0.59,1.983,16859.69,1.9793,14841.282,1.9913,14523.4562,2.0259,23237.5914,2.1024,22606.334,2.2298,32534.6927,2.0709,32130.4066
20130417,002607.SZ,1.9648,1.9796,1.9427,1.9747,1.9673,0.007399999999999851,0.3762,9048.79,7246.2121,1.1329,0.54,1.983,16474.83,1.9744,14821.555,1.9824,13736.1246,2.0147,22012.1505,2.0929,21926.2177,2.2257,31749.9797,2.0707,32039.3249
20130418,002607.SZ,1.9599,1.9943,1.9452,1.9845,1.9747,0.009800000000000031,0.4963,9647.84,7754.1717,1.2079,0.59,1.9698,11769.948,1.9725,14980.298,1.9807,13563.6577,2.0133,20291.4781,2.0819,21816.988,2.2215,30969.316,2.0703,31979.5152
20130419,002607.SZ,1.9845,2.0631,1.9673,2.041,1.9845,0.056499999999999995,2.8471,16032.54,13270.2175,2.0073,1.36,1.9811,11866.328,1.9823,14394.77,1.9841,14087.8454,2.0162,18367.7938,2.0722,21967.375,2.2189,30497.7635,2.0705,31992.969
20130422,002607.SZ,2.0336,2.0557,2.0164,2.0483,2.041,0.007299999999999862,0.3577,14210.85,11771.7936,1.7792,1.2,2.0032,11902.598,1.9933,14903.837,1.986,14469.7523,2.014,15935.8333,2.0642,21654.9233,2.2154,29747.692,2.0706,32021.8154
20130423,002607.SZ,2.0606,2.0729,1.9722,1.9747,2.0483,-0.07359999999999989,-3.5932,16538.23,13481.2339,2.0706,1.39,2.0046,13095.65,1.9938,14977.67,1.9837,15121.8923,2.0086,14986.8662,2.0533,21823.095,2.2104,28860.9085,2.0697,31697.8212
20130424,002607.SZ,1.9796,2.122,1.9796,2.1171,1.9747,0.1424000000000003,7.2112,37005.98,31267.7666,5.1035,2.83,2.0331,18687.088,2.0081,17580.959,1.9971,16284.8277,2.01,15635.261,2.0484,22734.2067,2.2058,27913.9357,2.0693,31387.7986
20130425,002607.SZ,2.1196,2.1982,2.0925,2.1343,2.1171,0.017199999999999882,0.8124,48531.83,42699.837,6.693,2.6,2.0631,26463.886,2.0164,19116.917,2.0123,19316.4931,2.0116,17214.2505,2.0473,23848.0133,2.2027,27692.6972,2.0695,31420.0117
20130426,002607.SZ,2.1245,2.2767,2.1097,2.235,2.1343,0.10069999999999979,4.7182,70241.39,63352.6938,9.687,2.65,2.1019,37305.656,2.0415,24585.992,2.0327,23504.3,2.0189,19526.78,2.0457,24942.7763,2.2021,28219.4405,2.0714,31835.7372
20130502,002607.SZ,2.235,2.3234,2.1982,2.2104,2.235,-0.024599999999999955,-1.1007,48018.44,44065.4832,6.6222,1.29,2.1343,44067.174,2.0687,27984.886,2.0508,26353.9423,2.0246,20895.0819,2.0421,25242.177,2.2031,28282.3072,2.0733,32096.469
20130503,002607.SZ,2.2153,2.2792,2.2104,2.2546,2.2104,0.04420000000000002,1.9996,46644.34,42594.7273,6.4327,1.06,2.1903,50088.396,2.0975,31592.023,2.0665,27390.2569,2.0364,22550.0548,2.0436,25637.5533,2.2046,28654.8512,2.0755,32395.6157
20130506,002607.SZ,2.262,2.2767,2.2276,2.2596,2.2546,0.004999999999999893,0.2218,35760.07,32823.0289,4.9317,0.71,2.2188,49839.214,2.126,34263.151,2.0876,28944.8285,2.0489,23813.9581,2.0518,25303.4903,2.2049,28771.2917,2.0779,32606.1632
20130507,002607.SZ,2.262,2.3995,2.2497,2.3627,2.2596,0.10309999999999997,4.5628,61154.67,58365.7383,8.4338,1.23,2.2645,52363.782,2.1638,39413.834,2.1203,32569.8415,2.0651,26285.7967,2.0645,25460.9823,2.2067,29348.5662,2.0809,32967.8355
20130508,002607.SZ,2.3602,2.4118,2.321,2.3504,2.3627,-0.012299999999999756,-0.5206,48002.8,46190.2844,6.6201,0.92,2.2875,47916.064,2.1947,42610.86,2.1498,35449.0592,2.0816,28187.8152,2.0731,24885.0083,2.209,29363.423,2.0836,33217.5153
20130509,002607.SZ,2.3381,2.3406,2.2669,2.3185,2.3504,-0.03190000000000026,-1.3572,41592.94,38938.3767,5.7361,0.87,2.3092,46630.964,2.2217,45349.069,2.1762,37952.4554,2.0994,29126.1543,2.0808,25055.8883,2.2114,29659.1287,2.0864,33424.8042
20130510,002607.SZ,2.3038,2.3357,2.262,2.3332,2.3185,0.01470000000000038,0.634,33179.47,31105.4894,4.5758,0.71,2.3249,43937.99,2.2576,47013.193,2.2031,39762.5808,2.1183,30271.8348,2.0889,25382.2143,2.2122,29227.8413,2.0896,33565.0517
20130513,002607.SZ,2.3455,2.402,2.2841,2.3062,2.3332,-0.027000000000000135,-1.1572,35054.73,33313.6868,4.8344,0.8,2.3342,43796.922,2.2765,46818.068,2.2235,41225.8262,2.1343,31188.7314,2.0958,26038.2703,2.2119,28847.6847,2.0925,33769.6697
20130514,002607.SZ,2.289,2.2964,2.2031,2.2424,2.3062,-0.06380000000000008,-2.7665,29637.16,27044.0385,4.0873,0.68,2.3101,37493.42,2.2873,44928.601,2.2384,42412.4654,2.147,32077.4967,2.1011,26303.5667,2.2108,28839.7772,2.0955,33875.4732
20130515,002607.SZ,2.2424,2.2718,2.2129,2.2694,2.2424,0.027000000000000135,1.2041,22170.03,20238.7327,3.0575,0.59,2.2939,32326.866,2.2907,40121.465,2.2611,42845.6808,2.1575,31553.5814,2.1071,26399.7643,2.2072,27706.049,2.0991,33991.6055
20130516,002607.SZ,2.2645,2.3062,2.2399,2.2841,2.2694,0.014699999999999935,0.6477,26740.83,24832.6171,3.6878,0.83,2.2871,29356.444,2.2981,37993.704,2.2739,42056.0538,2.1717,32086.4476,2.1164,26894.795,2.204,27369.4522,2.1027,34143.2775
20130517,002607.SZ,2.289,2.348,2.2841,2.3308,2.2841,0.046699999999999964,2.0446,29203.21,27583.3282,4.0274,0.99,2.2866,28561.192,2.3057,36249.591,2.289,40569.2369,2.1904,32809.0052,2.1275,27560.9653,2.2005,27086.6188,2.1073,34272.8427
20130520,002607.SZ,2.3529,2.3946,2.3381,2.3676,2.3308,0.036799999999999944,1.5789,41206.33,39617.4724,5.6828,1.44,2.2989,29791.512,2.3165,36794.217,2.2992,38335.7708,2.2095,34267.7367,2.139,28626.3077,2.1971,27200.639,2.1121,34543.0124
20130521,002607.SZ,2.3676,2.3873,2.3332,2.375,2.3676,0.007400000000000073,0.3126,33909.5,32566.1661,4.6765,1.14,2.3254,30645.98,2.3178,34069.7,2.3119,37250.4677,2.2286,35451.58,2.1513,29487.944,2.1957,27146.8252,2.1172,34738.1869
20130522,002607.SZ,2.3799,2.4929,2.3455,2.4192,2.375,0.04420000000000002,1.8611,56587.56,56194.1416,7.804,1.85,2.3553,37529.486,2.3246,34928.176,2.3245,38015.3308,2.2493,37686.8048,2.1672,30644.602,2.1941,27518.3553,2.1226,35146.7247
20130523,002607.SZ,2.4192,2.5223,2.3971,2.488,2.4192,0.06879999999999997,2.8439,56146.47,56348.7978,7.7432,1.5,2.3961,43410.614,2.3416,36383.529,2.3421,39583.5154,2.2705,39596.9919,2.1855,32212.145,2.1922,27494.0242,2.1285,35547.8647
20130524,002607.SZ,2.5027,2.5616,2.4462,2.5174,2.488,0.02939999999999987,1.1817,64029.08,65609.4193,8.8303,1.47,2.4334,50375.788,2.36,39468.49,2.354,39804.6238,2.2929,41969.2886,2.2038,33819.7843,2.1922,28196.292,2.1347,36020.9654
20130527,002607.SZ,2.5494,2.5788,2.4732,2.5223,2.5174,0.0049000000000001265,0.1946,48989.25,50264.6356,6.7561,0.97,2.4644,51932.372,2.3816,40861.942,2.3672,39880.5046,2.319,43514.5752,2.2221,35086.9897,2.1932,28714.8752,2.1408,36360.7615
20130528,002607.SZ,2.5174,2.5248,2.4241,2.4659,2.5223,-0.056400000000000006,-2.2361,46520.24,46578.5932,6.4156,0.9,2.4826,54454.52,2.404,42550.25,2.3786,40259.5277,2.3356,43967.6352,2.2359,35531.9227,2.1941,29206.1575,2.1465,36708.9478
20130529,002607.SZ,2.4683,2.5739,2.4388,2.5248,2.4659,0.05889999999999995,2.3886,45840.82,46793.5241,6.3219,0.84,2.5037,52305.172,2.4295,44917.329,2.3933,41233.4777,2.3542,43839.4919,2.2539,36541.5953,2.1958,29788.7085,2.1526,37041.8911
20130530,002607.SZ,2.5101,2.515,2.4315,2.4413,2.5248,-0.08349999999999991,-3.3072,47684.26,47738.0319,6.5761,0.91,2.4943,50612.73,2.4452,47011.672,2.4037,42204.98,2.364,42765.3429,2.2707,37663.4207,2.1949,30283.637,2.1582,37400.6899
20130531,002607.SZ,2.4388,2.4806,2.4241,2.429,2.4413,-0.0123000000000002,-0.5038,30368.35,30339.6437,4.1881,0.6,2.4767,43880.584,2.4551,47128.186,2.4181,42261.2254,2.3744,41924.8624,2.2861,38323.2667,2.1943,30464.8003,2.1645,37533.3345
20130603,002607.SZ,2.4192,2.4511,2.3946,2.4315,2.429,0.002500000000000391,0.1029,22798.34,22481.3645,3.1441,0.52,2.4585,38642.402,2.4614,45287.387,2.4305,42309.5569,2.3828,40789.3386,2.3013,38781.585,2.1971,30353.9013,2.1708,37621.9731
20130604,002607.SZ,2.4315,2.4364,2.3087,2.348,2.4315,-0.08350000000000035,-3.4341,24644.28,23727.7341,3.3987,0.64,2.4349,34267.21,2.4587,44360.865,2.4354,42148.2838,2.387,40260.0152,2.3134,39281.4663,2.1977,30549.2272,2.1764,37756.9683
20130605,002607.SZ,2.3406,2.3701,2.321,2.3332,2.348,-0.014799999999999702,-0.6303,15703.78,14983.0935,2.1657,0.46,2.3966,28239.802,2.4501,40272.487,2.4356,41109.8662,2.3856,38095.6871,2.3232,39270.5077,2.1977,30618.9413,2.1818,37844.4021
20130606,002607.SZ,2.3234,2.3529,2.2988,2.3111,2.3332,-0.02210000000000001,-0.9472,13941.94,13224.211,1.9227,0.49,2.3706,21491.338,2.4325,36052.034,2.4313,39012.6054,2.3838,36473.7414,2.3319,39261.544,2.1981,30458.2337,2.1876,37925.9952
20130607,002607.SZ,2.3332,2.3578,2.2841,2.3283,2.3111,0.017199999999999882,0.7442,17246.3,16289.7848,2.3654,0.8,2.3504,18866.928,2.4135,31373.756,2.4277,37730.8208,2.3842,35314.3776,2.3437,39285.1463,2.1985,30554.1207,2.1933,38019.7346
20130613,002607.SZ,2.2841,2.2841,2.2104,2.2374,2.3283,-0.09089999999999998,-3.9041,14512.07,13225.5428,1.9904,0.77,2.3116,17209.674,2.3851,27926.038,2.4137,34494.2446,2.3797,34425.4538,2.3477,38535.3493,2.1981,30634.778,2.1978,38043.9706
20130614,002607.SZ,2.2424,2.2915,2.2276,2.2792,2.2374,0.04179999999999984,1.8682,11589.46,10674.2659,1.5896,0.67,2.2978,14598.71,2.3664,24432.96,2.3976,31066.7823,2.3784,33308.06,2.3525,37303.937,2.1999,30575.9752,2.2029,38072.4488
20130617,002607.SZ,2.2964,2.402,2.2497,2.3431,2.2792,0.06390000000000029,2.8036,20798.88,19650.9301,2.8527,1.42,2.2998,15617.73,2.3482,21928.766,2.3842,27741.3823,2.3832,32887.1895,2.3562,35655.8533,2.2009,30299.3148,2.2076,38023.8552
20130618,002607.SZ,2.3431,2.3455,2.289,2.3087,2.3431,-0.03440000000000021,-1.4681,13001.65,12282.6681,1.7832,0.83,2.2993,15429.672,2.335,18460.505,2.3678,24973.1054,2.385,32450.6,2.3594,34488.627,2.2008,29865.402,2.212,37980.8272
20130619,002607.SZ,2.3018,2.3504,2.2402,2.2856,2.3083,-0.022699999999999942,-0.9834,11240.22,7874.3711,1.1859,0.73,2.2908,14228.456,2.3206,16547.692,2.3539,22259.2577,2.3851,31712.4757,2.3605,33308.4897,2.202,29473.0215,2.2163,37967.3997
20130620,002607.SZ,2.2629,2.2694,2.1786,2.1948,2.2856,-0.09080000000000021,-3.9727,10527.81,7246.3576,1.1107,0.74,2.2823,13431.604,2.2969,15320.639,2.3286,19542.8723,2.3786,30823.171,2.3583,32467.4143,2.205,28885.4523,2.2199,37983.8398
20130621,002607.SZ,2.1494,2.1754,2.0943,2.1527,2.1948,-0.042100000000000026,-1.9182,15506.53,10210.2592,1.636,1.15,2.257,14215.018,2.2774,14406.864,2.3064,17067.6623,2.3684,29599.371,2.3513,30945.8097,2.2079,28203.396,2.2234,38058.273
20130624,002607.SZ,2.1559,2.1559,1.9711,1.9938,2.1527,-0.15889999999999982,-7.3814,12689.14,8045.3507,1.3388,0.89,2.1871,12593.07,2.2435,14105.4,2.2729,15707.7231,2.3503,28588.8776,2.3394,29768.6877,2.2062,27326.848,2.2249,37955.2464
20130625,002607.SZ,1.9808,2.0262,1.796,1.9776,1.9938,-0.016199999999999992,-0.8125,21651.76,12880.802,2.2844,1.72,2.1209,14323.092,2.2101,14876.382,2.238,15619.5246,2.3292,26925.2681,2.3281,29103.9817,2.2044,27079.935,2.2262,38027.1262
20130626,002607.SZ,1.9873,2.0489,1.9517,2.0424,1.9776,0.06480000000000019,3.2767,20596.07,12783.5454,2.173,1.44,2.0723,16194.262,2.1815,15211.359,2.2145,15308.1238,2.308,25232.3919,2.3184,28684.535,2.2037,27033.3747,2.2281,38067.4296
20130627,002607.SZ,2.036,2.0878,1.9841,2.01,2.0424,-0.03240000000000043,-1.5864,15218.24,9598.4112,1.6056,0.94,2.0353,17132.348,2.1588,15281.976,2.1896,15270.7746,2.2838,22908.0662,2.3085,28023.3187,2.2022,27030.7945,2.2295,38059.7251
20130628,002607.SZ,1.9906,2.0781,1.9776,2.0327,2.01,0.022700000000000387,1.1294,11066.9,6954.8393,1.1676,0.65,2.0113,16244.422,2.1341,15229.72,2.1682,15049.6177,2.2605,21102.24,2.3015,27404.31,2.2013,26853.9383,2.2316,37708.7034
20130701,002607.SZ,2.0133,2.0651,1.9938,2.0619,2.0327,0.029199999999999893,1.4365,9742.62,6132.1016,1.0279,0.6,2.0249,15655.118,2.106,14124.094,2.1477,14472.4115,2.2413,19350.9248,2.2946,26990.063,2.2008,26694.9137,2.2339,37449.5369
20130702,002607.SZ,2.0619,2.1235,2.036,2.1073,2.0619,0.045399999999999885,2.2019,21200.31,13548.0917,2.2367,1.35,2.0509,15564.828,2.0859,14943.96,2.1377,14986.8915,2.2214,18177.5671,2.2887,26805.379,2.2025,26850.087,2.235,36692.2856
20130703,002607.SZ,2.0749,2.0943,2.0197,2.0716,2.1073,-0.03569999999999984,-1.6941,13541.33,8607.3338,1.4287,0.87,2.0567,14153.88,2.0645,15174.071,2.1217,15137.0354,2.2038,16551.7133,2.28,26283.3163,2.2038,26922.1408,2.2342,35447.8876
20130704,002607.SZ,2.0262,2.1365,2.0262,2.0846,2.0716,0.0129999999999999,0.6275,11061.75,7114.3904,1.1671,0.78,2.0716,13322.582,2.0535,15227.465,2.1018,14388.0254,2.1874,15632.3514,2.2706,25278.497,2.2048,26952.4023,2.2331,34214.0039
20130705,002607.SZ,2.2305,2.2596,2.1073,2.1527,2.0846,0.06809999999999983,3.2668,30975.92,20726.7902,3.2681,2.33,2.0956,17304.386,2.0535,16774.404,2.0898,15770.6615,2.1741,16021.76,2.2632,25180.711,2.2073,27334.3275,2.2335,33772.2174
20130708,002607.SZ,2.1138,2.237,2.0586,2.2013,2.1527,0.04859999999999998,2.2576,39109.26,26231.0613,4.1262,2.26,2.1235,23177.714,2.0742,19416.416,2.0833,17914.4338,2.1671,16710.5686,2.2559,24598.101,2.2116,27621.3515,2.2342,33391.31
20130709,002607.SZ,2.1721,2.2143,2.117,2.1591,2.2013,-0.04219999999999979,-1.917,17407.0,11643.0083,1.8365,0.75,2.1339,22419.052,2.0924,18991.94,2.0806,18443.6023,2.1589,16791.6743,2.245,23306.7853,2.2153,27759.4652,2.2344,32983.0947
20130710,002607.SZ,2.1754,2.2532,2.1105,2.224,2.1591,0.06490000000000018,3.0059,72956.87,49749.2964,7.6973,3.25,2.1643,34302.16,2.1105,24228.02,2.0861,22862.8592,2.1547,19601.909,2.2352,23604.3783,2.2195,28712.0813,2.2345,32588.7921
20130711,002607.SZ,2.3342,2.3342,2.1883,2.2272,2.224,0.0031999999999996476,0.1439,63397.48,43717.9738,6.6887,1.85,2.1929,44769.306,2.1322,29045.944,2.104,26763.5008,2.1499,21799.5843,2.2254,24084.6527,2.2237,29585.8212,2.2348,32694.2552
20130712,002607.SZ,2.2272,2.2759,2.1559,2.1656,2.2272,-0.06159999999999988,-2.7658,38663.94,26437.4753,4.0792,0.86,2.1954,46306.91,2.1455,31805.648,2.1185,28072.13,2.1465,22949.6733,2.2153,23822.776,2.2256,29677.3493,2.2341,32449.3882
20130715,002607.SZ,2.1429,2.2013,2.1267,2.1559,2.1656,-0.009700000000000042,-0.4479,34334.47,22911.2688,3.6224,0.74,2.1864,45351.952,2.1549,34264.833,2.1272,29128.93,2.1406,24032.769,2.2031,23439.231,2.2285,29990.4132,2.2331,31953.2531
20130716,002607.SZ,2.1559,2.1851,2.0911,2.1365,2.1559,-0.019400000000000084,-0.8999,31953.26,20987.5075,3.3712,0.7,2.1818,48261.204,2.1579,35340.128,2.137,30416.2392,2.1308,24563.93,2.1929,22914.8643,2.2318,30289.1425,2.2324,31715.2917
20130717,002607.SZ,2.1267,2.1656,2.1008,2.1008,2.1365,-0.03569999999999984,-1.671,23624.22,15507.1145,2.4925,0.49,2.1572,38394.674,2.1608,36348.417,2.1422,31382.1869,2.1209,25069.7667,2.182,22690.06,2.234,30506.6633,2.2319,31520.678
20130718,002607.SZ,2.0684,2.0943,1.9971,2.0262,2.1008,-0.07460000000000022,-3.551,30556.17,19218.16,3.2238,0.8,2.117,31826.412,2.1549,38297.859,2.1394,32983.2292,2.1085,25989.5738,2.1684,22948.6543,2.2349,30865.1197,2.2303,31307.5497
20130719,002607.SZ,2.01,2.0522,1.9938,1.9938,2.0262,-0.03239999999999976,-1.5991,16871.7,10526.6686,1.78,0.53,2.0826,27467.964,2.139,36887.437,2.1307,32650.2592,2.0989,26291.6638,2.1566,22689.5683,2.235,30985.5173,2.2283,30977.4167
20130722,002607.SZ,1.9873,2.0133,1.9517,2.0133,1.9938,0.019500000000000073,0.978,17568.38,10764.6002,1.8535,0.64,2.0541,24114.746,2.1202,34733.349,2.1262,32960.0323,2.0923,26389.8471,2.146,22751.7217,2.2346,31011.1147,2.2268,30754.4391
20130723,002607.SZ,2.0133,2.0651,2.0035,2.0554,2.0133,0.042100000000000026,2.0911,21607.73,13654.643,2.2797,0.9,2.0379,22045.64,2.1099,35153.422,2.124,33771.2615,2.0952,26814.5419,2.1374,23007.248,2.2347,31134.396,2.2251,30441.044
20130724,002607.SZ,2.036,2.1073,2.036,2.1008,2.0554,0.045399999999999885,2.2088,35306.17,22698.1499,3.7249,1.6,2.0379,24382.03,2.0976,31388.352,2.12,34104.3577,2.1011,27464.7519,2.1299,23609.2437,2.2368,31447.195,2.2236,30154.0517
20130725,002607.SZ,2.1008,2.1138,2.0619,2.0651,2.1008,-0.03569999999999984,-1.6994,17715.83,11367.3586,1.8691,0.73,2.0457,21813.962,2.0813,26820.187,2.1095,32458.7092,2.1022,27327.5976,2.1241,23716.0357,2.2359,31125.6925,2.2209,29519.8141
20130726,002607.SZ,2.0651,2.0716,1.9971,2.0327,2.0651,-0.032399999999999984,-1.5689,10573.96,6644.199,1.1156,0.48,2.0535,20554.414,2.0681,24011.189,2.0998,31933.0908,2.1033,27106.4414,2.1159,23682.1857,2.2342,30493.0613,2.2184,29092.8792
20130729,002607.SZ,2.0133,2.0651,1.9452,1.9906,2.0327,-0.04210000000000025,-2.0711,9019.19,5585.1986,0.9516,0.44,2.0489,18844.576,2.0515,21479.661,2.0818,27014.8077,2.1013,27008.9314,2.1042,23289.5293,2.2302,29472.6913,2.2161,28846.0659
20130730,002607.SZ,1.9873,2.0068,1.9419,1.9873,1.9906,-0.0032999999999998586,-0.1658,9327.92,5695.1491,0.9841,0.49,2.0353,16388.614,2.0366,19217.127,2.0634,22855.6108,2.0977,26989.1838,2.0934,23167.0717,2.2264,28827.8493,2.2148,28555.0782
20130731,002607.SZ,1.9873,2.0197,1.9711,1.9906,1.9873,0.0032999999999998586,0.1661,11895.16,7339.5343,1.255,0.73,2.0133,11706.412,2.0256,18044.221,2.0499,20796.4738,2.0921,26546.0814,2.0836,23188.903,2.222,28248.6963,2.2133,28451.7737
20130801,002607.SZ,2.0035,2.0522,1.9938,2.0489,1.9906,0.05830000000000024,2.9288,18138.54,11356.0922,1.9137,1.55,2.01,11790.954,2.0279,16802.458,2.0417,19550.6331,2.0911,26764.9962,2.0787,23442.594,2.2185,27955.0042,2.2117,28363.1479
20130802,002607.SZ,2.0651,2.0651,2.0295,2.0327,2.0489,-0.016199999999999992,-0.7907,12648.01,7971.5415,1.3344,1.07,2.01,12205.764,2.0317,16380.089,2.0337,18065.6138,2.0886,26840.5324,2.0747,23347.31,2.213,27146.5598,2.2098,28247.563
20130805,002607.SZ,2.036,2.0976,2.0295,2.0976,2.0327,0.06489999999999974,3.1928,21696.67,13899.9649,2.2891,1.78,2.0314,14741.26,2.0402,16792.918,2.0335,17917.3408,2.086,26398.6633,2.0782,23647.561,2.2088,26708.1243,2.2089,28035.7737
20130806,002607.SZ,2.0976,2.1462,2.0781,2.13,2.0976,0.032399999999999984,1.5446,30893.82,20233.533,3.2594,2.1,2.06,19054.44,2.0476,17721.527,2.0414,17943.3138,2.0826,26007.4519,2.0833,23955.6297,2.2057,26529.8057,2.2085,28094.4672
20130807,002607.SZ,2.1332,2.1429,2.0781,2.0911,2.13,-0.038899999999999935,-1.8263,27254.8,17714.5685,2.8755,1.43,2.0801,22126.368,2.0467,16916.39,2.0489,18742.0138,2.0793,26476.3948,2.0849,24177.5873,2.2016,26431.0612,2.2069,27829.4512
20130808,002607.SZ,2.0943,2.1105,2.0716,2.0813,2.0911,-0.009799999999999809,-0.4687,16758.79,10794.541,1.7681,0.76,2.0865,21850.418,2.0483,16820.686,2.0542,18679.7377,2.0725,23800.2957,2.0873,24228.939,2.1979,26126.1288,2.2049,27486.9067
20130809,002607.SZ,2.0976,2.1429,2.0651,2.1235,2.0813,0.04219999999999979,2.0276,17646.95,11452.8051,1.8618,0.81,2.1047,22850.206,2.0574,17527.985,2.0594,18375.0623,2.0676,21621.699,2.0903,24448.274,2.1959,25926.292,2.2034,27383.0346
20130812,002607.SZ,2.13,2.1462,2.104,2.1397,2.1235,0.016199999999999992,0.7629,26162.63,17212.6771,2.7603,1.14,2.1131,23743.398,2.0723,19242.329,2.0624,17671.7131,2.0664,21026.3986,2.0929,24995.6077,2.1937,25992.8353,2.2005,26849.4422
20130813,002607.SZ,2.1429,2.1754,2.1429,2.1689,2.1397,0.029199999999999893,1.3647,27427.85,18229.7797,2.8938,1.16,2.1209,23050.204,2.0904,21052.322,2.0704,18418.7915,2.067,20697.5119,2.095,25203.1923,2.1918,26004.2857,2.1979,26686.8689
20130814,002607.SZ,2.1689,2.2013,2.117,2.1429,2.1689,-0.0259999999999998,-1.1988,31287.13,20934.2512,3.3009,1.36,2.1313,23856.67,2.1057,22991.519,2.0789,20012.1123,2.0673,20665.7914,2.0973,25794.719,2.1887,26039.0177,2.1946,26562.8182
20130815,002607.SZ,2.1332,2.1527,2.104,2.1105,2.1429,-0.032399999999999984,-1.512,15393.83,10123.1429,1.6241,0.65,2.1371,23583.678,2.1118,22717.048,2.0881,20502.4692,2.0678,20273.8681,2.0982,25939.1217,2.1844,25608.8093,2.1907,26404.7242
20130816,002607.SZ,2.1138,2.1527,2.0457,2.0586,2.1105,-0.051899999999999835,-2.4591,21152.73,13745.753,2.2317,0.9,2.1241,24284.834,2.1144,23567.52,2.0936,21412.07,2.0693,19826.0852,2.0951,25611.682,2.1791,25396.1965,2.1874,26271.5108
20130819,002607.SZ,2.0295,2.0911,2.0295,2.0813,2.0586,0.022699999999999942,1.1027,10163.84,6468.5041,1.0723,0.42,2.1124,21085.076,2.1128,22414.237,2.1005,21278.8915,2.0735,19506.6633,2.0911,24646.8347,2.1735,24622.4678,2.1838,26070.4116
20130820,002607.SZ,2.0651,2.117,2.0651,2.0943,2.0813,0.0129999999999999,0.6246,11331.92,7330.4044,1.1941,0.54,2.0975,17865.89,2.1092,20458.047,2.104,20755.3054,2.0773,19209.689,2.0889,24444.332,2.1669,23875.5587,2.1796,25684.7914
20130821,002607.SZ,2.0846,2.13,2.0813,2.1267,2.0943,0.032399999999999984,1.5471,11684.05,7615.2074,1.2312,0.65,2.0943,13945.274,2.1128,18900.972,2.1113,20681.1546,2.0807,18737.1329,2.0857,22401.9047,2.1604,23003.1415,2.1763,25599.7167
20130822,002607.SZ,2.1235,2.1429,2.104,2.1235,2.1267,-0.0032000000000000917,-0.1505,14495.42,9487.8084,1.5274,1.04,2.0969,13765.592,2.117,18674.635,2.1133,20127.2123,2.0818,17746.1448,2.0822,20771.836,2.1538,22428.2443,2.1735,25571.5597
20130823,002607.SZ,2.1235,2.1689,2.0262,2.0976,2.1235,-0.025900000000000034,-1.2197,23015.75,15016.3355,2.4253,1.67,2.1047,14138.196,2.1144,19211.515,2.1108,19521.2069,2.0833,17998.5219,2.0799,20250.2297,2.1476,22036.5028,2.1709,25621.3302
20130826,002607.SZ,2.0976,2.1429,2.0846,2.1429,2.0976,0.04530000000000012,2.1596,17317.55,11320.2912,1.8248,1.22,2.117,15568.938,2.1147,18327.007,2.1147,18756.8031,2.0886,18319.6452,2.0795,19682.999,2.1413,21561.115,2.1685,25674.9117
20130827,002607.SZ,2.1462,2.1527,2.1235,2.1462,2.1429,0.0032999999999998586,0.154,15169.04,9995.2346,1.5984,0.97,2.1274,16336.362,2.1125,17101.126,2.1197,18634.5146,2.096,18612.4952,2.0798,19123.525,2.1364,21019.1947,2.1656,25651.4158
20130828,002607.SZ,2.1462,2.1462,2.0911,2.104,2.1462,-0.04219999999999979,-1.9663,25245.67,16436.2593,2.6602,1.55,2.1228,19048.686,2.1086,16496.98,2.1182,19219.0315,2.1016,19370.4833,2.0799,19177.5733,2.1309,20933.8167,2.1626,25699.3085
20130829,002607.SZ,2.1073,2.1202,2.0684,2.0781,2.104,-0.025900000000000034,-1.231,19568.09,12584.4014,2.062,1.03,2.1138,20063.22,2.1053,16914.406,2.1135,18711.7592,2.1057,19735.861,2.0817,18811.304,2.1251,20879.9792,2.1611,25616.9402
20130830,002607.SZ,2.0716,2.1105,2.0522,2.0943,2.0781,0.016199999999999992,0.7796,27759.08,17872.8043,2.9251,1.38,2.1131,21011.886,2.1089,17575.041,2.1078,18737.2385,2.1079,20193.9819,2.085,19174.2167,2.1208,20931.8925,2.1592,25740.5598
20130902,002607.SZ,2.0846,2.1786,2.0554,2.1786,2.0943,0.08429999999999982,4.0252,58699.51,38683.5505,6.1854,2.79,2.1202,29288.278,2.1186,22428.608,2.1105,20845.8831,2.1148,22386.9105,2.0905,20545.2543,2.1182,21648.488,2.158,26133.7147
20130903,002607.SZ,2.1689,2.1883,2.1462,2.1754,2.1786,-0.0032000000000000917,-0.1469,40801.03,27270.687,4.2994,1.39,2.1261,34414.676,2.1267,25375.519,2.1155,22800.2831,2.1185,23296.6419,2.0945,21185.031,2.116,22096.1395,2.157,26277.1866
20130904,002607.SZ,2.1689,2.1689,2.1429,2.1559,2.1754,-0.01949999999999985,-0.8964,21264.86,14144.4116,2.2408,0.62,2.1365,33618.514,2.1297,26333.6,2.123,22808.9085,2.1198,22838.12,2.0964,20716.9873,2.1131,22163.1155,2.1558,26358.6181
20130905,002607.SZ,2.1559,2.1721,2.1332,2.1559,2.1559,0.0,0.0,26925.73,17862.8207,2.8373,0.8,2.152,35090.042,2.1329,27576.631,2.1287,24098.2846,2.1229,22822.45,2.0994,21023.984,2.1118,22370.0098,2.1549,26502.3939
20130906,002607.SZ,2.1559,2.1981,2.1429,2.1981,2.1559,0.04220000000000024,1.9574,35206.31,23652.0342,3.7098,1.0,2.1728,36579.488,2.1429,28795.687,2.1367,25934.7762,2.1284,23700.9033,2.1049,21845.0623,2.1104,22763.624,2.1552,26669.7996
20130909,002607.SZ,2.2045,2.2207,2.1656,2.2175,2.1981,0.01939999999999964,0.8826,43280.05,29291.6749,4.5606,1.18,2.1806,33495.596,2.1504,31391.937,2.1437,28365.2377,2.1329,24921.5271,2.1125,22987.091,2.1083,23138.3102,2.1546,26718.8125
20130910,002607.SZ,2.211,2.2305,2.1786,2.2143,2.2175,-0.0031999999999996476,-0.1443,38221.46,25999.6377,4.0276,1.14,2.1883,32979.682,2.1572,33697.179,2.1507,30190.3177,2.1365,25495.7571,2.12,23950.209,2.1067,23558.6403,2.1538,26712.0212
20130911,002607.SZ,2.2143,2.2629,2.1786,2.2467,2.2143,0.032399999999999984,1.4632,61938.07,42483.6447,6.5267,1.88,2.2065,41114.324,2.1715,37366.419,2.1621,33184.3423,2.1402,27139.101,2.1286,25618.306,2.1061,24403.6045,2.1541,26938.313
20130912,002607.SZ,2.237,2.2499,2.2207,2.237,2.2467,-0.009700000000000042,-0.4317,28967.18,19971.9645,3.0524,0.7,2.2227,41522.614,2.1874,38306.328,2.1694,34080.4677,2.1446,27028.6271,2.1348,25979.2607,2.1068,24710.9273,2.1559,26798.1898
20130913,002607.SZ,2.237,2.2596,2.2045,2.211,2.237,-0.026000000000000245,-1.1623,29263.81,20111.9255,3.0836,0.7,2.2253,40334.114,2.199,38456.801,2.1744,35164.6808,2.1494,27689.1024,2.1408,26533.1207,2.1078,24940.2153,2.1578,26571.8057
20130916,002607.SZ,2.2143,2.2661,2.2078,2.2499,2.211,0.038899999999999935,1.7594,25932.56,17909.9636,2.7326,0.64,2.2318,36864.616,2.2062,35180.106,2.1856,35217.5185,2.1585,27916.7133,2.1459,26674.317,2.112,25160.939,2.1591,26243.8935
20130917,002607.SZ,2.2986,2.3861,2.2596,2.2694,2.2499,0.019500000000000295,0.8667,92879.75,66611.4381,9.7871,2.52,2.2428,47796.274,2.2156,40387.978,2.2003,40856.8769,2.1675,31855.5662,2.1505,28740.5147,2.1169,26348.0722,2.1607,26714.0036
20130918,002607.SZ,2.2759,2.2953,2.1818,2.2045,2.2694,-0.06490000000000018,-2.8598,34648.72,23689.1023,3.6511,0.72,2.2344,42338.404,2.2204,41726.364,2.2088,41386.8492,2.1727,32965.89,2.1543,28986.9787,2.1196,26582.283,2.1616,26807.8288
20130923,002607.SZ,2.2078,2.2888,2.2045,2.2726,2.2045,0.06810000000000027,3.0891,31602.29,21942.6221,3.3301,0.75,2.2415,42865.426,2.2321,42194.02,2.216,39302.4477,2.1797,33914.3776,2.1607,29481.762,2.124,26855.3505,2.1631,26943.0725
20130924,002607.SZ,2.2694,2.2694,2.1981,2.224,2.2726,-0.04859999999999998,-2.1385,30667.78,21057.278,3.2316,0.72,2.2441,43146.22,2.2347,41740.167,2.2198,38522.9669,2.1845,34684.49,2.164,29915.7897,2.1272,27182.0318,2.1642,27017.9851
20130925,002607.SZ,2.211,2.2402,2.2045,2.2175,2.224,-0.006500000000000394,-0.2923,20361.14,13925.7593,2.1455,0.47,2.2376,42031.936,2.2347,39448.276,2.2245,38453.45,2.1902,34558.08,2.1666,29722.4067,2.1298,27359.0072,2.1653,27026.9604
20130926,002607.SZ,2.2207,2.2467,2.1948,2.1948,2.2175,-0.022699999999999942,-1.0237,23904.4,16380.8303,2.5189,0.57,2.2227,28236.866,2.2327,38016.57,2.2275,38221.04,2.1927,34871.7395,2.1675,29604.9583,2.1312,27404.0753,2.1669,27127.0812
20130927,002607.SZ,2.1948,2.2143,2.1591,2.1689,2.1948,-0.025900000000000034,-1.1801,20145.74,13552.6681,2.1228,0.71,2.2156,25336.27,2.225,33837.337,2.2252,37062.5346,2.1937,35108.7252,2.1683,29233.5787,2.1328,27514.1488,2.1683,27218.1448
20130930,002607.SZ,2.1786,2.1948,2.1494,2.1656,2.1689,-0.0032999999999998586,-0.1522,20002.76,13369.5247,2.1078,0.79,2.1942,23016.364,2.2178,32940.895,2.2212,35271.9738,2.1967,34859.0629,2.1702,29387.2097,2.1342,27663.1657,2.1695,27307.784
20131008,002607.SZ,2.1624,2.2013,2.1397,2.2013,2.1656,0.03569999999999984,1.6485,20693.48,13897.5306,2.1806,0.9,2.1896,21021.504,2.2169,32083.862,2.2202,33923.6677,2.2025,34912.6529,2.1749,29371.9013,2.135,27491.7917,2.1711,27413.0596
20131009,002607.SZ,2.1981,2.331,2.1883,2.2921,2.2013,0.09080000000000021,4.1248,58033.62,40588.4655,6.1152,2.76,2.2045,28556.0,2.2211,35293.968,2.2237,33623.3254,2.212,36354.2976,2.182,30967.5607,2.1365,27807.1977,2.174,27714.2746
20131010,002607.SZ,2.2694,2.3018,2.2337,2.2596,2.2921,-0.032500000000000195,-1.4179,40931.69,28656.8089,4.3131,1.43,2.2175,31961.458,2.2201,30099.162,2.2255,34543.6723,2.2158,35508.211,2.1875,31954.2197,2.1382,28199.2758,2.1767,27979.3705
20131011,002607.SZ,2.2596,2.3602,2.2305,2.3277,2.2596,0.06810000000000027,3.0138,48124.1,34128.6999,5.071,1.51,2.2493,37557.13,2.2324,31446.7,2.2345,35994.4638,2.2231,35856.9286,2.1942,33168.888,2.1399,27785.3963,2.1797,28248.7388
20131014,002607.SZ,2.3212,2.4153,2.3148,2.3699,2.3277,0.04219999999999979,1.8129,63668.63,46569.4903,6.709,1.7,2.2901,46290.304,2.2421,34653.334,2.2437,38897.2385,2.2333,37876.1557,2.2024,34807.995,2.1423,27789.9155,2.183,28687.8683
20131015,002607.SZ,2.3634,2.3828,2.3115,2.3245,2.3699,-0.045399999999999885,-1.9157,47082.92,33923.7496,4.9613,1.02,2.3148,51568.192,2.2522,36294.848,2.2479,35374.4054,2.2413,38836.0219,2.2099,35610.234,2.1449,27930.2318,2.1853,28803.7906
20131016,002607.SZ,2.3018,2.3342,2.2564,2.3018,2.3245,-0.022699999999999942,-0.9766,32503.35,22939.5779,3.425,0.63,2.3167,46462.138,2.2606,37509.069,2.2554,35209.3769,2.2462,38707.3095,2.2152,36116.4273,2.1474,27899.7132,2.1879,28945.0632
20131017,002607.SZ,2.3083,2.3828,2.2888,2.3537,2.3018,0.051899999999999835,2.2548,41890.27,30357.2565,4.4141,0.9,2.3355,46653.854,2.2765,39307.656,2.2616,36000.76,2.2527,38641.1295,2.2222,37007.135,2.151,28065.33,2.1914,29177.2362
20131018,002607.SZ,2.3893,2.3893,2.331,2.3439,2.3537,-0.009799999999999809,-0.4164,23597.57,17111.3976,2.4866,0.51,2.3388,41748.548,2.294,39652.839,2.2709,35456.8977,2.2589,37944.7538,2.2301,36952.1983,2.155,28064.8858,2.1945,29285.7746
20131021,002607.SZ,2.3602,2.519,2.2823,2.519,2.3439,0.17510000000000003,7.4705,105028.24,78336.9428,11.0673,2.52,2.3686,50020.47,2.3294,48155.387,2.2941,41969.7515,2.2718,39996.6667,2.2448,39800.87,2.1633,29306.087,2.1991,30085.6033
20131022,002607.SZ,2.4412,2.506,2.4153,2.4412,2.519,-0.07780000000000031,-3.0885,91786.45,69552.0563,9.6719,1.83,2.3919,58961.176,2.3533,55264.684,2.313,47191.4477,2.2816,42988.0605,2.2564,41935.1157,2.1707,30554.6662,2.2029,30770.0917
20131023,002607.SZ,2.4217,2.4412,2.237,2.2434,2.4412,-0.19779999999999998,-8.1026,75244.97,53750.9217,7.9289,1.28,2.3802,67509.5,2.3485,56985.819,2.3187,51429.85,2.2831,45177.6395,2.2586,42486.631,2.1745,31515.9427,2.2046,31263.5287
20131024,002607.SZ,2.2467,2.2986,2.2045,2.2499,2.2434,0.00649999999999995,0.2897,30885.08,21465.5116,3.2545,0.46,2.3595,65308.462,2.3475,55981.158,2.3252,52266.9515,2.2831,45413.4738,2.2611,42156.0993,2.1778,31670.5652,2.2062,31402.4806
20131025,002607.SZ,2.237,2.2661,2.1851,2.2078,2.2499,-0.04209999999999958,-1.8712,22498.96,15435.9005,2.3708,0.34,2.3323,65088.74,2.3355,53418.644,2.3257,52405.8346,2.2802,42062.0076,2.2628,42197.236,2.1796,31457.1117,2.2082,31452.1533
20131028,002607.SZ,2.2207,2.2305,2.1721,2.211,2.2078,0.0031999999999996476,0.1449,14399.0,9759.9653,1.5173,0.22,2.2707,46962.892,2.3196,48491.681,2.3195,49049.3254,2.2805,41097.7352,2.2646,41779.6783,2.182,31401.8312,2.209,31263.7618
20131029,002607.SZ,2.2078,2.2434,2.01,2.0749,2.211,-0.1360999999999999,-6.1556,34523.89,22323.0565,3.6379,0.74,2.1974,35510.38,2.2947,47235.778,2.3053,48556.4177,2.2711,41236.859,2.2605,41756.931,2.1827,31800.9967,2.2085,31147.029
20131030,002607.SZ,2.0716,2.1429,2.0489,2.1235,2.0749,0.04859999999999998,2.3423,18834.41,12230.4596,1.9847,0.53,2.1734,24228.268,2.2768,45868.884,2.2896,46303.3646,2.2663,40673.3652,2.2574,40942.0763,2.1849,31964.5837,2.2075,30718.6375
20131031,002607.SZ,2.1397,2.2207,2.1008,2.1235,2.1235,0.0,0.0,33591.77,22427.3957,3.5397,1.39,2.1481,24769.606,2.2538,45039.034,2.2706,43989.76,2.2618,41303.3952,2.2544,40787.7533,2.1872,32368.9812,2.2068,30598.4152
20131101,002607.SZ,2.1073,2.2143,2.1073,2.1591,2.1235,0.035600000000000076,1.6765,19069.64,12750.0371,2.0094,0.77,2.1384,24083.742,2.2353,44586.241,2.2579,41834.8923,2.2601,41073.1686,2.2514,39358.8057,2.19,32488.5558,2.206,30368.6261
20131104,002607.SZ,2.1689,2.1981,2.1429,2.1721,2.1591,0.0129999999999999,0.6021,10278.85,6890.7197,1.0831,0.43,2.1306,23259.712,2.2006,35111.302,2.2479,40125.3154,2.2603,40603.3167,2.2493,38735.8613,2.1921,32357.561,2.2053,30156.2826
20131105,002607.SZ,2.1754,2.2013,2.1559,2.1916,2.1721,0.019500000000000295,0.8977,15373.84,10346.1657,1.62,0.66,2.154,19429.702,2.1757,27470.041,2.2355,38085.59,2.2615,40382.8919,2.2486,38272.8623,2.1947,32402.9915,2.2039,29774.7757
20131106,002607.SZ,2.1754,2.211,2.1656,2.1818,2.1916,-0.009800000000000253,-0.4472,22803.61,15376.6205,2.4029,1.17,2.1656,20223.542,2.1695,22225.905,2.223,38024.5162,2.2606,40483.3743,2.2464,38168.564,2.1961,32421.4405,2.2025,29564.7824
20131107,002607.SZ,2.1721,2.1754,2.0813,2.1267,2.1818,-0.05509999999999993,-2.5254,23878.57,15610.1751,2.5162,1.18,2.1663,18280.902,2.1572,21525.254,2.1928,31782.2338,2.2527,38856.9433,2.2416,35868.5247,2.196,32304.5197,2.2009,29417.1627
20131108,002607.SZ,2.104,2.1267,2.0424,2.1235,2.1267,-0.0032000000000000917,-0.1505,14989.24,9705.9691,1.5795,0.82,2.1591,17464.822,2.1488,20774.282,2.1684,25874.7562,2.2462,37621.5886,2.2389,35213.2087,2.1966,32100.0937,2.1991,29265.5774
20131111,002607.SZ,2.1235,2.2629,2.0911,2.2143,2.1235,0.09080000000000021,4.276,48916.92,33520.7487,5.1546,2.8,2.1676,25192.436,2.1491,24226.074,2.1661,23849.5215,2.2408,37659.3419,2.237,35790.363,2.1988,32636.0625,2.1983,29381.0957
20131112,002607.SZ,2.2013,2.2823,2.1754,2.2759,2.2143,0.06159999999999988,2.7819,66735.86,46336.3454,7.0322,2.65,2.1844,35464.84,2.1692,27447.271,2.1681,26607.2738,2.2363,37805.4005,2.2387,36992.6323,2.2013,33454.211,2.1986,29690.2515
20131113,002607.SZ,2.2402,2.2856,2.1948,2.1981,2.2759,-0.07779999999999987,-3.4184,36331.03,24928.5597,3.8283,1.02,2.1877,38170.324,2.1767,29196.933,2.1674,27671.2792,2.2303,37293.4057,2.238,37524.962,2.2023,33623.6843,2.198,29808.2598
20131114,002607.SZ,2.1883,2.2791,2.1721,2.2759,2.1981,0.07779999999999987,3.5394,67744.42,47001.5996,7.1385,1.77,2.2175,46943.494,2.1919,32612.198,2.1724,31774.7731,2.2291,38971.5519,2.2407,38986.296,2.2041,34295.6272,2.198,30149.9564
20131115,002607.SZ,2.2759,2.3342,2.2564,2.3115,2.2759,0.035600000000000076,1.5642,70809.29,50429.4136,7.4615,1.51,2.2551,58107.504,2.2071,37786.163,2.1906,34565.9577,2.2271,40348.6481,2.2455,40675.081,2.2069,34954.3298,2.1978,30496.6737
20131118,002607.SZ,2.3277,2.3277,2.2856,2.3083,2.3115,-0.0032000000000000917,-0.1384,48590.68,34491.1585,5.1202,0.84,2.2739,58042.256,2.2208,41617.346,2.2048,36854.9015,2.2254,41538.7962,2.2502,41628.0117,2.2102,35507.6107,2.1973,30558.21
20131119,002607.SZ,2.3018,2.3212,2.2726,2.2986,2.3083,-0.009700000000000042,-0.4202,33514.82,23709.4411,3.5316,0.58,2.2785,51398.048,2.2315,43431.444,2.2183,36848.9823,2.2149,38133.3952,2.2535,42055.3897,2.2142,35713.6455,2.1967,30554.921
20131120,002607.SZ,2.2953,2.3342,2.2888,2.318,2.2986,0.019400000000000084,0.844,29043.38,20687.3072,3.0604,0.57,2.3025,49940.518,2.2451,44055.421,2.2305,37616.1931,2.209,35145.63,2.2544,41089.0483,2.2182,36028.3045,2.1958,30325.3862
20131121,002607.SZ,2.305,2.3083,2.2532,2.2694,2.318,-0.04859999999999998,-2.0966,23928.75,16807.5426,2.5215,0.48,2.3012,41177.384,2.2594,44060.439,2.238,38666.1854,2.2103,32702.0005,2.2547,40522.2837,2.2211,36238.2517,2.194,30056.9052
20131122,002607.SZ,2.2694,2.2791,2.224,2.2467,2.2694,-0.022699999999999942,-1.0003,18376.72,12771.996,1.9364,0.45,2.2882,30690.87,2.2717,44399.187,2.2422,38897.1762,2.2101,32106.3643,2.252,39530.7043,2.2231,36349.7962,2.1918,29676.4688
20131125,002607.SZ,2.2467,2.2953,2.237,2.2823,2.2467,0.035600000000000076,1.5845,18080.01,12713.375,1.9052,0.59,2.283,24588.736,2.2785,41315.496,2.2499,38533.8223,2.2137,31895.9381,2.2491,38011.0837,2.2257,36409.5393,2.1898,29418.8918
20131126,002607.SZ,2.2694,2.2856,2.2337,2.2402,2.2823,-0.042100000000000026,-1.8446,25114.8,17465.4233,2.6464,1.02,2.2713,22908.732,2.2749,37153.39,2.2587,38628.9169,2.215,32406.2143,2.2463,37278.813,2.2281,36444.5235,2.1879,29240.5132
20131127,002607.SZ,2.2434,2.2921,2.2402,2.2921,2.2402,0.051899999999999835,2.3168,23694.21,16630.0384,2.4968,1.03,2.2661,21838.898,2.2843,35889.708,2.2716,39298.53,2.2254,31890.5152,2.2459,36985.175,2.2306,36550.8012,2.1859,29055.9581
20131128,002607.SZ,2.2953,2.318,2.2953,2.3018,2.2921,0.009700000000000042,0.4232,29987.09,21323.2822,3.1599,1.37,2.2726,23050.566,2.2869,32113.975,2.2784,37842.3892,2.2339,32421.5952,2.2442,36588.4023,2.2332,36797.7687,2.1848,28908.4817
20131129,002607.SZ,2.3018,2.3342,2.3018,2.318,2.3018,0.016199999999999992,0.7038,27612.19,19738.4092,2.9096,1.2,2.2869,24897.66,2.2875,27794.265,2.2816,34832.8762,2.2431,32136.8533,2.2433,36722.223,2.2367,36837.2107,2.1838,28885.5137
20131202,002607.SZ,2.2661,2.2661,2.1138,2.1624,2.318,-0.15560000000000018,-6.7127,34081.03,23183.1319,3.5913,1.37,2.2629,28097.864,2.273,26343.3,2.2789,34659.7992,2.2433,32851.6814,2.2314,34357.316,2.2381,37079.093,2.1816,28979.5361
20131203,002607.SZ,2.1559,2.2143,2.1527,2.2013,2.1624,0.038899999999999935,1.7989,19630.45,13284.3535,2.0685,0.7,2.2551,27000.994,2.2632,24954.863,2.2731,30958.7246,2.2447,33296.9957,2.2235,31952.116,2.2399,36943.6158,2.1804,28937.7542
20131204,002607.SZ,2.2013,2.2434,2.1818,2.2143,2.2013,0.013000000000000345,0.5906,28570.14,19594.7924,3.0106,1.06,2.2396,27976.18,2.2529,24907.539,2.2656,27709.5592,2.2458,33925.391,2.2225,30396.2883,2.2405,36441.4597,2.1794,29044.9738
20131205,002607.SZ,2.2143,2.3148,2.2013,2.2953,2.2143,0.08099999999999996,3.658,52229.29,36561.8444,5.5036,1.87,2.2383,32424.62,2.2554,27737.593,2.2646,27989.4523,2.2512,35326.6138,2.224,31107.762,2.2425,36631.9307,2.1793,29364.0351
20131206,002607.SZ,2.2726,2.318,2.237,2.2596,2.2953,-0.03570000000000029,-1.5554,36651.32,25696.4293,3.8621,1.13,2.2266,34232.446,2.2567,29565.053,2.2616,28230.7215,2.2575,35934.84,2.2257,31579.5073,2.2443,36888.3717,2.1787,29525.7436
20131209,002607.SZ,2.2596,2.3018,2.2596,2.3018,2.2596,0.04220000000000024,1.8676,27947.9,19707.3509,2.945,0.82,2.2545,33005.82,2.2587,30551.842,2.2604,28146.4538,2.266,36551.919,2.2287,32031.1373,2.2467,36905.4078,2.1792,29637.7088
20131210,002607.SZ,2.2953,2.3148,2.2856,2.2953,2.3018,-0.00649999999999995,-0.2824,30337.7,21498.0889,3.1968,0.92,2.2733,35147.27,2.2642,31074.132,2.2624,28639.45,2.2698,35667.1943,2.2361,31891.5977,2.2483,36824.2643,2.1794,29793.9442
20131211,002607.SZ,2.2921,2.2921,2.2207,2.2499,2.2953,-0.04540000000000033,-1.978,22527.68,15657.9102,2.3738,0.64,2.2804,33938.778,2.26,30957.479,2.2626,28958.7546,2.2686,33562.0429,2.2403,32014.7067,2.2488,36478.3915,2.1786,29808.3508
20131212,002607.SZ,2.237,2.2856,2.237,2.2726,2.2499,0.022700000000000387,1.0089,14625.57,10232.5753,1.5412,0.43,2.2758,26418.034,2.2571,29421.327,2.2619,28693.0285,2.2722,32528.4495,2.2453,31382.5,2.2498,36085.1267,2.1783,29821.8835
20131213,002607.SZ,2.2726,2.3666,2.2564,2.3472,2.2726,0.07459999999999978,3.2826,74314.38,53471.8121,7.8308,2.81,2.2934,33950.646,2.26,34091.546,2.2701,32477.6115,2.2756,32841.3048,2.2515,33223.9913,2.2515,36291.3985,2.1788,30347.5015
20131216,002607.SZ,2.3504,2.3893,2.3148,2.3407,2.3472,-0.00649999999999995,-0.2769,47252.02,34186.8251,4.9791,1.39,2.3011,37811.47,2.2778,35408.645,2.2739,34289.7508,2.2769,31719.53,2.2572,34456.4303,2.2532,36596.1458,2.18,30653.5366
20131217,002607.SZ,2.3569,2.3699,2.2953,2.3277,2.3407,-0.0129999999999999,-0.5554,32376.56,23262.6385,3.4117,0.86,2.3076,38219.242,2.2904,36683.256,2.2759,34473.5562,2.2779,30947.429,2.2617,35023.1877,2.2552,36648.025,2.1815,30794.1202
20131218,002607.SZ,2.3439,2.3731,2.3018,2.3731,2.3277,0.045399999999999885,1.9504,30028.74,21630.3535,3.1643,0.79,2.3323,39719.454,2.3063,36829.116,2.2801,34659.4446,2.2814,30781.4252,2.2681,35264.0253,2.2572,36716.2947,2.1846,30938.6168
20131219,002607.SZ,2.3666,2.4282,2.3277,2.3439,2.3731,-0.029199999999999893,-1.2305,66029.03,48670.4753,6.9577,1.66,2.3465,50000.146,2.3112,38209.09,2.2941,37116.9831,2.2826,32542.6467,2.2753,36669.0407,2.2585,36268.7827,2.1877,31308.4274
20131220,002607.SZ,2.3375,2.3375,2.2305,2.2596,2.3439,-0.08430000000000026,-3.5966,30799.01,21753.0895,3.2454,0.62,2.329,41297.072,2.3112,37623.859,2.2985,37976.1031,2.2822,32869.8019,2.2799,37196.033,2.2594,36204.6208,2.1895,31393.4519
20131223,002607.SZ,2.2564,2.2596,2.1818,2.2143,2.2596,-0.045299999999999674,-2.0048,19750.5,13489.027,2.0812,0.48,2.3037,35796.768,2.3024,36804.119,2.2985,37297.6692,2.2806,32935.22,2.2799,36223.819,2.2584,36007.091,2.1912,31431.2207
20131224,002607.SZ,2.2045,2.2694,2.2045,2.2467,2.2143,0.032399999999999984,1.4632,17591.23,12190.1593,1.8537,0.49,2.2875,32839.702,2.2976,35529.472,2.2948,34633.2031,2.2789,32911.9448,2.2789,34585.6647,2.2588,35789.1485,2.193,31485.5902
20131225,002607.SZ,2.2402,2.2953,2.211,2.2921,2.2467,0.045399999999999885,2.0207,18704.13,13119.9227,1.9709,0.57,2.2713,30574.78,2.3018,35147.117,2.2973,33252.65,2.2814,32606.6748,2.282,33998.1013,2.26,35761.5317,2.1949,31560.2694
20131226,002607.SZ,2.2921,2.2986,2.211,2.2207,2.2921,-0.07140000000000013,-3.115,15159.28,10544.0051,1.5974,0.5,2.2467,20400.83,2.2966,35200.488,2.2911,32268.91,2.278,32200.2495,2.2802,32245.2633,2.2605,35615.7797,2.1958,31509.9275
20131227,002607.SZ,2.2207,2.3245,2.2078,2.3212,2.2207,0.10050000000000026,4.5256,26850.2,18891.6168,2.8293,1.32,2.259,19611.068,2.294,30454.07,2.2931,32000.6408,2.2789,32050.8738,2.2805,30779.9603,2.263,35727.5207,2.1979,31620.8347
20131230,002607.SZ,2.3277,2.3666,2.3115,2.3245,2.3212,0.0032999999999998586,0.1422,31481.18,22717.8285,3.3173,1.61,2.281,21957.204,2.2924,28876.986,2.2988,32689.3715,2.2792,32235.1114,2.281,30209.6437,2.2656,35918.8277,2.1999,31790.9967
20131231,002607.SZ,2.3245,2.3472,2.3115,2.331,2.3245,0.00649999999999995,0.2796,20525.76,14757.2214,2.1629,0.93,2.2979,22544.11,2.2927,27691.906,2.3033,33143.2323,2.2873,31589.6224,2.2821,29776.675,2.2678,35916.0323,2.2014,31703.912
20140102,002607.SZ,2.331,2.3991,2.318,2.3699,2.331,0.038899999999999935,1.6688,32267.62,23479.9701,3.4002,1.43,2.3135,25256.808,2.2924,27915.794,2.305,29908.8662,2.2953,32191.3924,2.2839,29884.1497,2.2691,35486.599,2.2028,31646.8983
20140103,002607.SZ,2.3699,2.3731,2.3148,2.331,2.3699,-0.038899999999999935,-1.6414,26587.42,19144.6116,2.8016,1.05,2.3355,27542.436,2.2911,23971.633,2.3043,28319.2815,2.3009,32096.9771,2.2859,29972.772,2.2703,35247.5278,2.2042,31723.4018
20140106,002607.SZ,2.3245,2.3245,2.2499,2.2564,2.331,-0.07459999999999978,-3.2003,23892.33,16845.7031,2.5176,0.87,2.3226,26950.862,2.2908,23280.965,2.2988,27666.6485,2.299,30747.5981,2.2862,30156.6257,2.2691,34843.665,2.2045,31314.5307
20140107,002607.SZ,2.2434,2.2856,2.2305,2.2856,2.2564,0.029199999999999893,1.2941,14310.53,10002.3909,1.508,0.53,2.3148,23516.732,2.2979,22736.968,2.2921,26457.5554,2.3002,29683.751,2.2863,30030.9763,2.2677,34021.03,2.205,30905.4727
20140108,002607.SZ,2.2856,2.3602,2.2759,2.3537,2.2856,0.06809999999999983,2.9795,35063.74,25259.1219,3.6948,1.49,2.3193,26424.328,2.3086,24484.219,2.2928,24075.61,2.3027,30022.6005,2.2901,30362.6077,2.2682,33820.7103,2.2066,30875.4711
20140109,002607.SZ,2.3375,2.3569,2.2921,2.305,2.3537,-0.048699999999999743,-2.0691,27544.31,19785.5547,2.9025,1.04,2.3063,25479.666,2.3099,25368.237,2.2963,23825.2485,2.3032,29889.5819,2.2906,30490.9443,2.2682,33738.0597,2.2078,30818.8864
20140110,002607.SZ,2.3245,2.4153,2.2921,2.3828,2.305,0.07779999999999987,3.3753,71481.59,52201.9889,7.5323,2.81,2.3167,34458.5,2.3261,31000.468,2.3093,27804.5631,2.3095,32220.7205,2.2933,31874.0943,2.2687,34231.2483,2.2099,31148.2892
20140113,002607.SZ,2.3666,2.4347,2.3504,2.4315,2.3828,0.04870000000000019,2.0438,76098.96,56352.6511,8.0189,2.21,2.3517,44899.826,2.3371,35925.344,2.3235,32305.1577,2.3171,35148.0248,2.297,33490.32,2.2702,35106.2715,2.2126,31585.5787
20140114,002607.SZ,2.4315,2.4574,2.3926,2.4444,2.4315,0.01289999999999969,0.5305,60000.32,44930.085,6.3225,1.34,2.3835,54037.784,2.3491,38777.258,2.3352,35481.7877,2.3217,34466.4029,2.3064,34354.2963,2.2689,34355.8062,2.2161,31830.9466
20140115,002607.SZ,2.4315,2.4315,2.3796,2.4055,2.4444,-0.038899999999999935,-1.5914,42286.08,31324.0178,4.4559,0.78,2.3938,55482.252,2.3566,40953.29,2.3494,37568.4646,2.3248,34229.9295,2.3132,35109.484,2.2683,33530.8,2.2195,32042.7331
20140116,002607.SZ,2.4088,2.4898,2.3861,2.4801,2.4055,0.07460000000000022,3.1012,61592.5,46557.4404,6.4903,1.11,2.4289,62291.89,2.3676,43885.778,2.3616,40240.9492,2.332,35621.1648,2.3221,36210.2293,2.2723,33303.2588,2.2234,32409.6007
20140117,002607.SZ,2.4671,2.4736,2.3893,2.4153,2.4801,-0.06480000000000041,-2.6128,43085.35,32213.7603,4.5401,0.69,2.4354,56612.642,2.376,45535.571,2.3686,41133.5777,2.3341,36242.9081,2.3261,35905.4313,2.275,33506.5967,2.2264,32588.5809
20140120,002607.SZ,2.4023,2.4736,2.3893,2.412,2.4153,-0.0032999999999998586,-0.1366,26611.26,19868.9433,2.8041,0.47,2.4315,46715.102,2.3916,45807.464,2.3749,41601.6931,2.3373,34365.8714,2.3312,35570.7627,2.2785,33575.135,2.229,32516.1233
20140121,002607.SZ,2.4023,2.4574,2.3958,2.4477,2.412,0.03570000000000029,1.4801,30526.21,22921.9903,3.2167,0.65,2.4321,40820.28,2.4078,47429.032,2.3808,41467.7385,2.3463,34352.881,2.336,35656.7063,2.2824,33843.9218,2.2322,32622.8765
20140122,002607.SZ,2.4477,2.6163,2.4477,2.5547,2.4477,0.10699999999999976,4.3715,100038.11,79025.844,10.5414,2.45,2.462,52370.686,2.4279,53926.469,2.3981,47117.7915,2.3625,38176.1005,2.3447,37980.0533,2.2904,34935.8255,2.2366,33368.4111
20140123,002607.SZ,2.5449,2.5774,2.5222,2.5287,2.5547,-0.0259999999999998,-1.0177,55108.42,43374.6731,5.807,1.05,2.4717,51073.87,2.4503,56682.88,2.419,49519.0292,2.3759,39962.6333,2.354,39066.078,2.2971,35540.3923,2.241,33752.488
20140124,002607.SZ,2.5547,2.7135,2.5352,2.6519,2.5287,0.12319999999999975,4.8721,89164.66,73154.8875,9.3956,1.75,2.519,60289.732,2.4772,58451.187,2.4472,55277.0392,2.393,43317.8967,2.3666,41550.7143,2.306,36466.6072,2.2466,34417.7942
20140127,002607.SZ,2.6195,2.7492,2.6033,2.6681,2.6519,0.016199999999999992,0.6109,70599.42,58596.8398,7.4393,1.17,2.5702,69087.364,2.5008,57901.233,2.4714,58010.5531,2.4143,45957.9033,2.3773,41426.8823,2.3144,37325.4368,2.2522,34906.9963
20140128,002607.SZ,2.6649,2.7006,2.5774,2.6195,2.6681,-0.04859999999999998,-1.8215,41904.1,34031.459,4.4156,0.61,2.6046,71362.942,2.5184,56091.611,2.4956,59115.1523,2.4285,46674.7557,2.3866,41248.6183,2.3219,37852.5243,2.257,35105.0427
20140129,002607.SZ,2.6552,2.7427,2.6325,2.7006,2.6195,0.08110000000000017,3.096,51049.84,42508.3229,5.3793,0.72,2.6338,61565.288,2.5479,56967.987,2.52,57543.4792,2.4464,47606.5967,2.399,41871.061,2.3304,38447.1243,2.2625,35425.0579
20140130,002607.SZ,2.6649,2.7168,2.5936,2.626,2.7006,-0.07460000000000022,-2.7623,41673.33,33823.7163,4.3913,0.68,2.6532,58878.27,2.5625,54976.07,2.535,54895.3538,2.4605,48613.6238,2.4075,42259.214,2.3378,38761.6197,2.2669,35591.5301
20140207,002607.SZ,2.5968,2.6422,2.532,2.639,2.626,0.0129999999999999,0.495,32511.05,25991.2226,3.4258,0.55,2.6506,47547.548,2.5848,53918.64,2.5499,52780.7946,2.4733,48625.2157,2.4173,41141.948,2.3463,38905.4943,2.2712,35605.007
20140210,002607.SZ,2.626,2.8043,2.626,2.7654,2.639,0.1264000000000003,4.7897,75644.45,63663.0306,7.971,1.59,2.6701,48556.554,2.6202,58821.959,2.5776,55346.8231,2.494,50961.2648,2.4342,42636.796,2.357,39916.4145,2.2768,36008.2541
20140211,002607.SZ,2.7719,2.7848,2.6617,2.7168,2.7654,-0.04859999999999998,-1.7574,56833.33,47814.2598,5.9888,1.17,2.6896,51542.4,2.6471,61452.671,2.5958,54980.7331,2.5159,52529.8838,2.4509,43872.8903,2.3654,40048.3547,2.2821,36342.2086
20140212,002607.SZ,2.7168,2.814,2.6584,2.7751,2.7168,0.05830000000000002,2.1459,62864.94,53273.1275,6.6243,1.22,2.7045,53905.42,2.6691,57735.354,2.6235,56502.24,2.5392,54841.9986,2.4685,45382.014,2.3737,39983.8393,2.2875,36719.0252
20140213,002607.SZ,2.8011,2.9048,2.7557,2.8173,2.7751,0.04219999999999979,1.5207,100803.28,88348.5067,10.6221,1.87,2.7427,65731.41,2.698,62304.84,2.6547,62209.3185,2.5613,57972.4529,2.486,48118.6523,2.384,41058.3768,2.2932,37341.0306
20140214,002607.SZ,2.8367,2.8983,2.7395,2.8659,2.8173,0.04859999999999998,1.7251,58311.57,51127.5316,6.1445,0.89,2.7881,70891.514,2.7194,59219.531,2.6868,64346.6538,2.588,59437.5605,2.5076,49557.062,2.3939,40901.1627,2.299,37598.3949
20140217,002607.SZ,2.8691,2.8918,2.8108,2.8497,2.8659,-0.016199999999999992,-0.5653,65689.46,57629.4749,6.922,0.93,2.805,68900.516,2.7375,58728.535,2.7095,61704.45,2.6102,59161.7448,2.5252,50851.704,2.4028,40815.8322,2.3049,37885.081
20140218,002607.SZ,2.8853,2.8853,2.7622,2.8011,2.8497,-0.04859999999999998,-1.7054,60975.67,52898.9651,6.4253,0.88,2.8218,69728.984,2.7557,60635.692,2.7305,62155.7769,2.6278,58441.5881,2.5411,51834.8537,2.411,41022.2487,2.3106,38264.9297
20140219,002607.SZ,2.7751,2.8043,2.6714,2.7168,2.8011,-0.08429999999999982,-3.0095,71920.88,60496.5636,7.5786,1.03,2.8102,71540.172,2.7573,62722.796,2.7355,60829.3323,2.6408,59009.2338,2.5539,53548.0243,2.418,41662.3497,2.3161,38687.9976
20140220,002607.SZ,2.7362,2.7557,2.5968,2.6292,2.7168,-0.08760000000000012,-3.2244,60591.48,50125.2879,6.3848,0.85,2.7725,63497.812,2.7576,64614.611,2.7325,60059.4908,2.6515,59880.9195,2.5626,54492.153,2.4232,42188.1513,2.3207,39108.2279
20140221,002607.SZ,2.613,2.6552,2.5676,2.6519,2.6292,0.022699999999999942,0.8634,44727.35,36050.3456,4.7131,0.7,2.7297,60780.968,2.7589,65836.241,2.735,60276.6638,2.6597,59077.8171,2.5733,55096.8173,2.4296,42534.7947,2.3253,39386.5232
20140224,002607.SZ,2.6422,2.707,2.5871,2.6908,2.6519,0.038899999999999935,1.4669,49891.59,40575.6797,5.2573,0.82,2.698,57621.394,2.7515,63260.955,2.7342,60187.5677,2.6728,59401.9238,2.5877,55963.4593,2.437,43060.0425,2.33,39704.9193
20140225,002607.SZ,2.6746,2.6908,2.5287,2.6357,2.6908,-0.05509999999999993,-2.0477,55547.82,44953.3771,5.8533,0.96,2.6649,56535.824,2.7434,63132.404,2.735,61254.8362,2.6834,60779.8552,2.5994,57338.0357,2.4429,43684.506,2.3343,40047.0227
20140226,002607.SZ,2.6325,2.6454,2.5287,2.5903,2.6357,-0.045399999999999885,-1.7225,48743.54,39003.388,5.1363,0.86,2.6396,51900.356,2.7249,61720.264,2.7312,62503.4892,2.6902,61647.3471,2.6073,57794.029,2.4487,44078.3183,2.3384,40261.4209
20140227,002607.SZ,2.5903,2.6357,2.5676,2.5903,2.5903,0.0,0.0,43543.44,35090.2059,4.5883,0.84,2.6318,48490.748,2.7022,55994.28,2.7178,60034.1808,2.6919,58957.1248,2.6168,58327.3333,2.4537,44409.1388,2.3421,40479.97
20140228,002607.SZ,2.5709,2.5741,2.4704,2.5385,2.5903,-0.05180000000000007,-1.9998,44560.49,34543.8777,4.6955,0.92,2.6091,48457.376,2.6694,54619.172,2.704,59090.1162,2.6924,58454.8424,2.622,57429.9633,2.4576,44652.0288,2.3454,40724.8987
20140303,002607.SZ,2.5385,2.626,2.5158,2.6001,2.5385,0.06159999999999988,2.4266,28566.21,22550.6651,3.0101,0.59,2.591,44192.3,2.6445,50906.847,2.6906,56451.7523,2.6899,55569.2019,2.6276,55845.5383,2.4623,44667.9292,2.3495,40752.5699
20140304,002607.SZ,2.5871,2.5871,2.5222,2.5579,2.6001,-0.04219999999999979,-1.623,27506.41,21664.0242,2.8985,0.62,2.5754,38584.018,2.6202,47559.921,2.6706,50813.5315,2.6847,53517.1538,2.6314,54762.408,2.4689,44558.3522,2.3535,40818.7226
20140305,002607.SZ,2.5612,2.6001,2.5612,2.5774,2.5579,0.01949999999999985,0.7623,19459.59,15503.1615,2.0505,0.5,2.5728,32727.228,2.6062,42313.792,2.6484,47824.9177,2.6827,52448.3676,2.6371,54001.525,2.4752,44555.5045,2.3576,40749.5602
20140306,002607.SZ,2.5774,2.6098,2.5287,2.6065,2.5774,0.029100000000000126,1.129,20973.82,16670.2634,2.2101,0.64,2.5761,28213.304,2.6039,38352.026,2.6297,44385.2531,2.6782,51016.1762,2.6413,52647.569,2.4817,44428.8992,2.3611,40435.1794
20140307,002607.SZ,2.613,2.6357,2.5676,2.5871,2.6065,-0.019400000000000084,-0.7443,27679.57,22192.0701,2.9167,0.98,2.5858,24837.12,2.5975,36647.248,2.6133,41824.0146,2.6763,50349.8067,2.6471,52134.043,2.4866,44019.7372,2.3646,40325.8339
20140310,002607.SZ,2.5806,2.5806,2.4412,2.4509,2.5871,-0.1362000000000001,-5.2646,23236.17,17942.6048,2.4485,0.94,2.556,23771.112,2.5735,33981.706,2.5928,38079.0369,2.6674,49908.1457,2.6484,52021.54,2.4898,43796.1513,2.367,40342.2615
20140311,002607.SZ,2.438,2.4833,2.425,2.4412,2.4509,-0.009700000000000042,-0.3958,14235.05,10745.9605,1.5,0.6,2.5326,21116.84,2.554,29850.429,2.5784,34513.1577,2.6519,46983.8886,2.6481,51478.5013,2.4921,43567.6038,2.3694,40236.5058
20140312,002607.SZ,2.4282,2.4736,2.3828,2.4023,2.4412,-0.038899999999999935,-1.5935,14602.0,10888.5929,1.5387,0.69,2.4976,20145.322,2.5352,26436.275,2.5592,32195.8231,2.637,44972.8729,2.6431,48630.631,2.4939,43305.3422,2.3711,40064.8032
20140313,002607.SZ,2.4217,2.4412,2.4055,2.438,2.4023,0.03570000000000029,1.4861,12851.84,9606.1342,1.3543,0.64,2.4639,18520.926,2.52,23367.115,2.5397,29346.6115,2.6209,42591.2967,2.64,47222.0783,2.497,43144.0782,2.3729,39811.2348
20140314,002607.SZ,2.4444,2.4477,2.3926,2.4315,2.438,-0.00649999999999995,-0.2666,11847.28,8834.6875,1.2484,0.64,2.4328,15354.468,2.5093,20095.794,2.524,25985.0315,2.6025,38355.2967,2.6327,44644.8323,2.4997,43097.7733,2.3747,39591.45
20140317,002607.SZ,2.4315,2.4833,2.4185,2.4833,2.4315,0.051799999999999624,2.1304,14781.53,11261.8394,1.5576,0.96,2.4393,13663.54,2.4976,18717.326,2.5158,23372.5692,2.5843,36282.4376,2.6265,42784.236,2.5019,42105.5592,2.3767,39198.4788
20140318,002607.SZ,2.4801,2.532,2.4801,2.5093,2.4833,0.026000000000000245,1.047,17111.96,13209.8829,1.8032,1.25,2.4529,14238.922,2.4928,17677.881,2.5095,21339.3785,2.5681,33969.2233,2.6229,41957.8313,2.5047,41603.2248,2.379,39099.6853
20140319,002607.SZ,2.5028,2.5385,2.4866,2.519,2.5093,0.009700000000000042,0.3866,17758.3,13753.1981,1.8713,1.25,2.4762,14870.182,2.4869,17507.752,2.508,19277.6715,2.5547,31911.2533,2.6168,40848.1133,2.5079,41359.5872,2.3815,39003.8061
20140320,002607.SZ,2.5222,2.5936,2.4639,2.4704,2.519,-0.04859999999999998,-1.9293,22616.86,17719.1143,2.3832,1.52,2.4827,16823.186,2.4733,17672.056,2.4981,18820.0292,2.5429,29563.4429,2.6116,40212.8977,2.5096,41236.0558,2.3834,38976.1752
20140321,002607.SZ,2.4315,2.5287,2.4153,2.5287,2.4704,0.05830000000000002,2.3599,16702.07,12795.2878,1.76,0.99,2.5021,17794.144,2.4675,16574.306,2.4958,17988.9262,2.5381,27473.471,2.6079,39685.9317,2.5126,40413.9398,2.3855,38341.3612
20140324,002607.SZ,2.5125,2.5741,2.5125,2.5385,2.5287,0.009799999999999809,0.3876,20471.12,16115.9867,2.1571,1.15,2.5132,18932.062,2.4762,16297.801,2.4928,18066.7362,2.5327,26318.4124,2.6004,37846.8207,2.5173,40241.8083,2.3883,38223.2146
20140325,002607.SZ,2.5385,2.639,2.5287,2.6195,2.5385,0.08099999999999996,3.1909,51707.26,41480.5582,5.4486,2.73,2.5352,25851.122,2.4941,20045.022,2.4938,20430.8469,2.5294,26404.8729,2.5971,37675.9517,2.524,40774.421,2.3912,38390.756
20140326,002607.SZ,2.6001,2.6227,2.5806,2.6098,2.6195,-0.009700000000000042,-0.3703,17803.28,14278.1494,1.876,0.69,2.5534,25860.118,2.5148,20365.15,2.4956,19671.1323,2.5281,24607.5138,2.5916,36173.8963,2.5301,40777.9552,2.3944,38283.5518
20140327,002607.SZ,2.6195,2.626,2.5352,2.5352,2.6098,-0.07459999999999978,-2.8585,15861.8,12571.7493,1.6714,0.61,2.5663,24509.106,2.5245,20666.146,2.5021,19103.8731,2.5255,23041.7167,2.5822,33342.5137,2.5341,40730.583,2.3971,38246.0573
20140328,002607.SZ,2.5255,2.5482,2.4477,2.4574,2.5352,-0.07780000000000031,-3.0688,18319.12,14052.7688,1.9304,0.75,2.5521,24832.516,2.5271,21313.33,2.5033,19418.0323,2.5192,21840.5586,2.5686,32009.432,2.5381,40783.247,2.3993,38199.5133
20140331,002607.SZ,2.4639,2.4801,2.4347,2.438,2.4574,-0.01939999999999964,-0.7895,9931.33,7523.7232,1.0465,0.4,2.532,22724.558,2.5226,20828.31,2.506,19058.75,2.5144,20191.551,2.5549,30150.8277,2.54,40501.2658,2.4015,38114.3932
20140401,002607.SZ,2.425,2.506,2.4055,2.4542,2.438,0.016199999999999992,0.6645,31562.53,23799.9395,3.3259,1.39,2.4989,18695.612,2.5171,22273.367,2.5073,20498.0338,2.5074,20334.2329,2.5433,29170.3897,2.5422,40502.6217,2.4039,38210.7247
20140402,002607.SZ,2.4444,2.4769,2.4315,2.4509,2.4542,-0.0033000000000003027,-0.1345,11067.57,8382.1254,1.1662,0.59,2.4671,17348.47,2.5103,21604.294,2.5088,20438.0562,2.5023,19551.431,2.5345,27141.946,2.5442,40344.9852,2.406,38130.5087
20140403,002607.SZ,2.4509,2.4801,2.4315,2.4736,2.4509,0.022699999999999942,0.9262,11992.33,9094.7267,1.2637,0.69,2.4548,16574.576,2.5106,20541.841,2.508,20223.5023,2.4974,19195.8471,2.5293,25521.9743,2.5459,40007.0637,2.4075,37746.8313
20140404,002607.SZ,2.4833,2.5125,2.4607,2.4963,2.4736,0.022700000000000387,0.9177,11732.81,9024.6029,1.2363,0.71,2.4626,15257.314,2.5073,20044.915,2.507,19809.7215,2.4921,18755.799,2.5241,24422.1563,2.5487,39759.4868,2.4095,37503.5073
20140408,002607.SZ,2.4801,2.5482,2.4736,2.5482,2.4963,0.051899999999999835,2.0791,17525.5,13653.7901,1.8467,1.15,2.4846,16776.148,2.5083,19750.353,2.5093,19791.8138,2.4903,18272.2719,2.5193,23343.2867,2.5535,39653.373,2.4113,37248.519
20140409,002607.SZ,2.5579,2.5612,2.5352,2.5547,2.5482,0.00649999999999995,0.2551,14518.25,11416.9968,1.5298,0.87,2.5047,13367.292,2.5018,16031.452,2.5158,19168.8438,2.4952,17857.1329,2.5166,21975.6343,2.558,39656.835,2.4129,36838.9325
20140410,002607.SZ,2.5547,2.5806,2.5287,2.5287,2.5547,-0.0259999999999998,-1.0177,25652.08,20209.2424,2.7031,1.92,2.5203,16284.194,2.4937,16816.332,2.5158,19857.3062,2.4994,18400.801,2.5146,21205.919,2.5609,39499.974,2.4146,36660.3422
20140411,002607.SZ,2.5287,2.5287,2.4833,2.5028,2.5287,-0.025900000000000034,-1.0242,17435.68,13451.2117,1.8373,1.07,2.5261,17372.864,2.4905,16973.72,2.513,19623.8108,2.5042,18535.7381,2.5117,20335.6603,2.5642,39331.4968,2.4162,36534.7782
20140414,002607.SZ,2.5125,2.5936,2.4996,2.5903,2.5028,0.08749999999999991,3.4961,28189.28,22279.9034,2.9704,1.62,2.5449,20664.158,2.5038,17960.736,2.5108,17814.7354,2.5114,19266.0924,2.5134,19789.9533,2.5677,38609.9583,2.4182,36420.6033
20140415,002607.SZ,2.5709,2.6065,2.532,2.5482,2.5903,-0.042100000000000026,-1.6253,15734.12,12448.4587,1.658,0.76,2.5449,20305.882,2.5148,18541.015,2.506,17655.5692,2.517,19451.18,2.5117,19362.217,2.5696,37603.8777,2.4199,36355.0746
20140416,002607.SZ,2.5449,2.5871,2.5385,2.5709,2.5482,0.022699999999999942,0.8908,11765.65,9305.7904,1.2398,0.58,2.5482,19755.362,2.5265,16561.327,2.5088,17340.4808,2.5212,19307.5667,2.5121,18837.525,2.5717,36799.9665,2.4203,35577.8863
20140417,002607.SZ,2.5709,2.613,2.5644,2.5709,2.5709,0.0,0.0,11879.89,9460.928,1.2518,0.6,2.5566,17000.924,2.5385,16642.559,2.5175,16845.1554,2.5241,19058.4205,2.5119,18584.8683,2.5745,36293.1967,2.4214,34911.9983
20140418,002607.SZ,2.5612,2.5806,2.5417,2.5741,2.5709,0.0032000000000000917,0.1245,9670.98,7635.8522,1.0191,0.57,2.5709,15447.984,2.5485,16410.424,2.528,16825.1285,2.5267,18673.31,2.5108,18208.107,2.5761,35427.838,2.4242,34365.5484
20140421,002607.SZ,2.5612,2.5741,2.5093,2.5158,2.5741,-0.05830000000000002,-2.2649,12197.06,9562.014,1.2853,0.79,2.556,12249.54,2.5505,16456.849,2.5327,15335.4769,2.5289,18177.129,2.5084,17692.0233,2.5777,34913.0332,2.4264,34209.8149
20140422,002607.SZ,2.5125,2.5287,2.4347,2.4963,2.5158,-0.01949999999999985,-0.7751,16141.96,12313.7095,1.7009,1.32,2.5456,12331.108,2.5453,16318.495,2.5362,15725.8146,2.5273,18150.4571,2.5099,17455.5497,2.5791,34738.5448,2.4288,34156.8399
20140423,002607.SZ,2.4801,2.5125,2.4801,2.4898,2.4963,-0.006500000000000394,-0.2604,4994.2,3838.5266,0.5263,0.41,2.5294,10976.818,2.5388,15366.09,2.5375,15187.4969,2.525,17413.461,2.5116,17147.5213,2.5798,34313.0113,2.4311,34078.4666
20140424,002607.SZ,2.4833,2.4963,2.4444,2.4542,2.4898,-0.03559999999999963,-1.4298,7825.73,5946.9844,0.8246,0.71,2.506,10165.986,2.5313,13583.455,2.5342,14886.9523,2.5172,15323.8643,2.5133,16921.6457,2.5782,32776.1383,2.4343,33855.9819
20140425,002607.SZ,2.4736,2.5741,2.4509,2.5158,2.4542,0.06159999999999988,2.51,23768.32,18420.877,2.5046,2.34,2.4944,12985.454,2.5326,14216.719,2.5317,15367.1692,2.5127,15607.9138,2.5159,17285.5283,2.578,32253.8033,2.4376,33897.0978
20140428,002607.SZ,2.5385,2.5741,2.3991,2.412,2.5158,-0.10380000000000011,-4.1259,36918.3,28647.9391,3.8902,2.84,2.4736,17929.702,2.5148,15089.621,2.5208,17090.25,2.5068,16610.6043,2.5152,18121.229,2.574,31383.0307,2.44,33924.8189
20140429,002607.SZ,2.3569,2.3634,2.2694,2.3569,2.412,-0.05509999999999993,-2.2844,19434.51,13893.1295,2.0479,1.08,2.4457,18588.212,2.4957,15459.66,2.5075,16611.9754,2.502,16663.7181,2.511,18276.3283,2.5688,30530.2822,2.4416,33927.8595
20140430,002607.SZ,2.3569,2.3796,2.3375,2.3731,2.3569,0.016199999999999992,0.6873,8570.32,6245.2184,0.9031,0.46,2.4224,19303.436,2.4759,15140.127,2.4976,15930.0246,2.4989,16598.9081,2.5065,17991.607,2.5647,29974.7192,2.4433,33913.6217
20140505,002607.SZ,2.3666,2.412,2.3342,2.4023,2.3731,0.029199999999999893,1.2305,9513.24,6984.2559,1.0024,0.49,2.412,19640.938,2.459,14903.462,2.4831,14493.4062,2.4965,15548.9419,2.5026,17716.7717,2.5597,29282.4425,2.445,33864.7834
20140506,002607.SZ,2.3991,2.4607,2.3926,2.4477,2.4023,0.04540000000000033,1.8899,15891.67,11924.9871,1.6746,0.81,2.3984,18065.608,2.4464,15525.531,2.4754,14505.5254,2.4963,15778.661,2.5018,17492.5987,2.5567,28852.7482,2.4473,33807.1839
20140507,002607.SZ,2.4347,2.4542,2.3893,2.3926,2.4477,-0.05510000000000037,-2.2511,8427.35,6298.2082,0.888,0.47,2.3945,12367.418,2.4341,15148.56,2.4617,14248.7331,2.4925,15608.9,2.4973,17216.7747,2.5526,28451.3532,2.4495,33678.4237
20140508,002607.SZ,2.425,2.4736,2.3926,2.4185,2.3926,0.025900000000000034,1.0825,9333.68,7021.6227,0.9835,0.75,2.4068,10347.252,2.4263,14467.732,2.4499,14052.8708,2.4888,15494.6557,2.4933,16845.5267,2.5468,27346.1737,2.4519,33631.2941
20140509,002607.SZ,2.4509,2.4509,2.3926,2.4023,2.4185,-0.016199999999999992,-0.6698,7121.9,5285.9151,0.7505,0.69,2.4127,10057.568,2.4175,14680.502,2.4367,13856.7877,2.4818,14999.2462,2.486,15359.348,2.5416,26517.6498,2.4535,33283.0022
20140512,002607.SZ,2.4412,2.4574,2.4055,2.4477,2.4023,0.04540000000000033,1.8899,9167.28,6895.3564,0.966,0.91,2.4218,9988.376,2.4169,14814.657,2.4315,13623.7277,2.4767,14744.4381,2.4806,15071.4813,2.5361,25622.6888,2.4549,32803.2641
20140513,002607.SZ,2.4542,2.4607,2.4282,2.4477,2.4477,0.0,0.0,6231.99,4693.6294,0.6567,0.62,2.4218,8056.44,2.4101,13061.024,2.4277,12861.4223,2.4729,13819.6719,2.4777,14750.4877,2.53,24046.5007,2.457,32552.4387
20140514,002607.SZ,2.4444,2.4607,2.4282,2.4412,2.4477,-0.006500000000000394,-0.2656,4594.45,3470.5165,0.4841,0.57,2.4315,7289.86,2.413,9828.639,2.424,12830.6723,2.4699,13208.1848,2.4772,14292.9987,2.5229,23151.2153,2.4584,32026.189
20140515,002607.SZ,2.4347,2.4542,2.2953,2.3407,2.4412,-0.10049999999999981,-4.1168,23520.57,17095.4553,2.4785,3.23,2.4159,10127.238,2.4114,10237.245,2.4153,14037.9677,2.458,12985.8652,2.4739,14745.9733,2.5144,22448.4005,2.4586,31632.1163
20140516,002607.SZ,2.3277,2.3504,2.3115,2.3375,2.3407,-0.0032000000000000917,-0.1367,6340.49,4558.27,0.6681,0.63,2.403,9970.956,2.4078,10014.262,2.4016,12697.3654,2.448,12538.5495,2.4701,13905.2387,2.5067,21537.8142,2.4589,31280.0314
20140519,002607.SZ,2.3342,2.3439,2.305,2.3342,2.3375,-0.0032999999999998586,-0.1412,3929.12,2820.1907,0.414,0.39,2.3803,8923.324,2.401,9455.85,2.3956,10159.7362,2.4367,12165.3814,2.4662,13667.2903,2.5003,20404.6182,2.4592,31033.4839
20140520,002607.SZ,2.3569,2.3699,2.3342,2.3342,2.3342,0.0,0.0,4026.97,2916.2274,0.4243,0.45,2.3576,8482.32,2.3897,8269.38,2.3938,8974.5408,2.4255,11791.4329,2.4615,13401.7783,2.4954,19461.8763,2.4593,30825.0138
20140521,002607.SZ,2.3342,2.3569,2.3115,2.3504,2.3342,0.016199999999999992,0.694,4801.39,3458.9883,0.5059,0.57,2.3394,8523.708,2.3854,7906.784,2.3921,8684.6231,2.4148,11559.5476,2.4567,13170.731,2.4904,18796.4437,2.46,30665.6192
20140522,002607.SZ,2.3537,2.3731,2.331,2.3375,2.3504,-0.012900000000000134,-0.5488,5800.76,4222.0306,0.6112,0.68,2.3388,4979.746,2.3773,7553.492,2.3871,8399.0477,2.4063,11254.9619,2.4496,12779.9063,2.4845,18061.5965,2.4607,30560.8195
20140523,002607.SZ,2.331,2.3666,2.3277,2.3537,2.3375,0.016199999999999992,0.693,5587.75,4040.6194,0.5888,1.12,2.342,4829.198,2.3725,7400.077,2.3799,7606.4385,2.3995,10752.3805,2.4429,12482.223,2.4798,17228.9287,2.4613,30456.7173
20140526,002607.SZ,2.3634,2.4055,2.3634,2.3828,2.3537,0.029100000000000126,1.2364,9667.79,7092.5379,1.0187,2.0,2.3517,5976.932,2.366,7450.128,2.3791,7701.8569,2.3944,10974.9324,2.4381,11949.4133,2.4763,16577.6662,2.4625,30327.9922
20140527,002607.SZ,2.3764,2.3958,2.3699,2.3926,2.3828,0.009799999999999809,0.4113,8730.98,6427.2069,0.92,1.46,2.3634,6917.734,2.3605,7700.027,2.3771,7655.4954,2.3915,11018.0395,2.4344,11659.2567,2.473,15997.4585,2.4634,30203.2987
20140528,002607.SZ,2.3958,2.4023,2.3699,2.4023,2.3926,0.009700000000000042,0.4054,7020.05,5169.5882,0.7397,1.01,2.3738,7361.466,2.3566,7942.587,2.3771,7647.6608,2.3861,10220.5029,2.4281,10953.6157,2.4708,15371.7845,2.4642,30011.9067
20140529,002607.SZ,2.3926,2.3958,2.3602,2.3602,2.4023,-0.042100000000000026,-1.7525,5932.0,4357.882,0.6251,0.81,2.3783,7387.714,2.3585,6183.73,2.3704,7398.7931,2.3836,8744.9648,2.4219,10626.8783,2.4668,14994.5477,2.4645,29831.2384
20140530,002607.SZ,2.3504,2.3861,2.3504,2.3731,2.3602,0.012900000000000134,0.5466,6458.26,4726.9713,0.6805,0.87,2.3822,7561.816,2.3621,6195.507,2.3646,7416.1985,2.3844,8127.0481,2.4153,10449.9653,2.4637,14643.7452,2.4663,29601.0487
20140603,002607.SZ,2.3926,2.3991,2.3731,2.3828,2.3731,0.009700000000000042,0.4087,7000.87,5154.7363,0.7377,0.93,2.3822,7028.432,2.367,6502.682,2.3602,7601.3077,2.3849,8052.3124,2.409,10287.3313,2.4604,14436.0998,2.4678,29495.8022
20140604,002607.SZ,2.3926,2.3926,2.3504,2.3569,2.3828,-0.025900000000000034,-1.087,6175.32,4503.9244,0.6507,0.88,2.3751,6517.3,2.3692,6717.517,2.3614,6267.0577,2.3827,7893.3638,2.4018,10170.8093,2.4563,14189.4582,2.469,29309.1787
20140605,002607.SZ,2.3569,2.4088,2.3569,2.3991,2.3569,0.04219999999999979,1.7905,10258.43,7560.0284,1.081,1.57,2.3744,7164.976,2.3741,7263.221,2.3661,6568.4377,2.3804,7625.1143,2.3979,10106.1883,2.4531,13899.1058,2.4699,28959.4215
20140606,002607.SZ,2.4055,2.4153,2.3731,2.3926,2.3991,-0.00649999999999995,-0.2709,8407.88,6216.8664,0.886,1.17,2.3809,7660.152,2.3796,7523.933,2.3706,6912.9577,2.3804,7624.1871,2.3944,9848.3857,2.4522,13651.9677,2.471,28724.0595
20140609,002607.SZ,2.3991,2.412,2.3796,2.3893,2.3926,-0.0032999999999998586,-0.1379,6440.9,4754.7234,0.6787,0.84,2.3841,7656.68,2.3832,7609.248,2.3749,7098.6446,2.379,7486.4357,2.3911,9896.609,2.4513,13522.0652,2.4717,28544.8345
20140610,002607.SZ,2.4088,2.4347,2.3796,2.4282,2.3893,0.038899999999999935,1.6281,12885.38,9566.4294,1.3578,1.68,2.3932,8833.582,2.3877,7931.007,2.3809,7720.49,2.3802,7760.8871,2.3902,10065.264,2.4517,13493.4548,2.4728,28399.3985
20140611,002607.SZ,2.4185,2.438,2.412,2.425,2.4282,-0.0032000000000000917,-0.1318,12418.1,9272.0032,1.3085,1.41,2.4068,10082.138,2.391,8299.719,2.3876,8229.5162,2.3791,7915.6881,2.3872,9686.9233,2.4515,13486.2258,2.4743,28315.152
20140612,002607.SZ,2.425,2.4412,2.412,2.4282,2.425,0.0032000000000000917,0.132,10517.06,7886.2045,1.1082,1.04,2.4127,10133.864,2.3935,8649.42,2.3933,8608.6938,2.3782,8119.739,2.3877,8806.882,2.4515,13464.0555,2.4756,28280.9144
20140613,002607.SZ,2.4315,2.4898,2.4217,2.4801,2.4282,0.05190000000000028,2.1374,21887.81,16628.3086,2.3064,2.16,2.4302,12829.85,2.4055,10245.001,2.4008,9548.6954,2.3801,8943.2324,2.3918,8888.6587,2.4514,13582.4935,2.4767,27844.0263
20140616,002607.SZ,2.4833,2.5287,2.4639,2.4704,2.4801,-0.009700000000000042,-0.3911,17559.43,13492.7855,1.8503,1.37,2.4464,15053.556,2.4153,11355.118,2.4068,10227.8069,2.3862,8659.3686,2.3951,9188.2957,2.4508,13589.9513,2.4778,27596.5881
20140617,002607.SZ,2.4866,2.4866,2.425,2.4736,2.4704,0.0031999999999996476,0.1295,12711.44,9650.6779,1.3395,0.84,2.4555,15018.768,2.4243,11926.175,2.4123,10665.6062,2.3927,8962.7471,2.3974,9294.9023,2.45,13505.837,2.479,27432.7121
20140618,002607.SZ,2.4801,2.4866,2.4153,2.4282,2.4736,-0.045399999999999885,-1.8354,12014.72,9060.1177,1.266,0.8,2.4561,14938.092,2.4315,12510.115,2.4175,11133.5077,2.3972,9347.7757,2.3968,9165.6707,2.4493,13329.1347,2.4794,27282.5952
20140619,002607.SZ,2.425,2.4444,2.3537,2.3602,2.4282,-0.06800000000000006,-2.8004,10907.84,8085.477,1.1494,0.73,2.4425,15016.248,2.4276,12575.056,2.4165,11475.7831,2.3984,9675.4362,2.3957,9248.3537,2.4465,13232.5642,2.4796,26823.252
20140620,002607.SZ,2.3757,2.407,2.364,2.3875,2.3601,0.02740000000000009,1.161,8427.95,5128.5028,0.7401,0.56,2.424,12324.276,2.4271,12577.063,2.4169,11585.5585,2.4002,9848.1295,2.3947,9218.1627,2.444,13031.8447,2.4806,26636.8265
20140623,002607.SZ,2.3875,2.4305,2.3836,2.4227,2.3875,0.035199999999999676,1.4743,17320.28,10609.2185,1.5209,1.41,2.4144,12276.446,2.4304,13665.001,2.4219,12442.8631,2.4043,10396.6781,2.3954,9558.1087,2.4407,12458.7283,2.4824,26616.5747
20140624,002607.SZ,2.411,2.4344,2.407,2.4227,2.4227,0.0,0.0,10757.18,6642.8945,0.9446,0.88,2.4043,11885.594,2.4299,13452.181,2.4237,12481.2285,2.4075,10642.8414,2.3945,9611.1053,2.4376,12341.2933,2.4838,26559.6242
20140625,002607.SZ,2.4344,2.4384,2.3836,2.3875,2.4227,-0.035199999999999676,-1.4529,10521.01,6453.6243,0.9239,0.89,2.3961,11586.852,2.4261,13262.472,2.4234,12643.7769,2.4078,10683.471,2.3925,9754.0727,2.4351,12252.2802,2.4846,26491.4316
20140626,002607.SZ,2.3953,2.4384,2.3914,2.4227,2.3875,0.035199999999999676,1.4743,18074.07,11202.1039,1.5871,1.56,2.4086,13020.098,2.4256,14018.173,2.4259,13538.6362,2.4092,11128.38,2.3919,10203.3933,2.4345,12248.196,2.4863,26515.7215
20140627,002607.SZ,2.4227,2.5205,2.4149,2.4775,2.4227,0.05480000000000018,2.2619,31875.93,20143.9148,2.7991,2.45,2.4266,17709.694,2.4253,15016.985,2.4297,14999.4477,2.4128,12311.9933,2.3965,10481.9053,2.4352,12613.9393,2.4876,26557.6026
20140630,002607.SZ,2.4775,2.5205,2.4462,2.4971,2.4775,0.019600000000000062,0.7911,25743.36,16352.5534,2.2606,1.45,2.4415,19394.31,2.428,15835.378,2.4353,16024.4677,2.4193,13255.3914,2.4018,11128.6677,2.4359,12516.9532,2.4891,26509.7874
20140701,002607.SZ,2.4971,2.5832,2.4971,2.5284,2.4971,0.031299999999999883,1.2535,34536.95,22352.9233,3.0327,1.78,2.4626,24150.264,2.4335,18017.929,2.443,17872.1515,2.4267,14592.4719,2.4082,12148.9287,2.4372,12908.1095,2.4907,26626.5473
20140702,002607.SZ,2.5323,2.5401,2.4853,2.5088,2.5284,-0.019600000000000062,-0.7752,21135.41,13559.6119,1.8559,0.88,2.4869,26273.144,2.4415,18929.998,2.4452,17814.2746,2.4327,15265.5452,2.4141,12719.21,2.4378,13060.4942,2.4919,26533.7789
20140703,002607.SZ,2.5127,2.5362,2.5049,2.5245,2.5088,0.01570000000000027,0.6258,23684.24,15257.8416,2.0798,0.9,2.5073,27395.178,2.4579,20207.638,2.4493,18285.4138,2.4407,16099.3033,2.4199,13348.6383,2.4383,13259.6847,2.4935,26509.5857
20140704,002607.SZ,2.5166,2.5323,2.4971,2.5245,2.5245,0.0,0.0,17120.58,10992.5338,1.5034,0.62,2.5167,24444.108,2.4716,21076.901,2.4533,18624.5785,2.4467,16426.0724,2.4261,13725.9657,2.4379,13252.936,2.4957,26453.1545
20140707,002607.SZ,2.5245,2.544,2.5088,2.5401,2.5245,0.015599999999999614,0.6179,17976.17,11608.4855,1.5785,0.74,2.5253,22890.67,2.4834,21142.49,2.4619,19083.1515,2.4537,16881.7052,2.4323,14138.913,2.4376,13310.568,2.4978,26483.7015
20140708,002607.SZ,2.5362,2.5597,2.5166,2.5519,2.5401,0.011800000000000033,0.4645,16730.54,10852.3752,1.4691,0.73,2.53,19329.388,2.4963,21739.826,2.4766,19531.0515,2.4614,17371.6881,2.438,14374.338,2.438,13161.8757,2.4995,26330.9248
20140709,002607.SZ,2.5636,2.5636,2.5049,2.5127,2.5519,-0.03919999999999968,-1.5361,19849.32,12840.9149,1.743,1.03,2.5307,19072.17,2.5088,22672.657,2.4862,20409.6185,2.4654,17703.3043,2.442,14744.9493,2.4382,13202.103,2.5012,26266.7999
20140710,002607.SZ,2.5127,2.5323,2.501,2.5049,2.5127,-0.007800000000000029,-0.3104,14675.24,9436.5155,1.2887,0.77,2.5268,17270.37,2.517,22332.774,2.4926,20206.1538,2.4692,17810.7871,2.4454,15000.1223,2.4368,12976.869,2.5022,25793.4137
20140711,002607.SZ,2.5088,2.544,2.501,2.5245,2.5049,0.019600000000000062,0.7825,18396.01,11886.7149,1.6154,1.07,2.5268,17525.456,2.5217,20984.782,2.5004,20793.7562,2.4738,18185.9752,2.4509,15415.5893,2.4364,13021.2338,2.503,25312.5557
20140714,002607.SZ,2.5323,2.638,2.5284,2.6223,2.5245,0.09779999999999989,3.874,56760.81,37754.8782,4.9843,3.24,2.5433,25282.384,2.5343,24086.527,2.5185,24350.6638,2.4806,19846.5943,2.4592,17092.341,2.4372,13771.1532,2.5045,25285.5598
20140715,002607.SZ,2.5988,2.6223,2.5558,2.5871,2.6223,-0.03520000000000012,-1.3423,39113.53,25809.4634,3.4346,1.55,2.5503,29758.982,2.5401,24544.185,2.5311,25969.0838,2.4862,20872.98,2.466,18162.763,2.4375,14225.0472,2.506,25259.1219
20140716,002607.SZ,2.5793,2.5871,2.5479,2.5636,2.5871,-0.023499999999999854,-0.9084,19146.51,12545.4341,1.6813,0.64,2.5605,29618.42,2.5456,24345.295,2.5377,24989.8977,2.4904,21179.4119,2.4729,18595.136,2.4373,14382.9727,2.5067,24905.4053
20140717,002607.SZ,2.5636,2.591,2.5284,2.5401,2.5636,-0.0235000000000003,-0.9167,20132.95,13105.9598,1.7679,0.68,2.5675,30709.962,2.5472,23990.166,2.541,24558.3277,2.4958,21565.9943,2.4776,18924.2867,2.4377,14515.2375,2.5077,24714.1353
20140718,002607.SZ,2.5205,2.5949,2.5088,2.5597,2.5401,0.019600000000000062,0.7716,24698.57,16155.5134,2.1688,0.8,2.5746,31970.474,2.5507,24747.965,2.5434,23801.5292,2.5053,22222.6957,2.4831,19467.3097,2.4388,14657.8477,2.509,24698.1962
20140721,002607.SZ,2.5597,2.5714,2.5284,2.5401,2.5597,-0.019600000000000062,-0.7657,10677.37,6952.3827,0.9376,0.33,2.5581,22753.786,2.5507,24018.085,2.5458,22997.0646,2.5125,22329.811,2.4882,19608.5253,2.4396,14752.5672,2.5097,24532.7892
20140722,002607.SZ,2.544,2.5714,2.5245,2.5675,2.5401,0.02740000000000009,1.0787,17470.77,11424.8954,1.5341,0.77,2.5542,18425.234,2.5523,24092.108,2.5492,22519.1054,2.5194,22336.9771,2.4928,19761.3717,2.4415,14913.3178,2.5098,23844.7281
20140723,002607.SZ,2.5753,2.5793,2.5205,2.5362,2.5675,-0.031299999999999883,-1.2191,18324.86,11953.5944,1.6091,0.99,2.5487,18260.904,2.5546,23939.662,2.5501,22611.7423,2.5248,22697.3429,2.4965,19958.2637,2.4418,14822.5935,2.5099,23538.1984
20140724,002607.SZ,2.5362,2.544,2.4697,2.5088,2.5362,-0.02740000000000009,-1.0804,19902.4,12759.1772,1.7477,1.09,2.5425,18214.794,2.555,24462.378,2.5476,22759.9138,2.5306,23144.0757,2.4992,20271.1083,2.4435,14538.9952,2.5087,22961.0129
20140725,002607.SZ,2.501,2.5519,2.4971,2.5401,2.5088,0.031299999999999883,1.2476,19674.25,12651.0809,1.7276,1.08,2.5385,17209.93,2.5566,24590.202,2.5467,22986.3531,2.5362,23220.2748,2.5012,20197.323,2.4465,14542.9908,2.5076,22536.6365
20140728,002607.SZ,2.544,2.5832,2.5362,2.5714,2.5401,0.03130000000000033,1.2322,30636.28,20061.8133,2.6902,1.78,2.5448,21201.712,2.5515,21977.749,2.5513,23816.1192,2.5407,23161.2438,2.5046,20633.218,2.4498,14910.7568,2.5072,22442.738
20140729,002607.SZ,2.5714,2.5871,2.5558,2.5832,2.5714,0.011800000000000033,0.4589,30769.35,20233.4464,2.7019,1.45,2.5479,23861.428,2.5511,21143.331,2.5573,25054.1277,2.5448,23400.5767,2.5082,21235.1483,2.4528,15265.0253,2.5063,22273.7339
20140730,002607.SZ,2.5832,2.6497,2.5597,2.6106,2.5832,0.027399999999999647,1.0607,45456.33,30227.016,3.9916,1.91,2.5628,29287.722,2.5558,23774.313,2.5639,27135.6908,2.5487,23920.5471,2.5143,22349.8687,2.4555,15757.7697,2.5061,22305.2589
20140731,002607.SZ,2.6027,2.6301,2.591,2.6262,2.6106,0.015600000000000058,0.5976,30785.08,20552.174,2.7033,1.05,2.5863,31464.258,2.5644,24839.526,2.5642,25137.5577,2.5543,24380.0552,2.5232,23012.4433,2.4594,16130.3985,2.506,22290.8758
20140801,002607.SZ,2.6262,2.634,2.5558,2.5793,2.6262,-0.04689999999999994,-1.7859,34516.8,22989.2573,3.031,1.1,2.5941,34432.768,2.5663,25821.349,2.5636,24783.9631,2.5569,24895.8914,2.5296,23882.0717,2.4621,16550.1172,2.5045,21948.1454
20140804,002607.SZ,2.5949,2.6184,2.5753,2.6106,2.5793,0.031299999999999883,1.2135,37568.36,24977.2349,3.2989,1.09,2.602,35819.184,2.5734,28510.448,2.5672,26201.0285,2.561,25869.5952,2.5358,24557.0077,2.4656,17057.5582,2.5036,21787.604
20140805,002607.SZ,2.5988,2.6497,2.5675,2.6419,2.6106,0.03130000000000033,1.199,57486.17,38360.1405,5.0225,1.6,2.6137,41162.548,2.5808,32511.988,2.575,29074.3531,2.5658,27751.0238,2.5431,26114.6407,2.4688,17862.873,2.5025,21742.7809
20140806,002607.SZ,2.6419,2.7593,2.638,2.7084,2.6419,0.0665,2.5171,130418.13,90485.3821,10.4672,3.17,2.6333,58154.908,2.5981,43721.315,2.5865,37206.6269,2.5733,33164.7186,2.5538,30111.2113,2.4732,19932.642,2.5016,21989.5713
20140807,002607.SZ,2.8141,2.9785,2.8102,2.9785,2.7084,0.2700999999999998,9.9727,100802.93,75756.4506,8.0903,1.73,2.7037,72158.478,2.645,51811.368,2.6202,44139.3623,2.5955,37019.6524,2.5723,32868.84,2.4821,21536.1167,2.5025,22343.666
20140808,002607.SZ,3.1546,3.2759,3.0059,3.1233,2.9785,0.14480000000000004,4.8615,404072.45,324012.2562,32.4303,5.6,2.8125,146069.608,2.7033,90251.188,2.663,73877.9531,2.6249,55562.3767,2.5939,45275.3907,2.4952,27878.648,2.5048,25163.5242
20140811,002607.SZ,3.2877,3.4051,3.045,3.1702,3.1233,0.04689999999999994,1.5016,341924.97,276374.4664,12.4536,2.34,2.9245,206940.93,2.7632,121380.057,2.7117,98770.2692,2.6557,70968.5176,2.6163,55814.7777,2.509,33471.7227,2.5079,27504.7684
20140812,002607.SZ,3.1037,3.1389,3.0489,3.0685,3.1702,-0.10170000000000012,-3.208,192555.82,151873.4359,7.0133,0.93,3.0098,233954.86,2.8118,137558.704,2.7548,112051.3015,2.6769,77434.9467,2.6343,61082.0733,2.5213,36615.501,2.5108,28510.0596
20140813,002607.SZ,3.0333,3.0333,2.908,2.9746,3.0685,-0.09389999999999965,-3.0601,190396.4,144342.9916,6.9346,0.81,3.063,245950.514,2.8482,152052.711,2.7882,125183.7746,2.6954,84638.8929,2.6498,66724.1063,2.532,39721.6582,2.5137,29591.7672
20140814,002607.SZ,2.9667,3.0489,2.9393,2.9785,2.9746,0.0038999999999997925,0.1311,169400.28,130014.1617,6.1699,0.69,3.063,259669.984,2.8834,165914.231,2.8195,135857.9285,2.7151,91793.8343,2.665,71581.3077,2.5424,42464.973,2.5164,30630.7083
20140815,002607.SZ,2.9472,3.0567,2.9315,3.045,2.9785,0.0665,2.2327,146589.32,112257.1364,5.3391,0.56,3.0474,208173.358,2.93,177121.483,2.855,144767.1569,2.7392,97815.5662,2.6823,75896.9323,2.5542,44811.449,2.5194,31436.5227
20140818,002607.SZ,3.0528,3.0881,2.9941,3.0607,3.045,0.01570000000000027,0.5156,144594.49,112224.9482,5.2664,0.69,3.0255,168707.262,2.975,187824.096,2.8897,152393.1692,2.763,103524.8957,2.6997,80117.543,2.566,47128.228,2.5229,32178.5783
20140819,002607.SZ,3.0489,3.3659,3.0411,3.3659,3.0607,0.3051999999999997,9.9716,398562.8,334127.1478,14.5164,2.36,3.0849,209908.658,3.0474,221931.759,2.9466,180683.7631,2.8024,121995.6305,2.7268,92845.285,2.5824,53609.8115,2.5294,35093.7388
20140820,002607.SZ,3.3855,3.7025,3.2485,3.7025,3.3659,0.33660000000000023,10.0003,326652.01,291170.7069,11.8973,1.56,3.2305,237159.78,3.1468,241555.147,3.033,203155.7023,2.8564,136718.5467,2.7665,103072.0413,2.6042,58908.4953,2.5386,37452.9769
20140821,002607.SZ,3.8826,4.0313,3.5969,3.7338,3.7025,0.031299999999999883,0.8454,369051.71,358385.8195,13.4416,1.56,3.3816,277090.066,3.2223,268380.025,3.1194,228654.4215,2.9134,153419.8252,2.8074,114884.5903,2.6264,64942.3563,2.5486,40157.0704
20140822,002607.SZ,3.7965,4.0156,3.5382,3.5499,3.7338,-0.18389999999999995,-4.9253,323536.29,308750.4975,11.7838,1.17,3.4826,312479.46,3.265,260326.409,3.1892,249119.8154,2.963,167878.5819,2.8416,125055.933,2.6462,70235.7612,2.5565,42615.1544
20140825,002607.SZ,3.452,3.5303,3.3855,3.4129,3.5499,-0.137,-3.8593,239272.22,211295.9949,8.7148,0.77,3.553,331415.006,3.2892,250061.134,3.2434,257493.2069,3.0046,178335.6281,2.868,131139.6467,2.6636,74115.9938,2.5636,44379.8695
20140826,002607.SZ,3.4834,3.7534,3.4403,3.7534,3.4129,0.3405,9.9769,308326.13,285417.811,11.2298,0.93,3.6305,313367.672,3.3577,261638.165,3.303,273456.53,3.0609,191558.9543,2.9068,140113.4,2.6864,79138.0815,2.5734,46787.0907
20140827,002607.SZ,3.8278,4.1292,3.6869,4.0391,3.7534,0.2857000000000003,7.6118,472413.13,477628.5887,17.2062,1.51,3.6978,342519.896,3.4642,289839.838,3.3735,278713.5054,3.1302,212589.6105,2.956,155222.2873,2.7144,86908.7117,2.5854,50549.0849
20140828,002607.SZ,3.8747,3.8943,3.636,3.636,4.0391,-0.40310000000000024,-9.9799,262238.76,248643.5816,9.5512,0.77,3.6783,321157.306,3.5299,299123.686,3.4093,272583.7969,3.179,222912.5833,2.9926,163292.481,2.7351,91108.3838,2.5941,52503.7448
20140829,002607.SZ,3.5147,3.6203,3.4247,3.5538,3.636,-0.08220000000000027,-2.2607,210640.94,189440.792,7.6719,0.66,3.679,298578.236,3.5808,305528.848,3.4466,273974.96,3.2232,231477.1481,3.0257,169490.56,2.7544,94478.9348,2.6033,54065.4512
20140901,002607.SZ,3.5264,3.7065,3.4873,3.6673,3.5538,0.11350000000000016,3.1938,202745.45,187921.4608,7.3844,0.68,3.7299,291272.882,3.6415,311343.944,3.4999,274924.8869,3.275,239488.0362,3.0633,175892.8293,2.7757,97750.6773,2.6135,55636.3712
20140902,002607.SZ,3.6282,3.8043,3.6282,3.6751,3.6673,0.007800000000000029,0.2127,213740.98,202060.272,7.7849,0.73,3.7143,272355.852,3.6724,292861.762,3.5535,278335.71,3.3257,247877.2086,3.1002,182435.1697,2.7965,101098.2707,2.6241,57295.8627
20140903,002607.SZ,3.6243,3.6947,3.5577,3.6947,3.6751,0.019600000000000062,0.5333,177960.25,164725.5498,6.4817,0.65,3.6454,213465.276,3.6716,277992.586,3.6035,280748.8585,3.3758,253614.0695,3.1388,187756.3493,2.8177,103857.3065,2.6346,58671.7662
20140904,002607.SZ,3.6595,3.683,3.6086,3.636,3.6947,-0.058699999999999974,-1.5888,124690.85,116114.3152,4.5415,0.58,3.6454,185955.694,3.6618,253556.5,3.6477,279217.8092,3.42,253341.3419,3.1764,191249.2977,2.8378,105760.203,2.6446,59612.1292
20140905,002607.SZ,3.6399,3.7691,3.6008,3.6399,3.636,0.0038999999999997925,0.1073,146088.82,137217.8764,5.3208,0.79,3.6626,173045.27,3.6708,235811.753,3.6688,259796.7338,3.4515,255497.8129,3.213,195463.1167,2.8571,107830.2198,2.6543,60706.3567
20140909,002607.SZ,3.636,3.636,3.5421,3.5851,3.6399,-0.05479999999999974,-1.5055,135600.9,124080.3679,4.9388,0.78,3.6462,159616.36,3.688,225444.621,3.6598,245100.4946,3.4735,242713.4533,3.2468,198961.9373,2.8757,109797.5777,2.6632,61693.7645
20140910,002607.SZ,3.5812,3.8747,3.5264,3.7456,3.5851,0.16049999999999986,4.4769,248020.34,235360.1541,9.0334,1.55,3.6603,166472.232,3.6873,219414.042,3.6607,235790.3892,3.5009,238241.8043,3.2856,206203.637,2.8969,113719.3927,2.6735,63612.6148
20140911,002607.SZ,3.7182,3.8982,3.6673,3.863,3.7456,0.11739999999999995,3.1343,243436.59,235877.5314,8.8664,1.46,3.6939,179567.5,3.6697,196516.388,3.6848,229628.8738,3.5387,240664.6981,3.3273,212802.979,2.9208,117576.4238,2.6851,65452.7792
20140912,002607.SZ,3.7769,3.8434,3.7573,3.8082,3.863,-0.05480000000000018,-1.4186,148258.35,143878.523,5.3999,0.83,3.7284,184281.0,3.6869,185118.347,3.7152,222627.8069,3.5784,238658.1243,3.3667,216718.7547,2.9449,119865.599,2.6957,66549.0816
20140915,002607.SZ,3.7652,3.8747,3.7652,3.8121,3.8082,0.0039000000000002366,0.1024,102728.64,100332.9,3.7416,0.56,3.7628,175608.964,3.7127,174327.117,3.7197,206812.6154,3.6181,235483.2843,3.4078,218992.4827,2.9687,121437.2772,2.7063,67234.5609
20140916,002607.SZ,3.8121,3.8239,3.5656,3.5695,3.8121,-0.24259999999999993,-6.3639,121748.63,114689.9196,4.4343,0.69,3.7597,172838.51,3.7029,166227.435,3.6836,179838.4231,3.6431,234300.3943,3.4398,221798.4917,2.9878,123177.7497,2.7143,67818.239
20140917,002607.SZ,3.5734,3.6086,3.5068,3.5812,3.5695,0.011699999999999822,0.3278,52527.92,47876.6758,1.9132,0.3,3.7268,133740.026,3.6935,150106.129,3.6793,163706.82,3.6679,229916.2719,3.4711,221633.2167,3.0071,123873.9287,2.7223,68107.611
20140918,002607.SZ,3.5812,3.6399,3.5499,3.5695,3.5812,-0.011699999999999822,-0.3267,41257.64,37727.6729,1.5027,0.31,3.6681,93304.236,3.681,136435.868,3.6806,150677.3354,3.6776,212901.7405,3.4998,218661.2003,3.0268,124386.2058,2.731,68319.243
20140919,002607.SZ,3.5656,3.6086,3.5656,3.6086,3.5695,0.03909999999999991,1.0954,37330.84,34239.4957,1.3597,0.4,3.6282,71118.734,3.6783,127699.867,3.676,137953.1346,3.6731,199124.5419,3.5208,216545.464,3.0466,124707.152,2.7406,68477.674
20140922,002607.SZ,3.6125,3.6125,3.5225,3.5929,3.6086,-0.015699999999999825,-0.4351,47997.07,43679.439,1.7481,0.67,3.5843,60172.42,3.6736,117890.692,3.6697,125203.6031,3.6664,183836.2257,3.5364,204676.2847,3.0652,124975.8377,2.7502,68794.8885
20140923,002607.SZ,3.5812,3.7495,3.5538,3.7417,3.5929,0.1487999999999996,4.1415,95409.02,89860.4148,3.475,1.59,3.6188,54904.498,3.6892,113871.504,3.6733,118853.5085,3.6755,172973.0224,3.5555,196459.0863,3.0859,126136.932,2.7609,69326.9426
20140924,002607.SZ,3.7456,3.8043,3.6869,3.7652,3.7417,0.0235000000000003,0.6281,63712.09,61093.2701,2.3205,1.16,3.6556,57141.332,3.6912,95440.679,3.6833,114162.8346,3.6923,164613.0162,3.5787,192164.2953,3.1065,126623.1843,2.7719,69765.6469
20140925,002607.SZ,3.8356,3.8747,3.6986,3.7338,3.7652,-0.031400000000000095,-0.834,71319.62,68939.4721,2.5976,1.25,3.6884,63153.728,3.6783,78228.982,3.6905,108411.3577,3.6913,153326.9919,3.604,188195.0693,3.1269,127459.5878,2.7824,70260.041
20140926,002607.SZ,3.6791,3.7534,3.636,3.6634,3.7338,-0.0703999999999998,-1.8855,58118.42,54654.8701,2.1168,0.92,3.6994,67311.244,3.6638,69214.989,3.6965,102451.1669,3.6735,133598.6724,3.6269,184485.674,3.1459,128033.4908,2.7921,70646.5877
20140929,002607.SZ,3.6673,3.7221,3.6321,3.7182,3.6634,0.05479999999999974,1.4959,55435.34,52225.7389,2.0191,0.82,3.7245,68798.898,3.6544,64485.659,3.6944,87636.9362,3.6774,123750.8905,3.6493,181447.208,3.1658,128672.0702,2.8018,70962.5031
20140930,002607.SZ,3.7338,3.9922,3.7025,3.8982,3.7182,0.18000000000000016,4.8411,153683.27,151273.0118,5.5974,2.23,3.7558,80453.748,3.6873,67679.123,3.6971,80732.8346,3.6938,121038.6205,3.6772,181750.1673,3.1884,130933.8552,2.813,72122.2116
20141008,002607.SZ,3.9139,4.2896,3.8982,4.2896,3.8982,0.39139999999999997,10.0405,233461.04,250209.2057,8.5031,2.9,3.8606,114403.538,3.7581,85772.435,3.7341,87286.8877,3.7234,122501.2676,3.708,176246.7753,3.2174,134546.0302,2.8277,73853.9529
20141009,002607.SZ,4.3248,4.3405,4.1096,4.1644,4.2896,-0.12520000000000042,-2.9187,230350.99,246276.678,8.3898,2.01,3.9468,146209.812,3.8176,104681.77,3.7612,97103.9915,3.7467,123292.2205,3.7234,173036.7413,3.2449,138054.3913,2.8416,75628.2472
20141010,002607.SZ,4.1252,4.1487,4.0509,4.1448,4.1644,-0.019599999999999618,-0.4707,97579.85,102414.5421,3.554,0.67,4.043,154102.098,3.8712,110706.671,3.8055,95244.8546,3.7681,119464.5824,3.7371,163987.6793,3.2723,139436.1348,2.8545,76206.5019
20141013,002607.SZ,4.1096,4.1135,3.953,4.0704,4.1448,-0.0743999999999998,-1.795,75798.22,77946.666,2.7607,0.49,4.1135,158174.674,3.919,113486.786,3.8431,97034.8777,3.7888,117136.3619,3.7545,155729.7437,3.298,140392.8383,2.8672,76707.0361
20141014,002607.SZ,4.0196,4.1018,3.9843,4.0587,4.0704,-0.011700000000000266,-0.2874,61547.32,63675.7848,2.2417,0.39,4.1456,139747.484,3.9507,110100.616,3.8808,98595.6223,3.8088,113110.5762,3.776,149805.5803,3.322,140472.6135,2.8796,77121.8833
20141015,002607.SZ,4.09,4.18,4.0039,4.0665,4.0587,0.007799999999999585,0.1922,66278.56,69125.5466,2.414,0.47,4.101,106310.988,3.9808,110357.263,3.916,100822.37,3.8317,109809.5124,3.7864,141737.328,3.3466,140925.364,2.8921,77575.2056
20141016,002607.SZ,4.0039,4.0039,3.8395,3.8474,4.0665,-0.21909999999999963,-5.3879,83136.33,83489.7239,3.028,0.78,4.0376,76868.056,3.9922,111538.934,3.9356,103525.39,3.8365,101957.8929,3.78,128761.4347,3.368,141991.861,2.9027,78187.4168
20141017,002607.SZ,3.7847,3.8356,3.5616,3.6791,3.8474,-0.1682999999999999,-4.3744,61798.25,58492.7076,2.2508,0.8,3.9444,69711.736,3.9937,111906.917,3.9307,100939.9462,3.8278,93308.4481,3.7815,122080.0843,3.387,142686.2827,2.9124,78600.7601
20141020,002607.SZ,3.7143,3.7456,3.636,3.7104,3.6791,0.031299999999999883,0.8508,38236.92,36204.9404,1.3927,0.55,3.8724,62199.476,3.993,110187.075,3.9265,98980.3177,3.8231,88069.3324,3.7867,116333.2837,3.4062,142911.9218,2.9225,78784.8847
20141021,002607.SZ,3.7143,3.773,3.683,3.7573,3.7104,0.04689999999999994,1.264,48777.08,46470.9048,1.7766,0.78,3.8121,59645.428,3.9789,99696.456,3.9283,97246.2762,3.8205,85500.2105,3.7897,111201.0047,3.4265,143546.917,2.933,79149.7421
20141022,002607.SZ,3.7417,3.7573,3.6203,3.6203,3.7573,-0.137,-3.6462,31007.82,29232.4339,1.1294,0.52,3.7229,52591.28,3.9119,79451.134,3.925,95160.8454,3.8229,81179.2195,3.7879,105109.8993,3.444,143772.5345,2.9428,79342.9262
20141023,002607.SZ,3.5812,3.6986,3.5616,3.6086,3.6203,-0.011699999999999822,-0.3232,35410.5,32736.3318,1.2897,0.67,3.6751,43046.114,3.8564,59957.085,3.9166,93620.4731,3.8242,80364.1043,3.785,100358.241,3.4619,144057.2952,2.9519,79439.9443
20141024,002607.SZ,3.6047,3.6595,3.5734,3.5851,3.6086,-0.023499999999999854,-0.6512,22246.81,20535.7582,0.8103,0.52,3.6563,35135.826,3.8004,52423.781,3.8925,83509.9762,3.825,79458.8267,3.7833,96943.4397,3.4798,144096.3687,2.9616,79317.6819
20141027,002607.SZ,3.5577,3.6399,3.5538,3.6282,3.5851,0.043099999999999916,1.2022,16640.23,15336.3363,0.6061,0.47,3.6399,30816.488,3.7562,46507.982,3.8416,66831.4523,3.8259,78473.5595,3.7829,92628.4867,3.498,144045.8017,2.9722,79294.3962
20141028,002607.SZ,3.6438,3.7299,3.6282,3.7143,3.6282,0.08610000000000007,2.3731,33907.68,31970.4241,1.235,1.1,3.6313,27842.608,3.7217,43744.018,3.807,51720.4285,3.8317,77802.6362,3.7872,89238.7127,3.517,144100.325,2.9834,79505.5409
20141029,002607.SZ,3.6634,3.8239,3.6008,3.7808,3.7143,0.0665,1.7904,103288.71,97713.1852,3.762,3.71,3.6634,42298.786,3.6932,47445.033,3.779,52159.5715,3.8336,78177.8595,3.7884,84414.325,3.537,145308.981,2.9949,80287.0032
20141030,002607.SZ,3.726,3.7691,3.6869,3.7612,3.7808,-0.019600000000000062,-0.5184,69799.11,66629.6536,2.5422,1.65,3.6939,49176.508,3.6845,46111.311,3.7552,51698.1015,3.8334,78467.7176,3.785,78626.409,3.5562,145714.694,3.0058,80736.2318
20141031,002607.SZ,3.7456,3.7691,3.6086,3.6634,3.7612,-0.09779999999999989,-2.6002,53894.1,50521.6158,1.9629,1.1,3.7096,55505.966,3.683,45320.896,3.7248,51109.3923,3.83,77637.931,3.7802,75480.934,3.5734,146099.8443,3.0164,81115.1214
20141103,002607.SZ,3.6517,3.7417,3.6243,3.6986,3.6634,0.035199999999999676,0.9609,35348.55,33451.7105,1.2875,0.64,3.7237,59247.63,3.6818,45032.059,3.6965,48730.1608,3.8317,76553.6514,3.7764,73234.931,3.5921,146113.7068,3.0271,81331.912
20141104,002607.SZ,3.7104,3.7143,3.6438,3.6673,3.6986,-0.031299999999999883,-0.8463,32292.67,30345.0337,1.1762,0.55,3.7143,58924.628,3.6728,43383.618,3.6827,44819.11,3.8293,75451.6195,3.7796,70253.0657,3.6097,146025.7787,3.0376,81541.6684
20141105,002607.SZ,3.6634,3.6634,3.4951,3.5147,3.6673,-0.15260000000000007,-4.1611,110513.76,100229.5045,4.0251,1.88,3.661,60369.638,3.6622,51334.212,3.67,48566.4569,3.811,73395.9286,3.7774,72185.927,3.6243,146909.5718,3.0465,82386.2224
20141106,002607.SZ,3.499,3.5538,3.3973,3.5342,3.5147,0.01949999999999985,0.5548,99836.29,88394.2051,3.6362,1.65,3.6156,66377.074,3.6548,57776.791,3.6565,53304.87,3.775,67032.8452,3.7762,74138.5487,3.638,146399.8745,3.0556,83166.2582
20141107,002607.SZ,3.5068,3.5342,3.3268,3.4207,3.5342,-0.11349999999999971,-3.2115,107469.5,94465.9572,3.9142,1.62,3.5671,77092.154,3.6383,66299.06,3.6306,57819.6715,3.7396,61181.3457,3.77,76476.504,3.6454,146510.984,3.0638,84023.5503
20141110,002607.SZ,3.4247,3.4442,3.3933,3.4403,3.4207,0.019600000000000062,0.573,40354.83,35315.5101,1.4698,0.52,3.5154,78093.41,3.6196,68670.52,3.6167,58538.6723,3.7061,58456.3448,3.7649,76221.7627,3.6507,140449.0237,3.0729,84163.8358
20141111,002607.SZ,3.4403,3.4442,3.2055,3.2446,3.4403,-0.19569999999999999,-5.6885,66400.99,56380.9697,2.4185,0.85,3.4309,84915.074,3.5726,71919.851,3.5887,60922.5562,3.6667,58008.8576,3.7483,75254.8283,3.6519,135856.9573,3.0805,84664.34
20141112,002607.SZ,3.2368,3.3151,3.2133,3.2955,3.2446,0.050899999999999945,1.5688,33526.75,28116.9239,1.2211,0.39,3.3871,69517.672,3.5241,64943.655,3.5664,61790.2438,3.6304,56674.5448,3.7327,74248.6503,3.6557,133206.4728,3.0885,84910.9869
20141113,002607.SZ,3.3229,3.3542,3.2603,3.3229,3.2955,0.02740000000000009,0.8314,45919.01,38908.3789,1.6725,0.66,3.3448,58734.216,3.4802,62555.645,3.543,64042.4577,3.595,55705.0424,3.719,73401.9633,3.6615,130798.5163,3.0967,85260.0872
20141114,002607.SZ,3.3229,3.3346,3.2798,3.3346,3.3229,0.011699999999999822,0.3521,30710.58,25983.9656,1.1185,0.52,3.3276,43382.432,3.4473,60237.293,3.5138,63796.5269,3.5706,53208.5781,3.708,72488.3687,3.6674,128487.0213,3.1049,85475.9972
20141117,002607.SZ,3.3346,3.3973,3.3072,3.3659,3.3346,0.031299999999999883,0.9386,32303.58,27749.086,1.1766,0.74,3.3127,41772.182,3.4141,59932.796,3.4818,58336.1323,3.5557,51804.07,3.6963,71717.31,3.6728,126582.259,3.1135,85696.854
20141118,002607.SZ,3.362,3.3855,3.3307,3.3699,3.3659,0.0040000000000000036,0.1188,26102.59,22406.5061,0.9507,0.62,3.3378,33712.502,3.3843,59313.788,3.4517,54974.8615,3.5394,51226.2448,3.6787,67464.6207,3.6779,124607.394,3.122,85867.811
20141119,002607.SZ,3.3738,3.4129,3.3503,3.3973,3.3699,0.02740000000000009,0.8131,30697.02,26542.9597,1.118,0.91,3.3581,33146.556,3.3726,51332.114,3.4313,53190.4708,3.5223,50365.2895,3.6489,60705.82,3.6785,118476.2977,3.1304,86043.0546
20141120,002607.SZ,3.3855,3.4599,3.3464,3.3894,3.3973,-0.007899999999999796,-0.2325,50875.57,44251.8675,1.853,1.53,3.3714,34137.868,3.3581,46436.042,3.4075,54384.8569,3.5113,51311.3729,3.6231,54723.306,3.6732,113880.0237,3.1387,86394.2595
20141121,002607.SZ,3.3659,3.409,3.3659,3.3933,3.3894,0.0038999999999997925,0.1151,25877.53,22433.6532,0.9425,0.76,3.3832,33171.258,3.3554,38276.845,3.3864,53891.3846,3.5011,50857.4219,3.598,52333.2287,3.6676,108160.454,3.147,86551.4052
20141124,002607.SZ,3.4129,3.4677,3.3268,3.4481,3.3933,0.05480000000000018,1.6149,67844.9,58966.8654,2.471,2.05,3.3996,40279.522,3.3562,41025.852,3.3813,50609.1646,3.4945,53028.7595,3.5773,52068.118,3.6659,103898.9308,3.1561,87067.346
20141125,002607.SZ,3.4247,3.456,3.4129,3.452,3.4481,0.0038999999999997925,0.1131,40540.51,35569.1157,1.4766,1.01,3.416,43167.106,3.3769,38439.804,3.375,46047.9508,3.4861,54166.8681,3.5571,51367.891,3.6665,100586.7357,3.165,87351.3647
20141126,002607.SZ,3.4599,3.4677,3.3855,3.4286,3.452,-0.023400000000000087,-0.6779,38514.05,33767.2734,1.4028,0.89,3.4223,44730.512,3.3902,38938.534,3.3756,40743.6854,3.4725,54386.219,3.5358,50442.4073,3.6611,96089.8677,3.1738,87613.9746
20141127,002607.SZ,3.4403,3.5068,3.4207,3.4794,3.4286,0.05080000000000018,1.4817,59709.73,52937.4974,2.1747,1.33,3.4403,46497.344,3.4059,40317.606,3.3786,42232.5238,3.4582,52311.0295,3.5235,49661.5207,3.6518,89211.4777,3.1831,88060.0947
20141128,002607.SZ,3.4599,3.5421,3.4481,3.5108,3.4794,0.031400000000000095,0.9025,70622.36,63183.4209,2.5722,1.52,3.4638,55446.31,3.4235,44308.784,3.3991,42557.2446,3.4463,52350.2319,3.5179,49955.6577,3.6497,86017.871,3.1924,88563.1274
20141201,002607.SZ,3.5147,3.5577,3.4599,3.4951,3.5108,-0.01570000000000027,-0.4472,67020.06,60026.5798,2.441,1.21,3.4732,55281.342,3.4364,47780.432,3.4144,45133.6531,3.4382,52975.2776,3.5107,50915.0957,3.6487,83624.1897,3.2016,89051.5622
20141202,002607.SZ,3.4716,3.5225,3.4599,3.499,3.4951,0.0039000000000002366,0.1116,55424.77,49539.0144,2.0187,1.0,3.4826,58258.194,3.4493,50712.65,3.428,45864.8654,3.4287,53931.2881,3.5021,51136.6853,3.6459,81168.845,3.2108,89459.7612
20141203,002607.SZ,3.499,3.5186,3.4129,3.5108,3.499,0.011800000000000033,0.3372,67780.99,59866.4175,2.4687,1.16,3.499,64111.582,3.4607,54421.047,3.4415,48716.4354,3.4213,55621.2081,3.4985,52362.4577,3.6432,78736.1785,3.2198,89917.2246
20141204,002607.SZ,3.5108,3.6595,3.5029,3.636,3.5108,0.12519999999999998,3.5661,105967.85,96858.3526,3.8596,1.65,3.5303,73363.206,3.4853,59930.275,3.4623,54382.9177,3.4271,55404.7362,3.4994,54714.3693,3.6422,77536.3052,3.2299,90696.8058
20141205,002607.SZ,3.6321,3.636,3.3659,3.4677,3.636,-0.16830000000000034,-4.6287,75306.23,67398.2764,2.7428,1.03,3.5217,74299.98,3.4928,64873.145,3.4698,58167.8131,3.4239,54236.6381,3.4955,56483.0167,3.6394,76713.2282,3.2386,91236.7156
20141208,002607.SZ,3.4403,3.4442,3.3699,3.3973,3.4677,-0.0703999999999998,-2.0302,57478.97,49964.9594,2.0935,0.77,3.5022,72391.762,3.4877,63836.552,3.4698,60227.9631,3.4228,51856.1367,3.4878,57844.308,3.6353,75236.3973,3.2462,91533.3086
20141209,002607.SZ,3.3777,3.3777,3.1663,3.1702,3.3973,-0.22710000000000008,-6.6847,66333.51,55758.04,2.416,0.92,3.4364,74573.51,3.4595,66415.852,3.4529,61417.0354,3.4099,53093.2167,3.4697,58925.169,3.6284,74081.9408,3.2521,91939.7592
20141210,002607.SZ,3.1429,3.3033,3.1429,3.2877,3.1702,0.11750000000000016,3.7064,28751.39,23865.918,1.0472,0.39,3.3918,66767.59,3.4454,65439.586,3.4448,61638.1015,3.412,51300.3786,3.4532,56440.5917,3.6208,70427.4583,3.2588,92073.4255
20141211,002607.SZ,3.3268,3.3973,3.2759,3.3581,3.2877,0.0703999999999998,2.1413,61347.05,52365.1358,2.2344,0.92,3.3362,57843.43,3.4333,65603.318,3.4379,61138.2669,3.415,52625.1548,3.4398,56158.8563,3.6124,67392.6327,3.2666,92484.5282
20141212,002607.SZ,3.3659,3.3855,3.319,3.3738,3.3581,0.01570000000000027,0.4675,25508.29,21825.078,0.9291,0.44,3.3174,47883.842,3.4196,61091.911,3.4319,59981.9423,3.4174,51653.2157,3.4301,55212.6627,3.6051,65346.7983,3.275,92606.1987
20141215,002607.SZ,3.3581,3.5029,3.3268,3.4677,3.3738,0.09389999999999965,2.7832,49314.59,43003.5819,1.7961,1.03,3.3315,46250.966,3.4168,59321.364,3.4349,60812.7531,3.4237,52539.121,3.4224,55678.1973,3.5994,64456.5642,3.284,92946.9207
20141216,002607.SZ,3.4481,3.4951,3.4129,3.4481,3.4677,-0.019599999999999618,-0.5652,34509.91,30476.6046,1.2569,0.75,3.3871,39886.246,3.4117,57229.878,3.4325,58874.3054,3.4276,52644.1843,3.4151,55752.1053,3.5974,63002.5855,3.2926,93090.1676
20141217,002607.SZ,3.4677,3.5225,3.3973,3.452,3.4481,0.0038999999999997925,0.1131,48470.46,42948.6226,1.7654,1.22,3.4199,43830.06,3.4059,55298.825,3.428,57170.3131,3.4315,53709.321,3.413,53683.9953,3.5952,62934.9612,3.3012,93404.4449
20141218,002607.SZ,3.4325,3.4325,3.3033,3.3268,3.452,-0.12519999999999998,-3.6269,45344.21,38913.5557,1.6515,1.03,3.4137,40629.492,3.3749,49236.461,3.415,55502.94,3.4282,54406.8062,3.4061,51867.5927,3.5912,63003.0707,3.309,93694.6382
20141219,002607.SZ,3.3268,3.3268,3.1937,3.225,3.3268,-0.10179999999999989,-3.06,30970.19,25640.6957,1.128,0.76,3.3839,41721.872,3.3507,44802.857,3.3939,53621.8185,3.4204,53458.931,3.3996,49317.6157,3.5848,62897.0598,3.3157,93802.1059
20141222,002607.SZ,3.2016,3.2172,2.9276,2.9746,3.225,-0.25039999999999996,-7.7643,52995.63,40860.6587,1.9302,1.27,3.2853,42458.08,3.3084,44354.523,3.3527,52484.4831,3.4004,54750.269,3.3841,49738.9757,3.5745,62980.3692,3.3198,93978.1034
20141223,002607.SZ,2.9667,3.0646,2.9002,2.998,2.9746,0.023400000000000087,0.7867,20575.58,15820.9425,0.7494,0.48,3.1953,39671.214,3.2912,39778.73,3.3036,45915.8469,3.379,52499.349,3.3759,48211.462,3.5621,61733.1452,3.324,93935.0386
20141224,002607.SZ,3.0059,3.0998,3.0059,3.0802,2.998,0.08219999999999983,2.7418,17373.93,13576.4769,0.6328,0.44,3.1209,33451.908,3.2704,38640.984,3.2738,41459.5162,3.3613,51396.1786,3.3687,47673.0347,3.5507,60960.8425,3.3286,93792.0134
20141225,002607.SZ,3.092,3.1037,3.0567,3.0841,3.0802,0.0038999999999997925,0.1266,17545.79,13781.6975,0.6391,0.52,3.0724,27892.224,3.243,34260.858,3.2497,38387.7331,3.3449,50397.69,3.3607,46727.2607,3.5398,60064.612,3.3334,93762.0999
20141226,002607.SZ,3.0607,3.1115,3.0567,3.0998,3.0841,0.01570000000000027,0.5091,20406.65,16087.9907,0.7432,0.73,3.0473,25779.516,3.2156,33750.694,3.2443,34854.8977,3.3268,48526.1148,3.3529,46383.7963,3.5304,59436.0825,3.3382,93734.7867
20141229,002607.SZ,3.092,3.092,2.998,3.0802,3.0998,-0.019600000000000062,-0.6323,22692.19,17567.1683,0.8265,0.88,3.0685,19718.828,3.1769,31088.454,3.2283,34388.8054,3.3063,46243.7257,3.3434,46063.4167,3.5198,58890.3633,3.3428,93781.2167
20141230,002607.SZ,3.1585,3.3894,3.1546,3.3894,3.0802,0.30920000000000014,10.0383,93002.44,79170.4252,3.3873,4.72,3.1467,34204.2,3.171,36937.707,3.2307,36823.8354,3.3013,47480.9819,3.344,48293.4117,3.5113,57879.0162,3.3499,94406.4357
20141231,002607.SZ,3.4207,3.4207,3.1937,3.229,3.3894,-0.1604000000000001,-4.7324,97047.33,80862.2766,3.5346,2.84,3.1765,50138.88,3.1487,41795.394,3.2196,42326.8385,3.2884,49463.0086,3.3384,50505.0887,3.4937,55605.4543,3.3555,95075.7422
20150105,002607.SZ,3.2016,3.229,2.9354,3.1389,3.229,-0.09010000000000007,-2.7903,48923.3,38790.6365,1.7819,0.98,3.1875,56414.382,3.1299,42153.303,3.1943,42296.7392,3.2707,48565.0233,3.3301,50440.013,3.4766,52581.6595,3.3608,95318.0254
20150106,002607.SZ,3.092,3.2446,3.0411,3.1898,3.1389,0.050899999999999945,1.6216,45488.43,36931.3283,1.6568,0.81,3.2055,61430.738,3.1264,43605.127,3.1744,43141.2408,3.2494,45685.051,3.3233,51093.7097,3.4607,51713.4692,3.3665,95574.802
20150107,002607.SZ,3.362,3.4442,3.229,3.2485,3.1898,0.058699999999999974,1.8402,83509.13,70608.7253,3.0416,1.36,3.2391,73594.126,3.1538,46656.477,3.1588,45836.5231,3.239,46075.6652,3.3166,51615.8507,3.447,51841.9843,3.3725,96117.4113
20150108,002607.SZ,3.272,3.3464,3.229,3.2329,3.2485,-0.015600000000000058,-0.4802,43336.89,36314.3632,1.5784,0.59,3.2078,63661.016,3.1773,48932.608,3.1516,45682.1138,3.2312,45402.2329,3.3093,51709.0633,3.4332,51538.4772,3.3776,96005.5453
20150109,002607.SZ,3.2016,3.2055,3.1311,3.1507,3.2329,-0.08219999999999983,-2.5426,31883.15,25816.9458,1.1612,0.5,3.1922,50628.18,3.1843,50383.53,3.1459,45752.3415,3.2303,43761.7395,3.3001,51488.0333,3.4179,50965.2203,3.3823,95945.2922
20150112,002607.SZ,3.1194,3.1742,3.0646,3.1468,3.1507,-0.0039000000000002366,-0.1238,27846.19,22203.9076,1.0142,0.55,3.1937,46412.758,3.1906,51413.57,3.1591,43817.7692,3.2235,43718.6348,3.289,50425.9153,3.4062,50043.718,3.3871,96017.7895
20150113,002607.SZ,3.1468,3.182,3.0998,3.182,3.1468,0.03520000000000012,1.1186,17964.56,14510.3834,0.6543,0.39,3.1922,40907.984,3.1988,51169.361,3.1733,43616.9215,3.2152,41652.8019,3.278,48670.6553,3.398,49313.1565,3.3925,95999.7196
20150114,002607.SZ,3.1624,3.1781,3.1155,3.1272,3.182,-0.05479999999999974,-1.7222,22641.03,18162.7746,0.8246,0.55,3.1679,28734.364,3.2035,51164.245,3.1769,44022.0831,3.2034,41516.2657,3.2657,47191.3543,3.3882,49053.225,3.3972,95982.5734
20150115,002607.SZ,3.1272,3.1898,3.1233,3.1389,3.1272,0.011699999999999822,0.3741,16737.03,13480.0976,0.6096,0.58,3.1491,23414.392,3.1785,43537.704,3.1811,43959.8708,3.1878,39964.9533,3.2537,45901.763,3.3779,48519.2242,3.4022,96033.0706
20150116,002607.SZ,3.135,3.1781,3.1311,3.1546,3.1389,0.015699999999999825,0.5002,18978.38,15272.9502,0.6912,0.81,3.1499,20833.438,3.171,35730.809,3.1853,43850.0038,3.1738,39225.3567,3.2419,44275.0093,3.3702,48318.7335,3.4071,96045.634
20150119,002607.SZ,3.0998,3.1663,3.0528,3.0646,3.1546,-0.08999999999999986,-2.853,24618.53,19597.1909,0.8967,1.18,3.1335,20187.906,3.1636,33300.332,3.1841,43998.1838,3.1553,38089.5505,3.2228,41563.3653,3.3611,48138.8673,3.4115,96098.0812
20150120,002607.SZ,3.092,3.1624,3.0881,3.1585,3.0646,0.0939000000000001,3.064,20207.44,16152.1314,0.736,1.0,3.1288,20636.482,3.1605,30772.233,3.1663,38398.5685,3.1473,36892.5614,3.2125,39726.739,3.354,48104.8778,3.4169,96100.6232
20150121,002607.SZ,3.1663,3.319,3.1663,3.2877,3.1585,0.12919999999999998,4.0905,51030.53,42407.8868,1.8586,2.47,3.1609,26314.382,3.1644,27524.373,3.1709,34858.8146,3.1503,37847.8157,3.2089,39511.791,3.3483,48678.0495,3.4231,96361.9256
20150122,002607.SZ,3.2877,3.3268,3.2446,3.3268,3.2877,0.03909999999999991,1.1893,45018.95,37804.9812,1.6397,1.71,3.1984,31970.766,3.1738,27692.579,3.1853,34558.48,3.1671,37467.9738,3.2141,38801.3057,3.3419,48863.2373,3.4294,96481.7812
20150123,002607.SZ,3.3111,3.3973,3.2681,3.2955,3.3268,-0.031299999999999883,-0.9408,55183.1,47076.5625,2.0099,1.73,3.2266,39211.71,3.1883,30022.574,3.1934,35304.2238,3.1812,39115.951,3.2143,39682.3627,3.3338,48061.4772,3.4354,96685.2291
20150126,002607.SZ,3.2994,3.3699,3.272,3.3659,3.2955,0.0703999999999998,2.1362,31089.99,26547.4631,1.1324,0.79,3.2869,40506.002,3.2102,30346.954,3.2025,31271.9823,3.1948,39769.0967,3.2146,38673.794,3.3272,47416.3252,3.4417,96565.5096
20150127,002607.SZ,3.3581,3.409,3.3151,3.3777,3.3659,0.011800000000000033,0.3506,41251.83,35493.2197,1.5025,1.02,3.3307,44714.88,3.2297,32675.681,3.2136,31111.5931,3.2088,40897.9557,3.2147,39198.5787,3.3224,47205.6207,3.4479,96652.7325
20150128,002607.SZ,3.3738,3.4247,3.3425,3.3542,3.3777,-0.023499999999999854,-0.6957,44349.38,38376.976,1.6153,0.99,3.344,43378.65,3.2524,34846.516,3.2293,32070.5338,3.2209,42038.0857,3.2109,39033.0717,3.3167,47355.6345,3.4544,96734.6707
20150129,002607.SZ,3.3581,3.4247,3.3425,3.3855,3.3542,0.031299999999999883,0.9332,38221.53,33111.4437,1.3921,0.88,3.3558,42019.166,3.2771,36994.966,3.2476,32868.6369,3.2355,42777.5781,3.2089,39156.7923,3.312,47454.4488,3.4609,96740.1137
20150130,002607.SZ,3.362,3.362,3.2759,3.2759,3.3855,-0.10959999999999992,-3.2373,49032.95,41429.9076,1.7859,1.17,3.3518,40789.136,3.2892,40000.423,3.2548,35258.5131,3.2301,40683.7929,3.203,39175.542,3.308,46429.7687,3.4661,96669.6702
20150202,002607.SZ,3.2133,3.2798,3.1311,3.2329,3.2759,-0.04300000000000015,-1.3126,33117.79,27145.6592,1.2062,0.81,3.3252,41194.696,3.3061,40850.349,3.263,36064.4177,3.2303,37639.529,3.1999,38767.9947,3.303,45317.7937,3.4705,95858.8341
20150203,002607.SZ,3.2368,3.2681,3.2133,3.2564,3.2329,0.0235000000000003,0.7269,20933.43,17390.4839,0.7624,0.51,3.301,37131.016,3.3159,40922.948,3.272,36387.2177,3.2359,36306.6781,3.2009,38433.436,3.3003,43875.5258,3.4728,95193.2549
20150204,002607.SZ,3.2603,3.4051,3.2016,3.3268,3.2564,0.0703999999999998,2.1619,51950.26,44126.6264,1.8921,1.4,3.2955,38651.192,3.3198,41014.921,3.2853,38923.5162,3.2424,36614.3843,3.2126,38398.5903,3.2984,44068.783,3.4745,92258.9033
20150205,002607.SZ,3.3151,3.3542,3.2485,3.2798,3.3268,-0.04700000000000015,-1.4128,32673.51,27622.2845,1.19,0.85,3.2744,37541.588,3.3151,39780.377,3.3018,39543.13,3.2439,34193.6405,3.222,38801.8547,3.2989,43506.6583,3.4754,89681.8078
20150206,002607.SZ,3.2877,3.3033,3.1781,3.1859,3.2798,-0.09389999999999965,-2.863,20042.41,16557.7756,0.73,0.53,3.2564,31743.48,3.3041,36266.308,3.3039,39530.4354,3.2416,33084.3795,3.2256,38890.804,3.2971,43281.9193,3.4764,88244.1961
20150209,002607.SZ,3.2407,3.2681,3.1859,3.2094,3.1859,0.023499999999999854,0.7376,20810.95,17118.3087,0.758,0.66,3.2517,29282.112,3.2885,35238.404,3.2979,37205.8523,3.2444,32557.1319,3.2297,38999.6427,3.2952,42863.4517,3.4784,86830.984
20150210,002607.SZ,3.229,3.2485,3.2055,3.2446,3.2094,0.03520000000000012,1.0968,14279.93,11769.8269,0.5201,0.49,3.2493,27951.412,3.2751,32541.214,3.2916,34841.3123,3.2491,31911.1195,3.2346,38795.4187,3.2937,42589.6075,3.4806,85538.3144
20150211,002607.SZ,3.2564,3.5068,3.2407,3.4247,3.2446,0.18009999999999993,5.5508,76342.8,66306.6254,2.7806,2.73,3.2689,32829.92,3.2822,35740.556,3.3015,36468.9815,3.2606,34691.0357,3.246,40583.7723,3.2947,43323.5945,3.4837,84952.9267
20150212,002607.SZ,3.4207,3.6595,3.3973,3.5303,3.4247,0.10559999999999992,3.0835,188429.55,170447.8062,6.863,5.74,3.319,63981.128,3.2967,50761.358,3.3142,48572.0246,3.2798,42585.7271,3.2507,43764.676,3.2974,46029.0438,3.4877,85318.2189
20150213,002607.SZ,3.5342,3.5577,3.4638,3.5147,3.5303,-0.015600000000000058,-0.4419,78496.93,70356.3194,2.859,1.23,3.3847,75672.032,3.3206,53707.756,3.3247,51437.0323,3.2977,45526.6748,3.2603,43146.3293,3.2993,46825.709,3.4889,82651.0033
20150216,002607.SZ,3.4834,3.5969,3.4834,3.5656,3.5147,0.050899999999999945,1.4482,65826.83,59980.0609,2.3975,0.87,3.456,84675.208,3.3538,56978.66,3.341,53089.1438,3.3173,47757.5533,3.2745,43709.7803,3.3023,47074.8967,3.4878,80477.4602
20150217,002607.SZ,3.5656,3.6008,3.5382,3.5577,3.5656,-0.007899999999999796,-0.2216,46357.48,42280.7574,1.6884,0.55,3.5186,91090.718,3.384,59521.065,3.3542,53714.9862,3.3408,48792.7414,3.2868,43738.7487,3.305,47416.2292,3.4863,77788.3416
20150225,002607.SZ,3.5342,3.7221,3.456,3.6321,3.5577,0.0743999999999998,2.0912,68657.88,63236.3729,2.5007,0.75,3.5601,89553.734,3.4145,61191.827,3.3816,55224.5962,3.3633,51099.9052,3.2995,43243.707,3.3081,47429.7788,3.487,75664.3548
20150226,002607.SZ,3.5969,3.7847,3.5929,3.6556,3.6321,0.0235000000000003,0.647,80528.73,76056.3602,2.933,0.9,3.5851,67973.57,3.4521,65977.349,3.4141,58871.5915,3.3809,52504.5814,3.3136,44483.435,3.3115,48096.2492,3.489,74341.4924
20150227,002607.SZ,3.6595,3.7769,3.6203,3.7612,3.6556,0.10559999999999992,2.8887,94969.41,89763.8031,3.459,1.4,3.6344,71268.066,3.5096,73470.049,3.453,64566.6669,3.4015,54883.1748,3.334,46586.3103,3.317,49037.1718,3.4891,72563.5197
20150302,002607.SZ,3.7299,3.7691,3.6008,3.7652,3.7612,0.0040000000000000036,0.1063,88239.0,83035.932,3.2138,1.24,3.6744,75750.5,3.5652,80212.854,3.4867,67358.1085,3.4239,56457.2652,3.3546,48599.404,3.3218,49512.6597,3.4868,69362.0687
20150303,002607.SZ,3.7573,4.0039,3.7104,3.8943,3.7652,0.12909999999999977,3.4288,156304.48,155345.4174,5.6929,2.06,3.7417,97739.9,3.6301,94415.309,3.5339,76868.1831,3.4491,62419.86,3.3783,53210.7347,3.3282,50940.695,3.4889,68479.283
20150304,002607.SZ,3.8708,4.1409,3.8591,4.0783,3.8943,0.18399999999999972,4.7249,121443.72,125927.6582,4.4232,1.24,3.8309,108297.068,3.6955,98925.401,3.6026,84668.2838,3.4824,66238.5214,3.41,56504.1577,3.3379,51847.756,3.4933,67735.9728
20150305,002607.SZ,4.0313,4.4853,4.0078,4.3014,4.0783,0.22310000000000052,5.4704,193581.62,213438.6568,7.0506,1.79,3.9601,130907.646,3.7726,99440.608,3.6866,97958.3354,3.5275,73344.8186,3.4488,62398.9773,3.3513,54150.3702,3.4986,67659.6076
20150306,002607.SZ,4.2661,4.3562,4.0509,4.1057,4.3014,-0.19570000000000043,-4.5497,108334.18,115468.4836,3.9457,0.83,4.029,133580.6,3.8317,102424.333,3.7528,105193.2777,3.5618,76683.5162,3.4805,65377.504,3.3612,54826.2567,3.5022,66781.2176
20150309,002607.SZ,4.0783,4.1096,3.91,4.0626,4.1057,-0.043099999999999916,-1.0498,78703.48,80751.423,2.8665,0.59,4.0885,131673.496,3.8814,103711.998,3.8019,105374.8685,3.5993,78096.3986,3.5138,67180.3357,3.3683,54371.8505,3.5052,65954.0778
20150310,002607.SZ,4.0665,4.3483,4.0509,4.3053,4.0626,0.24270000000000014,5.974,119374.65,128883.4582,4.3479,0.91,4.1707,124287.53,3.9562,111013.715,3.8615,100062.9531,3.6504,82203.8681,3.552,70485.9093,3.3823,55106.3242,3.5108,65909.7762
20150311,002607.SZ,4.2466,4.5636,4.227,4.4892,4.3053,0.1839000000000004,4.2715,132298.59,149062.6445,4.8186,1.06,4.2528,126458.504,4.0419,117377.786,3.9365,104201.5423,3.7091,87506.971,3.592,73194.8447,3.4004,56353.3178,3.5179,65794.8576
20150624,002607.SZ,4.9376,4.9376,4.9376,4.9376,4.4897,0.44789999999999974,9.9762,5097.77,4944.8369,0.2047,0.04,4.3801,88761.734,4.1701,109834.69,4.042,99530.0762,3.7858,85275.9,3.6457,71864.1387,3.4299,55332.7222,3.5292,64707.3315
20150625,002607.SZ,5.4314,5.4314,5.4314,5.4314,4.9376,0.49380000000000024,10.0008,6102.37,6511.2288,0.2451,0.07,4.6452,68315.372,4.3371,100947.986,4.1861,96433.5292,3.8882,84010.6076,3.7169,70228.1143,3.4656,54955.2385,3.5432,62691.3484
20150626,002607.SZ,5.9761,5.9761,5.6096,5.9761,5.4314,0.5446999999999997,10.0287,298174.2,345883.342,11.9745,4.36,5.0279,112209.516,4.5582,121941.506,4.3665,114088.6308,4.0211,97254.9786,3.8039,79130.9213,3.5093,58902.3577,3.5608,63147.4952
20150629,002607.SZ,6.5717,6.5717,5.3805,5.6248,5.9761,-0.35130000000000017,-5.8784,529386.94,632174.4103,21.2598,4.72,5.2918,194211.974,4.7312,159249.752,4.5179,148616.1854,4.1361,121472.8829,3.8788,95402.0917,3.5468,67300.3352,3.576,66323.5667
20150630,002607.SZ,5.0649,5.7776,5.0649,5.4009,5.6248,-0.22389999999999954,-3.9806,341087.27,355815.5471,13.6978,1.76,5.4742,235969.71,4.8635,181214.107,4.6441,167548.3285,4.2388,137035.1371,3.9471,105293.3547,3.579,72163.2132,3.5892,68309.8887
20150701,002607.SZ,5.3703,5.9404,5.1362,5.9404,5.4009,0.5395000000000003,9.9891,376231.12,428844.1698,15.1092,1.59,5.6747,310196.38,5.0274,199479.057,4.8114,189701.5685,4.3586,151315.5333,4.0322,116560.341,3.6205,77858.5667,3.609,70430.5761
20150702,002607.SZ,5.7521,6.2713,5.3449,5.5943,5.9404,-0.34610000000000074,-5.8262,469546.39,535847.8617,18.8567,1.51,5.7073,402885.184,5.1763,235600.278,4.9422,213797.1,4.4569,164702.0495,4.1095,130577.4557,3.6562,84876.4988,3.6257,73905.73
20150703,002607.SZ,5.0904,5.5434,5.0344,5.0344,5.5943,-0.5598999999999998,-10.0084,219732.66,221117.6377,8.8243,0.55,5.519,387196.876,5.2734,249703.196,5.0157,221357.7877,4.5292,171427.5605,4.1696,136797.9513,3.6847,87782.973,3.6379,75393.0218
20150706,002607.SZ,5.4569,5.4569,4.5304,4.5304,5.0344,-0.5039999999999996,-10.0111,198276.68,189010.874,7.9627,0.51,5.3001,320974.824,5.296,257593.399,5.0333,221718.9462,4.5752,177734.6962,4.212,142709.393,3.7065,90571.4145,3.6456,76734.2372
20150707,002607.SZ,4.0774,4.0774,4.0774,4.0774,4.5304,-0.4530000000000003,-9.9991,11934.0,9559.134,0.4793,0.04,5.0354,255144.17,5.2548,245556.94,5.0311,214303.5477,4.5999,176095.4829,4.237,141375.5177,3.7248,89887.054,3.6497,76433.7116
20150714,002607.SZ,4.4846,4.4846,4.4846,4.4846,4.0774,0.40720000000000045,9.9868,25181.46,22184.8663,1.0113,0.1,4.7442,184934.238,5.2095,247565.309,5.0636,210186.4692,4.6405,174025.1771,4.2772,141125.7827,3.7496,89963.8187,3.6559,75848.4819
20150715,002607.SZ,4.7595,4.7646,4.0367,4.0367,4.4846,-0.44790000000000063,-9.9875,223510.62,189684.6136,8.976,1.21,4.4327,135727.084,5.07,269306.134,5.0429,218196.9285,4.6587,180833.8386,4.3056,147908.0563,3.7656,93399.4302,3.6581,77180.1363
20150716,002607.SZ,3.8178,4.1741,3.6345,3.8381,4.0367,-0.1985999999999999,-4.9199,263311.58,199076.498,10.5744,1.94,4.1934,144442.868,4.8562,265819.872,4.9929,228274.8508,4.6623,188850.1324,4.3265,155991.4107,3.7781,97495.5267,3.659,78780.0693
20150717,002607.SZ,3.8432,4.1588,3.772,4.1537,3.8381,0.3155999999999999,8.2228,212633.53,167462.8358,8.5392,1.47,4.1181,147314.238,4.7091,234144.531,4.9326,244239.14,4.6808,194773.6814,4.3568,162603.1973,3.7957,100699.308,3.6631,80067.6952
20150720,002607.SZ,4.113,4.4184,4.0061,4.2046,4.1537,0.05090000000000039,1.2254,219245.83,181830.4183,8.8048,1.49,4.1435,188776.604,4.5895,221960.387,4.8382,260634.7908,4.6956,197770.8886,4.3828,167366.6317,3.8144,103975.202,3.6671,81432.7827
20150721,002607.SZ,4.1385,4.3166,4.0265,4.225,4.2046,0.02039999999999953,0.4852,173252.79,143558.2926,6.9577,0.92,4.0916,218390.87,4.4179,201662.554,4.7035,251025.4515,4.7026,200237.9871,4.406,166860.7397,3.8284,105312.7078,3.6698,81595.862
20150722,002607.SZ,4.2657,4.4592,4.1843,4.393,4.225,0.16800000000000015,3.9763,205361.91,174658.158,8.2472,0.94,4.1629,214761.128,4.2978,175244.106,4.6087,226100.4492,4.707,200798.9533,4.4353,171089.5723,3.8478,107117.9508,3.6707,81361.7026
20150723,002607.SZ,4.4286,4.6475,4.3879,4.5762,4.393,0.18320000000000025,4.1703,205645.79,182472.4179,8.2586,0.96,4.3105,203227.97,4.252,173835.419,4.5453,215681.8738,4.7294,205432.8395,4.4689,175750.2043,3.8717,109729.9923,3.6741,81155.8259
20150724,002607.SZ,4.5813,4.7595,4.4032,4.505,4.5762,-0.07120000000000015,-1.5559,230474.15,207283.4002,9.2557,1.13,4.3808,206796.094,4.2494,177055.166,4.4349,204469.7992,4.7504,212660.0143,4.5005,181887.4267,3.8936,112813.0877,3.6771,82263.2784
20150727,002607.SZ,4.3675,4.5202,4.057,4.057,4.505,-0.4479999999999995,-9.9445,183921.06,155813.8952,7.3861,0.89,4.3512,199731.14,4.2474,194253.872,4.3166,182498.62,4.7386,215733.6529,4.5147,185729.5327,3.9071,114486.6198,3.677,83164.3021
20150728,002607.SZ,3.716,4.0214,3.6498,3.7669,4.057,-0.29010000000000025,-7.1506,174238.41,129699.4726,6.9891,0.87,4.2596,199928.264,4.1756,209159.567,4.2191,178999.0623,4.7042,217730.7871,4.5184,188853.1887,3.916,116668.3118,3.6746,84103.3945
20150729,002607.SZ,3.8687,4.1436,3.7007,4.1079,3.7669,0.34099999999999975,9.0525,139960.77,106637.7685,5.6141,0.7,4.2026,186848.036,4.1827,200804.582,4.1866,174513.2231,4.6647,224152.8348,4.5299,190352.9007,3.932,118469.6055,3.6749,84717.4129
20150730,002607.SZ,4.0367,4.2046,3.9145,3.9348,4.1079,-0.1730999999999998,-4.2138,141171.87,113501.4329,5.6627,0.76,4.0743,173953.252,4.1924,188590.611,4.1757,184454.5977,4.5934,230584.7157,4.5356,192117.3297,3.9451,120358.3668,3.6757,85201.0424
20150731,002607.SZ,3.8687,4.0163,3.7414,3.833,3.9348,-0.10179999999999989,-2.5872,94995.15,72070.8151,3.8105,0.55,3.9399,146857.452,4.1603,176826.773,4.1255,189824.8815,4.4914,220909.5229,4.5336,190073.6853,3.9559,121642.21,3.677,85477.6832
20150803,002607.SZ,3.7414,3.8178,3.4614,3.5734,3.833,-0.2596000000000003,-6.7728,92789.27,66131.1304,3.722,0.63,3.8432,128631.094,4.0972,164181.117,4.0899,179769.3931,4.3937,200119.1576,4.5167,189118.537,3.9634,122811.3473,3.6758,85932.2862
20150804,002607.SZ,3.5582,3.9196,3.5378,3.8941,3.5734,0.3207,8.9746,116585.4,85537.968,4.6765,0.91,3.8686,117100.492,4.0641,158514.378,4.0942,168482.7638,4.3219,189428.5924,4.5031,186551.9963,3.976,124475.4868,3.677,86497.3555
20150805,002607.SZ,3.8738,4.2861,3.8229,4.2861,3.8941,0.39200000000000035,10.0665,273378.33,219292.8267,10.9658,2.33,3.9043,143784.004,4.0534,165316.02,4.1044,173155.4408,4.2432,184530.8405,4.5092,192053.468,3.9948,128715.486,3.6825,88517.1097
20150806,002607.SZ,4.1741,4.6577,4.0723,4.4337,4.2861,0.14759999999999973,3.4437,336245.02,295529.0029,13.4875,2.34,4.0041,182798.634,4.0392,178375.943,4.122,182155.3785,4.1879,178183.1562,4.5215,200638.186,4.0176,133909.2608,3.6894,91024.0641
20150807,002607.SZ,4.3726,4.8766,4.3726,4.8766,4.4337,0.44289999999999985,9.9894,295662.89,274600.5591,11.8597,1.62,4.2128,222932.182,4.0764,184894.817,4.1721,191571.54,4.1804,181798.8814,4.5406,206514.4607,4.0463,138500.185,3.7001,93302.5314
20150810,002607.SZ,5.0293,5.3652,4.9682,5.3652,4.8766,0.4885999999999999,10.0193,235424.04,238557.4943,9.4434,1.06,4.5711,251459.136,4.2072,190045.115,4.2469,193884.0115,4.2201,183567.8033,4.5698,209951.9757,4.0809,141573.4102,3.7146,95125.7298
20150811,002607.SZ,5.4823,5.8997,5.1769,5.8997,5.3652,0.5345000000000004,9.9623,332432.64,363895.7822,13.3346,1.32,4.9723,294628.584,4.4205,205864.538,4.3487,203636.8462,4.3069,198829.6433,4.6018,220863.138,4.1238,146363.6383,3.7328,97613.4378
20150812,002607.SZ,5.6503,6.4902,5.579,6.4851,5.8997,0.5853999999999999,9.9225,426319.28,522948.799,17.1006,1.45,5.4121,325216.774,4.6582,234500.389,4.501,218701.8562,4.4022,217931.4443,4.637,234870.3683,4.1769,152549.2413,3.7554,100305.3592
20150813,002607.SZ,6.3935,6.3935,5.8386,6.083,6.4851,-0.4020999999999999,-6.2004,665149.92,794377.9361,26.6807,2.05,5.7419,390997.754,4.873,286898.194,4.6569,255719.4608,4.4996,238961.8871,4.6405,247102.8923,4.2222,163116.9068,3.7747,105266.616
20150814,002607.SZ,6.0066,6.6124,5.7725,5.8336,6.083,-0.2494000000000005,-4.1,548428.19,660841.8942,21.9987,1.4,5.9333,441550.814,5.0731,332241.498,4.8159,284503.29,4.5946,252538.8686,4.6475,247737.6007,4.2632,171569.8462,3.7928,109387.7334
20150817,002607.SZ,5.6503,6.1593,5.5078,6.0015,5.8336,0.16790000000000038,2.8782,452177.16,522464.7975,18.1378,1.02,6.0606,484901.438,5.3159,368180.287,4.9615,308519.9354,4.6826,263945.7081,4.6675,251440.597,4.3073,178366.9758,3.812,112861.3052
20150818,002607.SZ,5.8336,5.9099,5.4009,5.4009,6.0015,-0.6006,-10.0075,287272.46,316913.6647,11.5231,0.59,5.9608,475869.402,5.4665,385248.993,5.0743,319758.4423,4.7396,267185.0714,4.6495,248475.3083,4.3409,182517.8247,3.8264,114986.1367
20150819,002607.SZ,5.0496,5.5434,4.9224,5.3245,5.4009,-0.07640000000000047,-1.4146,301513.34,305685.3861,12.0944,0.63,5.7287,450908.214,5.5704,388062.494,5.189,335644.4569,4.792,273292.7167,4.6405,242874.2067,4.375,186725.8312,3.8415,116577.7999
20150820,002607.SZ,5.2023,5.4976,5.0089,5.0344,5.3245,-0.2900999999999998,-5.4484,270927.3,280375.4976,10.8675,0.6,5.519,372063.69,5.6305,381530.722,5.3014,349347.3823,4.8225,276414.8781,4.6405,244580.6947,4.405,190689.323,3.854,118003.5583
20150821,002607.SZ,4.8918,4.9631,4.5304,4.5304,5.0344,-0.5039999999999996,-10.0111,229172.36,211033.6253,9.1926,0.62,5.2583,308212.524,5.5958,374881.669,5.3504,358007.9177,4.8203,277535.191,4.6405,245610.5507,4.4263,194159.9718,3.8633,119017.7488
20150824,002607.SZ,4.2301,4.3166,4.0774,4.0774,4.5304,-0.4530000000000003,-9.9991,110502.79,89776.8514,4.4325,0.36,4.8735,239877.65,5.4671,362389.544,5.3343,345479.03,4.8,271822.269,4.6405,248896.177,4.4388,195135.8473,3.8686,119602.3152
20150825,002607.SZ,3.6701,4.4693,3.6701,4.3268,4.0774,0.2494000000000005,6.1166,425930.35,329652.5052,17.085,1.78,4.6587,267609.228,5.3098,371739.315,5.3261,352377.9015,4.8128,283346.521,4.6353,262254.4733,4.4562,201690.128,3.8776,122598.3932
20150826,002607.SZ,4.3777,4.7595,4.1894,4.6424,4.3268,0.3155999999999999,7.2941,540391.26,479296.7629,21.6763,2.02,4.5223,315384.812,5.1255,383146.513,5.3081,371203.1608,4.8545,300782.371,4.6555,272817.1613,4.4805,210362.6088,3.8888,126822.2641
20150827,002607.SZ,4.4999,4.6831,4.1792,4.6729,4.6424,0.03049999999999997,0.657,386393.74,337808.6839,15.4991,1.23,4.45,338478.1,4.9845,355270.895,5.2548,382816.2146,4.8814,312517.2743,4.6833,276919.9,4.5049,216455.6553,3.9001,129659.5535
20150828,002607.SZ,4.5355,5.0649,4.4388,4.8867,4.6729,0.2138,4.5753,407366.07,377547.5613,16.3404,1.2,4.5212,374116.842,4.8898,341164.683,5.1769,388580.3246,4.9267,325193.1886,4.7077,283410.9847,4.5323,223007.091,3.913,132798.3492
20150831,002607.SZ,4.734,4.734,4.3981,4.3981,4.8867,-0.4885999999999999,-9.9986,281968.24,251404.2912,11.3104,0.75,4.5854,408409.932,4.7295,324143.791,5.0164,377476.3985,4.9536,334096.669,4.7142,285501.7317,4.5485,226434.1817,3.9216,134878.8881
20150901,002607.SZ,4.1334,4.225,3.9603,3.9603,4.3981,-0.4378000000000002,-9.9543,167394.6,131939.3479,6.7146,0.41,4.5121,356702.782,4.5854,312156.005,4.8531,339187.5277,4.9721,337649.3038,4.7054,285306.4587,4.5557,226083.5992,3.9265,136056.3215
20150902,002607.SZ,3.6549,4.0519,3.5633,3.5633,3.9603,-0.39700000000000024,-10.0245,195283.82,142054.8674,7.8333,0.55,4.2963,287681.294,4.4093,301533.053,4.6784,312022.5762,4.9563,341396.8476,4.6777,284970.5223,4.5565,228030.0473,3.9279,137427.8782
20150907,002607.SZ,3.6142,3.8025,3.5225,3.5683,3.5633,0.004999999999999893,0.1403,168345.75,121438.7114,6.7527,0.59,4.0753,244071.696,4.2627,291274.898,4.4913,290189.3908,4.9221,336395.2962,4.6441,283727.1877,4.5565,229738.696,3.9294,138406.7963
20150908,002607.SZ,3.5123,3.9247,3.4309,3.9247,3.5683,0.35640000000000027,9.9879,254416.58,189227.3367,10.2052,1.04,3.8829,213481.798,4.2021,293799.32,4.3777,287662.0154,4.8979,332498.7038,4.6248,284525.2687,4.5626,233206.3477,3.9338,140311.2884
20150909,002607.SZ,3.9959,4.225,3.9705,4.1945,3.9247,0.2697999999999996,6.8744,308437.81,248655.9286,12.3721,1.44,3.8422,218775.712,4.2138,313592.822,4.2908,288194.6669,4.8654,333107.0333,4.6293,288675.827,4.572,237202.6798,3.94,142316.2293
20150910,002607.SZ,4.0468,4.113,3.8687,3.9196,4.1945,-0.2748999999999997,-6.5538,212713.81,167857.8245,8.5324,0.97,3.8341,227839.554,4.1731,292271.168,4.205,283716.7062,4.7966,332025.5938,4.6344,289958.3403,4.5764,239405.7645,3.9439,143751.0068
20150911,002607.SZ,3.8941,4.0367,3.8839,4.0316,3.9196,0.1120000000000001,2.8574,155876.87,121635.5819,6.2526,0.68,3.9277,219958.164,4.112,253819.729,4.1667,278078.5915,4.7076,323618.1762,4.6319,290488.877,4.5809,240420.8888,3.949,144729.0303
20150914,002607.SZ,4.0367,4.0926,3.6294,3.6294,4.0316,-0.4022000000000001,-9.9762,188027.28,139957.9296,7.5422,0.85,3.94,223894.47,4.0077,233983.083,4.1322,284042.0138,4.5716,312270.9381,4.6217,292050.724,4.5787,242084.0268,3.9502,145798.3432
20150915,002607.SZ,3.4614,3.9908,3.4156,3.9908,3.6294,0.36140000000000017,9.9576,406608.93,312395.3431,16.31,1.82,3.9532,254332.94,3.9181,233907.369,4.1064,282555.7508,4.472,299959.4624,4.627,302437.85,4.5803,246255.7677,3.9542,148598.2313
20150916,002607.SZ,4.1537,4.3879,4.0367,4.3879,3.9908,0.3971,9.9504,542787.07,451600.1872,21.7724,2.13,3.9919,301202.792,3.917,259989.252,4.0868,282740.0438,4.4032,299690.8376,4.6541,317437.7767,4.5854,253278.1568,3.9617,152562.9564
20150917,002607.SZ,4.1588,4.6577,4.1385,4.2352,4.3879,-0.15270000000000028,-3.48,469338.16,401175.9021,18.8262,1.56,4.055,352527.662,3.9445,290183.608,4.0531,289120.3838,4.3191,300508.0281,4.6655,329196.202,4.5843,257874.0992,3.9678,156012.2347
20150918,002607.SZ,4.2352,4.5813,4.0774,4.3777,4.2352,0.14250000000000007,3.3647,357096.71,304012.4272,14.3239,1.01,4.1242,392771.63,4.026,306364.897,4.014,285253.51,4.2703,303832.9924,4.6685,331986.8147,4.5889,262020.1413,3.975,158423.199
20150921,002607.SZ,4.2606,4.6729,4.1741,4.5457,4.3777,0.16800000000000015,3.8376,371273.75,322138.7761,14.8926,0.95,4.3075,429420.924,4.1237,326657.697,4.0253,292123.1646,4.2332,307154.9167,4.6723,333154.439,4.5969,266896.3125,3.9826,160634.0815
20150922,002607.SZ,4.4948,4.561,4.3014,4.3421,4.5457,-0.20359999999999978,-4.479,289588.51,252275.5415,11.616,0.67,4.3777,406016.84,4.1655,330174.89,4.0547,301522.6962,4.2003,308043.5457,4.6545,332951.9597,4.5975,269733.2102,3.9899,162419.7672
20150923,002607.SZ,4.1995,4.7748,4.1995,4.7748,4.3421,0.43269999999999964,9.9652,460444.19,411598.0381,18.4694,1.13,4.4551,389548.264,4.2235,345375.528,4.1479,321919.6477,4.2119,319056.49,4.6348,340452.6313,4.6023,275202.3035,4.0014,165777.8107
20150924,002607.SZ,4.8715,5.2532,4.734,5.2532,4.7748,0.4783999999999997,10.0193,509388.81,495966.6017,20.4327,1.31,4.6587,397558.394,4.3568,375043.028,4.2775,348153.7292,4.2679,338051.0624,4.6132,346351.1703,4.6075,283607.1542,4.0187,169469.9382
20150925,002607.SZ,5.1667,5.7267,5.0445,5.3958,5.2532,0.14260000000000073,2.7145,517696.86,539732.1842,20.766,1.3,4.8623,429678.424,4.4933,411225.027,4.3906,368406.0585,4.3188,342420.8962,4.5769,349397.0897,4.6069,292133.729,4.0363,173544.4837
20150928,002607.SZ,5.2176,5.3194,4.9835,5.1413,5.3958,-0.25450000000000017,-4.7166,315604.42,318869.6621,12.6596,0.73,4.9814,418544.558,4.6445,423982.741,4.4635,368957.3362,4.3426,331716.761,4.5455,337745.573,4.593,292424.2327,4.0511,175663.2952
20150929,002607.SZ,4.9376,5.294,4.8867,4.8918,5.1413,-0.24950000000000028,-4.8529,323192.36,322243.6255,12.964,0.77,5.0914,425265.328,4.7346,415641.084,4.5383,377455.6862,4.353,328707.1714,4.5141,330237.712,4.5808,288987.6563,4.0638,178143.9957
20150930,002607.SZ,4.9886,5.0395,4.6577,4.6628,4.8918,-0.2290000000000001,-4.6813,272117.38,257565.8076,10.9152,0.64,5.069,387599.966,4.762,388574.115,4.5868,386397.2638,4.3423,322266.7576,4.4695,324235.7193,4.5685,287838.1582,4.0738,180000.6857
20151008,002607.SZ,4.8155,4.9733,4.734,4.7951,4.6628,0.13229999999999986,2.8374,269128.63,257264.3755,10.7954,0.69,4.9774,339547.93,4.818,368553.162,4.6765,392635.8292,4.3612,321655.3476,4.4493,323630.925,4.5494,286053.1167,4.085,181955.8417
20151009,002607.SZ,4.7849,5.2736,4.7798,5.2736,4.7951,0.47850000000000037,9.9789,226008.89,229235.0124,9.0657,0.67,4.9529,281210.336,4.9076,355444.38,4.7752,378743.5185,4.4238,324446.5043,4.4476,321114.11,4.5441,281994.1583,4.1002,183435.3286
20151012,002607.SZ,5.4009,5.6656,5.2583,5.462,5.2736,0.18839999999999968,3.5725,456760.62,488723.4172,18.3217,1.62,5.0171,309441.576,4.9993,363993.067,4.8578,372126.0992,4.5142,336897.7805,4.4619,327308.554,4.5512,285944.6243,4.118,186863.7987
20151013,002607.SZ,5.3958,5.7012,5.3449,5.5841,5.462,0.12210000000000054,2.2354,329914.59,360400.8887,13.2336,1.07,5.1555,310786.022,5.1235,368025.675,4.9615,361401.2092,4.6102,344591.5348,4.497,330666.6283,4.5688,288138.5895,4.1376,189355.002
20151014,002607.SZ,5.4772,5.5638,5.2227,5.2532,5.5841,-0.33090000000000064,-5.9258,292695.08,308278.8329,11.7407,0.94,5.2736,314901.562,5.1713,351250.764,5.0289,356447.2377,4.6734,346414.3205,4.5362,336739.7047,4.5884,292817.9408,4.1566,191352.4974
20151015,002607.SZ,5.2074,5.7776,5.2023,5.7776,5.2532,0.5244,9.9825,332848.58,367318.2821,13.3513,1.06,5.4701,327645.552,5.2237,333596.741,5.1236,353491.4554,4.7488,347576.7381,4.5845,333636.979,4.6099,297945.7262,4.1798,193954.7724
20151016,002607.SZ,6.1033,6.1033,5.6096,5.6757,5.7776,-0.10189999999999966,-1.7637,464826.95,533273.3784,18.6453,1.42,5.5505,375409.164,5.2517,328309.75,5.2262,366971.3354,4.8324,359582.1257,4.619,331118.1687,4.6372,301967.665,4.2014,197683.5476
20151019,002607.SZ,5.7317,6.2459,5.4009,6.2459,5.6757,0.5701999999999998,10.0463,436534.14,494236.0271,17.5104,1.16,5.7073,371363.868,5.3622,340402.722,5.3394,365132.1008,4.9379,372946.7576,4.6714,332789.5153,4.6774,304854.7077,4.2277,201175.1172
20151020,002607.SZ,6.0881,6.2204,5.9099,6.0728,6.2459,-0.1730999999999998,-2.7714,320474.62,381079.7516,12.855,0.86,5.805,369475.874,5.4803,340130.948,5.4024,350600.24,5.0542,379253.7738,4.711,329893.1337,4.7093,306652.0592,4.2525,203675.6836
20151021,002607.SZ,5.971,6.5106,5.5994,5.7521,6.0728,-0.32069999999999954,-5.2809,451282.88,541303.7303,18.102,1.22,5.9048,401193.434,5.5892,358047.498,5.4298,345491.4723,5.1381,381381.1048,4.7561,335536.955,4.7351,310519.3433,4.2748,207247.2727
20151022,002607.SZ,5.7267,6.312,5.7267,6.1899,5.7521,0.4377999999999993,7.6111,397498.71,470411.0654,15.9446,0.99,5.9873,414123.46,5.7287,370884.506,5.5105,351791.0331,5.2239,374462.6114,4.8304,343207.092,4.7679,314256.7753,4.2981,209784.7416
20151023,002607.SZ,6.1644,6.4444,5.9048,6.1899,6.1899,0.0,0.0,412857.67,502312.3143,16.5606,1.0,6.0901,403729.604,5.8203,389569.384,5.6104,358688.3646,5.317,371773.0643,4.918,350459.5537,4.7978,317715.038,4.3228,212416.4944
20151026,002607.SZ,6.2001,6.6938,5.9099,6.368,6.1899,0.1781000000000006,2.8773,402526.42,500684.6415,16.1462,1.0,6.1145,396928.06,5.9109,384145.964,5.7415,368719.8292,5.4118,373936.3838,5.0113,358265.576,4.8277,320996.3818,4.3497,215363.1871
20151027,002607.SZ,6.1797,6.2713,5.971,6.1644,6.368,-0.20360000000000067,-3.1972,250986.69,302295.6155,10.0676,0.63,6.1329,383030.474,5.969,376253.174,5.8469,367324.2954,5.4889,368208.4286,5.0859,358151.2463,4.8554,321338.2575,4.3745,217075.6726
20151028,002607.SZ,6.195,6.3782,5.7012,5.8132,6.1644,-0.3511999999999995,-5.6972,249787.46,296963.55,10.0195,0.65,6.1451,342731.39,6.025,371962.412,5.8884,369153.4162,5.5589,366313.1405,5.1399,356196.2347,4.8846,322436.0308,4.3959,218461.3253
20151029,002607.SZ,5.8794,5.9506,5.6757,5.8234,5.8132,0.010200000000000209,0.1755,190700.6,217844.2246,7.6494,0.56,6.0718,301371.768,6.0295,357747.614,5.9162,348687.2608,5.6088,353468.2076,5.2034,355462.461,4.9189,322710.4007,4.4175,219689.3562
20151030,002607.SZ,5.8132,5.9303,5.4976,5.6554,5.8234,-0.16800000000000015,-2.8849,192745.74,216798.6301,7.7315,0.64,5.9649,257349.382,6.0275,330539.493,5.9217,338135.8108,5.628,338389.9662,5.2575,356691.4233,4.9447,323590.1502,4.4383,221029.8778
20151102,002607.SZ,5.5994,5.8539,5.4467,5.5485,5.6554,-0.10690000000000044,-1.8902,138316.08,154454.7756,5.5482,0.54,5.801,204507.314,5.9578,300717.687,5.9444,326260.5031,5.6353,320324.2148,5.3215,355034.3833,4.9716,323542.5537,4.4583,221950.4602
20151103,002607.SZ,5.6045,5.6859,5.4009,5.5536,5.5485,0.0051000000000005485,0.0919,128008.27,139616.7979,5.1347,0.63,5.6788,179911.63,5.9058,281471.052,5.9271,310503.5562,5.6549,311391.0648,5.3736,345747.6947,5.0003,324092.7723,4.4781,222867.4912
20151104,002607.SZ,5.5994,6.0066,5.5739,5.915,5.5536,0.3613999999999997,6.5075,250170.81,286572.9755,10.0349,1.39,5.6992,179988.3,5.9221,261359.845,5.9455,293991.5454,5.7036,307913.8481,5.4245,335993.8193,5.0393,326715.798,4.5013,224763.5727
20151105,002607.SZ,5.915,6.0321,5.7623,5.8895,5.915,-0.025500000000000078,-0.4311,235082.14,272226.6709,9.4297,1.31,5.7124,188864.608,5.8921,245118.188,5.9181,278495.2377,5.762,306150.2652,5.4796,328185.2853,5.0725,328690.7437,4.5243,226583.1152
20151106,002607.SZ,5.7877,6.0066,5.7877,5.8997,5.8895,0.010200000000000209,0.1732,213488.25,248090.2831,8.5635,1.13,5.7613,193013.11,5.8631,225181.246,5.9048,270265.5169,5.8146,303500.7233,5.5303,323398.3367,5.0994,327692.5757,4.5471,228204.0308
20151109,002607.SZ,5.8997,6.0015,5.6554,5.9099,5.8997,0.010200000000000209,0.1729,238128.44,273150.2617,9.5519,1.23,5.8335,212975.582,5.8173,208741.448,5.917,253869.0215,5.8449,304077.8448,5.5758,318960.1597,5.124,326057.2993,4.5708,229983.2801
20151110,002607.SZ,5.8488,6.5004,5.7776,6.5004,5.9099,0.5904999999999996,9.9917,327684.81,400542.4412,13.1442,1.54,6.0229,252910.89,5.8509,216411.26,5.9408,248498.7215,5.8944,297931.3776,5.6478,320230.0363,5.1511,326590.998,4.5987,232545.5915
20151111,002607.SZ,6.6938,7.152,6.6735,7.152,6.5004,0.6516000000000002,10.024,411780.99,556853.5005,16.5175,1.63,6.2703,285232.926,5.9847,232610.613,6.0148,248415.9,5.9691,301829.7776,5.727,318607.9297,5.1809,329530.2805,4.6309,235551.8453
20151112,002607.SZ,7.4726,7.6101,6.9789,7.2741,7.152,0.12209999999999965,1.7072,425621.25,606958.2024,17.0726,1.49,6.5472,323340.748,6.1298,256102.678,6.0845,250192.4254,6.0653,308159.5952,5.7944,315815.6777,5.2038,331083.424,4.6638,238723.5312
20151113,002607.SZ,7.101,7.4574,6.7956,7.0094,7.2741,-0.2646999999999995,-3.6389,329851.01,461196.0027,13.2311,1.02,6.7692,346613.3,6.2652,269813.205,6.1495,256258.9115,6.1239,308016.8538,5.8481,309554.1493,5.2125,329475.6195,4.6947,241012.4304
20151116,002607.SZ,6.8618,7.6304,6.7956,7.4065,7.0094,0.3971,5.6652,289413.81,416306.4693,11.609,0.83,7.0685,356870.374,6.451,284922.978,6.2721,259307.0923,6.2064,299663.8471,5.9236,308681.129,5.2346,323213.351,4.7284,243165.1289
20151117,002607.SZ,7.4319,7.8901,7.2894,7.3352,7.4065,-0.07129999999999992,-0.9627,299906.21,443989.7994,12.0299,0.84,7.2354,351314.654,6.6292,302112.772,6.3884,267707.5238,6.2582,293157.7552,6.0051,307904.924,5.2596,319071.318,4.7614,245320.5821
20151118,002607.SZ,7.2589,7.4217,6.9432,6.9891,7.3352,-0.34610000000000074,-4.7183,210698.84,295295.2184,8.4516,0.6,7.2029,311098.224,6.7366,298165.575,6.491,269088.5315,6.3019,287930.3371,6.0826,305857.6393,5.2761,315046.6793,4.7917,246706.8276
20151119,002607.SZ,6.9382,7.6101,6.872,7.5745,6.9891,0.5853999999999999,8.3759,201325.94,283556.946,8.0756,0.65,7.2629,266239.162,6.9051,294789.955,6.6468,273935.4438,6.3886,276027.6257,6.1753,303597.5497,5.3123,313614.2373,4.8266,248066.031
20151120,002607.SZ,7.5745,7.8544,7.3556,7.4421,7.5745,-0.13239999999999963,-1.748,246209.16,367800.2856,9.876,0.92,7.3495,249510.792,7.0593,298062.046,6.7921,283027.82,6.4483,268823.3614,6.2476,304270.892,5.3476,312692.501,4.8613,249709.1661
20151123,002607.SZ,7.3403,7.7679,7.2283,7.3657,7.4421,-0.07639999999999958,-1.0266,195051.83,287085.0396,7.824,0.78,7.3413,230638.396,7.2049,293754.385,6.9037,278787.8985,6.5043,258451.6548,6.311,295547.2657,5.3864,311427.9098,4.8957,251058.6164
20151124,002607.SZ,7.3301,7.4421,7.0094,7.2029,7.3657,-0.16280000000000072,-2.2102,160457.45,225331.3537,6.4363,0.7,7.3149,202748.644,7.2752,277031.649,7.0047,273047.5377,6.544,246924.561,6.365,289898.6943,5.431,310282.6613,4.9286,252221.3166
20151125,002607.SZ,7.1469,7.381,7.1061,7.2283,7.2029,0.02540000000000031,0.3526,162749.54,230668.5815,6.5282,0.8,7.3627,193158.784,7.2828,252128.504,7.1069,269144.56,6.5947,242722.7919,6.4308,285567.1763,5.4835,311153.4405,4.9611,253144.6439
20151126,002607.SZ,7.2283,7.9511,7.1367,7.9511,7.2283,0.7228000000000003,9.9996,254667.96,384412.6631,10.2153,1.32,7.438,203827.188,7.3505,235033.175,7.2639,270416.8308,6.6965,242955.1967,6.5033,282961.1557,5.5439,308299.0673,5.0001,254994.5977
20151127,002607.SZ,7.829,8.3329,7.1825,7.3047,7.9511,-0.6463999999999999,-8.1297,426801.79,664323.0088,17.12,2.09,7.4105,239945.714,7.38,244728.253,7.3258,278041.2138,6.767,254198.1105,6.5576,281693.6503,5.5883,306405.9095,5.0344,258384.2592
20151130,002607.SZ,7.3098,7.4625,6.6327,7.1469,7.3047,-0.15780000000000083,-2.1603,301759.07,419193.493,12.1042,1.26,7.3668,261287.162,7.3541,245962.779,7.3254,269577.9892,6.8381,259389.2214,6.5876,277201.148,5.6295,304995.3317,5.0672,260725.4935
20151201,002607.SZ,7.0756,7.1774,6.8109,6.928,7.1469,-0.21889999999999965,-3.0629,179197.35,245979.651,7.188,0.69,7.3118,265035.142,7.3133,233891.893,7.2988,250622.3046,6.9037,261335.9486,6.6161,272491.9057,5.6635,301192.5197,5.0979,262099.8053
20151202,002607.SZ,6.8364,7.2181,6.6633,7.0298,6.928,0.10179999999999989,1.4694,177855.2,244423.0593,7.1342,0.67,7.2721,268056.274,7.3174,230607.529,7.3004,238930.3192,6.974,263709.6119,6.6587,263377.6497,5.7074,299457.3023,5.1279,262945.742
20151203,002607.SZ,7.0349,7.4268,6.8974,7.3454,7.0298,0.3155999999999999,4.4895,205855.6,289673.9951,8.2573,0.77,7.151,258293.802,7.2945,231060.495,7.2957,232502.7646,7.0422,261599.3638,6.6972,256989.546,5.7638,300098.319,5.1597,263090.9591
20151204,002607.SZ,7.3047,7.7373,7.2436,7.3861,7.3454,0.04070000000000018,0.5541,204761.06,300470.884,8.2134,0.79,7.1672,213885.656,7.2889,226915.685,7.2996,225183.9069,7.1134,260155.5029,6.7371,250052.9923,5.8275,300256.273,5.192,264143.1602
20151207,002607.SZ,7.3912,7.6508,7.2792,7.6304,7.3861,0.24429999999999996,3.3076,170343.71,249709.8812,6.8329,0.8,7.2639,187602.584,7.3154,224444.873,7.3489,222079.6662,7.1958,258101.001,6.7792,242313.5687,5.8952,300289.5723,5.2259,265014.1342
20151208,002607.SZ,7.5541,7.7373,7.1774,7.2639,7.6304,-0.36650000000000027,-4.8032,181030.85,266506.6211,7.2616,0.96,7.3311,187969.284,7.3215,226502.213,7.325,220518.5054,7.2603,255382.0681,6.8158,239981.7073,5.9509,299066.4768,5.2568,266136.4122
20151209,002607.SZ,7.1265,7.9919,6.9382,7.9919,7.2639,0.7280000000000006,10.0222,310528.09,456406.4389,12.456,1.65,7.5235,214503.862,7.3978,241280.068,7.3673,225466.1154,7.3313,254565.0814,6.8884,242006.395,6.0142,299101.3148,5.2931,268151.9973
20151210,002607.SZ,7.8188,8.4754,7.8188,7.9359,7.9919,-0.05600000000000005,-0.7007,389929.43,619597.6807,15.6409,1.82,7.6416,251318.628,7.3963,254806.215,7.4112,240456.7,7.3687,253524.531,6.9589,248647.356,6.0811,302054.9085,5.3288,270730.3365
20151211,002607.SZ,7.8544,8.45,7.7933,8.0937,7.9359,0.15779999999999994,1.9884,289427.08,462792.2752,11.6096,1.15,7.7832,268251.832,7.4752,241068.744,7.4797,250377.4408,7.4077,247039.0943,7.0401,251870.0673,6.1488,304280.7453,5.3649,272350.8171
20151214,002607.SZ,7.9308,8.1293,7.5745,7.8901,8.0937,-0.20359999999999978,-2.5155,198484.73,303470.584,7.9617,0.74,7.8351,273880.036,7.5495,230741.31,7.5306,253126.3015,7.4496,240783.5571,7.1182,253875.689,6.2198,304455.0362,5.3992,273269.5315
20151215,002607.SZ,7.8697,8.6536,7.8697,8.4958,7.8901,0.6056999999999988,7.6767,266488.53,431120.42,10.6895,0.97,8.0815,290971.572,7.7063,239470.428,7.5725,254035.5762,7.5015,239691.8771,7.2163,258491.6977,6.2949,302119.6962,5.4376,274187.7319
20151216,002607.SZ,8.3991,8.7452,8.2006,8.3431,8.4958,-0.1526999999999994,-1.7974,242818.12,403866.0925,9.74,0.83,8.1517,277429.578,7.8376,245966.72,7.6524,239882.9862,7.5495,236973.3967,7.2972,258246.608,6.3608,297120.2137,5.4731,275199.1852
20151217,002607.SZ,8.1446,8.959,8.1446,8.7707,8.3431,0.4276,5.1252,276020.76,465473.0653,11.0718,0.99,8.3187,254647.844,7.9802,252983.236,7.7773,237903.1162,7.6343,240083.9643,7.3932,259611.2287,6.4364,293898.257,5.5104,275886.1781
20151218,002607.SZ,8.6536,9.0608,8.562,8.7809,8.7707,0.010200000000001097,0.1163,254038.96,437616.276,10.1901,1.0,8.4561,247570.22,8.1196,257911.026,7.9198,243660.1631,7.6918,242594.1081,7.4893,260962.919,6.5098,292180.6278,5.5493,277100.3846
20151221,002607.SZ,8.6892,8.7758,8.4347,8.506,8.7809,-0.2749000000000006,-3.1307,179162.65,301687.0709,7.1866,0.72,8.5793,243705.804,8.2072,258792.92,8.0334,243760.7362,7.7424,239401.4171,7.5758,258997.3927,6.5758,288978.7762,5.5864,277937.5443
20151222,002607.SZ,8.4805,8.7249,8.3991,8.506,8.506,0.0,0.0,143572.5,240902.1548,5.759,0.59,8.5813,219122.598,8.3314,255047.085,8.1227,238969.7285,7.7967,236950.0205,7.6427,252860.3157,6.6452,286545.176,5.6214,278139.1931
20151223,002607.SZ,8.5263,9.0456,8.4093,8.6383,8.506,0.13229999999999897,1.5554,258387.52,443655.4066,10.3645,1.18,8.6404,222236.478,8.3961,249833.028,8.219,243094.8408,7.8651,241613.3571,7.6922,247747.2,6.7096,283177.5648,5.6559,279189.9342
20151224,002607.SZ,8.5009,8.5976,8.0529,8.2158,8.6383,-0.42249999999999943,-4.891,193068.76,313675.4004,7.7444,0.87,8.5294,205646.078,8.424,230146.961,8.264,244842.9215,7.9121,243057.1295,7.7236,239995.4503,6.759,277905.564,5.6833,280756.3591
20151225,002607.SZ,8.2057,8.5365,8.1955,8.2769,8.2158,0.06109999999999971,0.7437,108598.81,177705.0287,4.3561,0.53,8.4286,176558.048,8.4424,212064.134,8.3419,239271.2262,7.9276,236101.4557,7.7659,232620.377,6.807,271087.2632,5.707,281610.4961
20151228,002607.SZ,8.2973,8.3584,7.8748,7.9053,8.2769,-0.37159999999999904,-4.4896,160569.49,254681.7849,6.4408,0.91,8.3085,172839.416,8.4439,208272.61,8.3353,227735.9492,7.9562,223423.7271,7.7825,228325.5663,6.8531,268503.3477,5.723,280463.7902
20151229,002607.SZ,7.9766,8.4144,7.8544,8.2413,7.9053,0.3360000000000003,4.2503,141597.3,226584.6245,5.6798,0.82,8.2555,172444.376,8.4184,195783.487,8.3588,208633.4777,8.0083,215796.9762,7.8127,223048.6027,6.9089,265476.7633,5.7449,277232.2098
20151230,002607.SZ,8.1904,8.4296,8.1548,8.2769,8.2413,0.035599999999998744,0.432,115337.11,188294.4786,4.6264,0.67,8.1832,143834.294,8.4118,183035.386,8.3729,195241.9415,8.0726,212756.0124,7.8556,219869.8783,6.9691,262863.7588,5.7688,275350.9585
20151231,002607.SZ,8.3635,8.3991,7.9919,7.9919,8.2769,-0.28499999999999925,-3.4433,96479.59,154248.6857,3.87,0.67,8.1385,124516.46,8.3339,165081.269,8.3807,187395.3923,8.1184,208880.9833,7.8695,216375.0,7.0224,259986.2748,5.7859,273019.6957
20160104,002607.SZ,7.9919,8.0835,7.1927,7.1927,7.9919,-0.7991999999999999,-10.0001,138214.17,199977.5532,5.5441,1.11,7.9216,130439.532,8.1751,153498.79,8.2804,177528.1338,8.1111,205659.9629,7.8612,212775.167,7.0544,258523.0295,5.7992,270258.5939
20160105,002607.SZ,6.4902,7.0705,6.4749,6.6327,7.1927,-0.5600000000000005,-7.7857,172778.51,227534.4683,6.9305,1.32,7.6671,132881.336,7.9878,152860.376,8.1489,172140.4715,8.0752,204136.9843,7.8368,212032.723,7.0739,253789.9943,5.8126,269867.3093
20160106,002607.SZ,6.6989,6.9636,6.5615,6.9178,6.6327,0.2850999999999999,4.2984,119131.76,158194.4066,4.7786,0.9,7.4024,128388.228,7.829,150416.302,8.0063,160072.0869,8.0413,201698.32,7.8273,210655.2,7.0961,250276.9472,5.8324,269207.7683
20160107,002607.SZ,6.6175,6.7549,6.2255,6.2255,6.9178,-0.6922999999999995,-10.0075,32299.0,40668.3691,1.2956,0.25,6.9921,111780.606,7.5877,127807.45,7.8098,143015.1669,7.9919,194615.851,7.7938,206306.8487,7.1123,245937.0125,5.8504,269377.4767
20160108,002607.SZ,6.4088,6.4495,5.6045,6.1441,6.2255,-0.08140000000000036,-1.3075,163512.66,195420.0427,6.5589,1.46,6.6226,125187.22,7.3805,124851.84,7.6281,141811.3215,7.9039,187615.1162,7.7336,203268.3387,7.1184,243114.7472,5.8642,270530.2367
20160111,002607.SZ,5.915,6.0524,5.5281,5.5281,6.1441,-0.6159999999999997,-10.0259,146580.37,166245.9381,5.8797,1.17,6.2896,126860.46,7.1056,128649.996,7.399,142042.6962,7.7892,176027.0657,7.6744,193927.6247,7.116,237810.6375,5.8766,269889.1512
20160112,002607.SZ,5.5078,5.803,5.35,5.6961,5.5281,0.16800000000000015,3.039,109314.53,121164.0044,4.3849,0.86,6.1023,114167.664,6.8847,123524.5,7.1727,130575.5431,7.675,167450.2776,7.626,187512.8067,7.1068,232356.9773,5.8921,268605.8425
20160113,002607.SZ,5.7114,5.8539,5.2991,5.4111,5.6961,-0.28500000000000014,-5.0034,99402.21,110036.0642,3.9872,0.87,5.801,110221.754,6.6017,119304.991,6.957,123370.4238,7.557,162732.0624,7.5755,184852.9687,7.0958,228672.4372,5.9026,267662.2482
20160114,002607.SZ,5.1922,5.7572,5.1158,5.7216,5.4111,0.31049999999999933,5.7382,117201.71,126696.2948,4.7012,1.06,5.7002,127202.296,6.3462,119491.451,6.7604,124032.1854,7.4249,155623.1662,7.5319,182831.1857,7.0953,223104.4177,5.9152,266811.8805
20160115,002607.SZ,5.6198,5.7674,5.2736,5.4009,5.7216,-0.32069999999999954,-5.6051,99561.34,108481.3694,3.9936,0.78,5.5516,114412.032,6.0871,119799.626,6.5677,119339.2508,7.2848,148801.4148,7.467,179288.0437,7.0821,218138.7948,5.925,266197.7851
20160118,002607.SZ,5.3143,5.6503,5.1514,5.523,5.4009,0.12209999999999965,2.2607,106724.42,115232.588,4.281,0.93,5.5505,106440.842,5.9201,116650.651,6.3586,116656.7215,7.1301,140739.6843,7.4049,176020.1557,7.071,213036.574,5.9344,265375.806
20160119,002607.SZ,5.467,5.9557,5.462,5.915,5.523,0.39200000000000035,7.0976,169040.75,192097.7339,6.7806,1.59,5.5943,118386.086,5.8483,116276.875,6.177,120787.7708,6.9937,136692.1505,7.3478,175976.7237,7.0635,209145.1462,5.9456,265070.764
20160120,002607.SZ,5.8285,5.9201,5.7012,5.7623,5.915,-0.15270000000000028,-2.5816,129150.66,147384.3155,5.1805,1.09,5.6646,124335.776,5.7328,117278.765,6.0055,123300.93,6.863,134310.6271,7.2977,174247.384,7.0568,207114.5457,5.9561,264226.4016
20160121,002607.SZ,5.6248,5.7776,5.294,5.294,5.7623,-0.46830000000000016,-8.127,119088.22,129600.3011,4.7769,0.96,5.579,124713.078,5.6396,125957.687,5.8594,121829.7031,6.7101,133144.709,7.2078,167866.055,7.0481,204936.225,5.9664,263686.1279
20160122,002607.SZ,5.35,5.4823,5.126,5.406,5.294,0.1120000000000001,2.1156,87160.98,91542.1477,3.4962,0.7,5.5801,122233.006,5.5658,118322.519,5.765,115243.7392,6.5561,124991.0643,7.1235,157773.7733,7.0412,203210.5647,5.98,262960.4827
20160125,002607.SZ,5.4263,5.7216,5.4263,5.5587,5.406,0.15270000000000028,2.8246,98532.4,107952.8487,3.9524,0.81,5.5872,120594.602,5.5689,113517.722,5.6605,113659.1731,6.4296,120489.3329,7.039,151410.6173,7.0395,201640.3423,5.9921,262615.2462
20160126,002607.SZ,5.4874,5.4925,5.0038,5.0038,5.5587,-0.5549,-9.9825,98208.7,101153.897,3.9394,0.81,5.405,106428.192,5.4996,112407.139,5.5665,118729.15,6.2738,119994.5657,6.9427,148068.083,7.0305,200971.886,6.001,262257.2198
20160127,002607.SZ,5.0089,5.0904,4.505,4.8817,5.0038,-0.12209999999999965,-2.4401,102209.32,96081.7752,4.0998,0.96,5.2288,101039.924,5.4467,112687.85,5.4694,114013.5085,6.1298,117215.51,6.8223,142592.1093,7.0193,200541.9035,6.0098,262317.3379
20160128,002607.SZ,4.7748,4.8766,4.4388,4.4846,4.8817,-0.3971,-8.1345,71935.1,66302.7011,2.8855,0.71,5.067,91609.3,5.323,108161.189,5.3891,108271.5646,5.9509,113898.2624,6.6937,136896.0087,6.9954,197571.3083,6.0174,262143.5532
20160129,002607.SZ,4.4592,4.8155,4.4439,4.7137,4.4846,0.22909999999999986,5.1086,83509.67,76112.5463,3.3498,0.91,4.9285,90879.038,5.2543,106556.022,5.3136,106286.5754,5.7812,112382.67,6.5584,130478.9723,6.9758,195045.1005,6.0242,261867.9221
20160201,002607.SZ,4.6984,5.1871,4.678,5.0242,4.7137,0.3105000000000002,6.5872,167595.43,165971.8135,6.7226,1.84,4.8216,104691.644,5.2044,112643.123,5.2838,111532.2077,5.6399,115769.1386,6.4332,127597.5213,6.9612,194280.2202,6.0303,260986.3979
20160202,002607.SZ,5.0904,5.2889,4.9886,5.2023,5.0242,0.1780999999999997,3.5448,136886.9,138106.0304,5.4908,1.31,4.8613,112427.284,5.1331,109427.738,5.2439,113046.4531,5.5451,115705.9352,6.3231,126188.3297,6.9494,192592.8612,6.0367,259325.0802
20160203,002607.SZ,5.0904,5.1922,4.9631,5.1565,5.2023,-0.04579999999999984,-0.8804,87482.61,87059.5306,3.5091,0.78,4.9163,109481.942,5.0726,105260.933,5.2251,112117.32,5.4748,111644.2257,6.2114,124318.6667,6.927,188589.4912,6.0391,257590.2446
20160204,002607.SZ,5.182,5.3194,5.182,5.2176,5.1565,0.06109999999999971,1.1849,84702.15,87176.2766,3.3976,0.77,5.0629,112035.352,5.0649,101822.326,5.2016,110423.2992,5.3938,110004.7205,6.0974,118529.1543,6.8948,183138.1772,6.0378,256334.2288
20160205,002607.SZ,5.3194,5.3245,5.07,5.0853,5.2176,-0.13229999999999986,-2.5356,69408.65,70320.9792,2.7841,0.62,5.1372,109215.148,5.0328,100047.093,5.1377,102759.2915,5.3396,111771.8467,5.9931,114407.1507,6.8583,177201.3005,6.0311,254142.3622
20160215,002607.SZ,4.8358,5.0445,4.7442,4.9936,5.0853,-0.09170000000000034,-1.8032,61239.18,59324.4381,2.4564,0.56,5.1311,87943.898,4.9763,96317.771,5.0786,97535.3315,5.2848,106901.681,5.8836,112828.4963,6.8247,172724.4367,6.0186,251100.0281
20160216,002607.SZ,5.0242,5.3143,5.014,5.2787,4.9936,0.2850999999999999,5.7093,96722.35,99228.0408,3.8798,1.1,5.1463,79910.988,5.0038,96169.136,5.0774,95814.88,5.2729,104527.4895,5.7961,110700.2583,6.7893,169512.9123,6.0119,246363.1317
20160217,002607.SZ,5.2685,5.4874,5.1922,5.4569,5.2787,0.17820000000000036,3.3758,153370.37,162457.7723,6.152,1.92,5.2064,93088.54,5.0613,101285.241,5.0814,100907.91,5.2615,106625.3867,5.7032,111092.694,6.758,167070.6483,6.0088,243070.9832
20160218,002607.SZ,5.5078,5.5739,5.35,5.3551,5.4569,-0.10179999999999989,-1.8655,101584.65,108601.9889,4.0748,1.09,5.2339,96465.04,5.1484,104250.196,5.0657,101142.6985,5.2588,106729.3124,5.6058,110634.2787,6.7307,165252.0785,6.0034,240149.3789
20160219,002607.SZ,5.2991,5.5383,5.2991,5.4772,5.3551,0.12209999999999965,2.2801,101838.07,109017.5848,4.085,1.06,5.3123,102950.924,5.2247,106083.036,5.1021,101421.8808,5.2472,105997.7105,5.522,110812.8947,6.6958,163593.9473,6.004,238604.0923
20160222,002607.SZ,5.5841,6.027,5.579,6.027,5.4772,0.5498000000000003,10.038,214125.74,248231.6689,8.5891,2.08,5.519,133528.236,5.325,110736.067,5.1902,110030.8362,5.277,111453.1581,5.4832,113343.2803,6.6722,163059.2237,6.0099,237875.8623
20160223,002607.SZ,6.0066,6.251,5.7776,6.2001,6.027,0.1730999999999998,2.8721,259062.01,303838.6406,10.3916,1.94,5.7033,165996.168,5.4248,122953.578,5.3222,124425.2138,5.3093,118707.329,5.4687,116219.397,6.6528,164126.06,6.0196,237776.9849
20160224,002607.SZ,6.1084,6.2102,5.9455,6.0015,6.2001,-0.1985999999999999,-3.2032,163929.55,195126.5249,6.5756,0.99,5.8122,168108.004,5.5093,130598.272,5.4212,130611.3585,5.3134,118463.9386,5.4382,117712.6567,6.6327,164183.9283,6.0319,237233.2948
20160225,002607.SZ,6.0881,6.3375,5.4467,5.5536,6.0015,-0.44789999999999974,-7.4631,196116.06,228343.6568,7.8667,1.17,5.8519,187014.286,5.5429,141739.663,5.462,132805.2531,5.3034,121652.7671,5.4158,123173.2253,6.6048,164740.037,6.0442,237946.7387
20160226,002607.SZ,5.6757,5.9354,5.5536,5.7674,5.5536,0.2138,3.8498,182355.86,205916.0339,7.3147,0.98,5.9099,203117.844,5.6111,153034.384,5.5054,136302.8654,5.326,124665.5119,5.4033,123801.332,6.5684,163534.8353,6.0562,235916.9513
20160229,002607.SZ,5.6554,5.7114,5.1922,5.1922,5.7674,-0.5752000000000006,-9.9733,145792.71,151906.5766,5.8481,0.72,5.743,189451.238,5.631,161489.737,5.5082,140788.2577,5.3158,127457.499,5.3921,123775.0767,6.5332,158851.3507,6.0608,232628.6301
20160301,002607.SZ,5.294,5.3449,4.8155,5.2023,5.1922,0.010100000000000442,0.1945,139998.45,140827.7787,5.6157,0.74,5.5434,165638.526,5.6233,165817.347,5.507,145041.8192,5.2988,129432.0729,5.3756,124797.874,6.5008,156155.3403,6.0652,230575.336
20160302,002607.SZ,5.2023,5.6961,5.126,5.6656,5.2023,0.46330000000000027,8.9057,173403.67,186069.0241,6.9556,1.05,5.4762,167533.35,5.6442,167820.677,5.5516,153041.4362,5.3303,133012.7857,5.3841,127264.5893,6.4798,156058.779,6.0717,228625.6493
20160303,002607.SZ,5.7012,5.8234,5.5281,5.6248,5.6656,-0.040800000000000836,-0.7201,196227.47,218432.6961,7.8711,1.17,5.4905,167555.632,5.6712,177284.959,5.6002,163425.1508,5.3657,137489.8405,5.3809,129898.7813,6.4564,156364.9835,6.0819,227911.1429
20160304,002607.SZ,5.5638,5.803,5.3856,5.5027,5.6248,-0.12209999999999965,-2.1707,139362.38,153320.4953,5.5901,0.83,5.4375,158956.936,5.6737,181037.39,5.6174,166705.1531,5.4142,140700.6633,5.3842,131225.4827,6.4256,155256.7632,6.0947,227677.5411
20160307,002607.SZ,5.5536,5.7877,5.5536,5.7216,5.5027,0.21889999999999965,3.978,109138.85,121918.7874,4.3778,0.69,5.5434,151626.164,5.6432,170538.701,5.6378,163302.7285,5.4622,141921.1005,5.3909,131305.9637,6.3979,153663.0597,6.1127,226959.6663
20160308,002607.SZ,5.7012,5.7623,5.3551,5.7521,5.7216,0.03050000000000086,0.5331,109715.68,120582.8644,4.4009,0.72,5.6534,145569.61,5.5984,155604.068,5.6683,163928.1923,5.4969,139164.9219,5.3854,129328.4613,6.3666,152652.5925,6.1309,226471.0824
20160309,002607.SZ,5.6248,5.7368,5.4976,5.5179,5.7521,-0.2342000000000004,-4.0716,80131.61,88150.4918,3.2143,0.55,5.6238,126915.198,5.55,147224.274,5.6714,162258.4646,5.5119,136462.289,5.3773,127694.493,6.3375,150970.9385,6.1442,225018.7077
20160310,002607.SZ,5.5179,5.6299,5.35,5.4009,5.5179,-0.11699999999999999,-2.1204,65467.48,70656.4637,2.626,0.52,5.579,100763.2,5.5348,134159.416,5.6233,150823.2138,5.5235,135413.9495,5.3809,125907.135,6.2943,146886.595,6.1542,222993.9549
20160311,002607.SZ,5.4365,5.8285,5.3194,5.803,5.4009,0.4020999999999999,7.4451,114236.7,124797.8922,4.5823,1.13,5.6391,95738.064,5.5383,127347.5,5.5927,139682.8054,5.5514,136820.3567,5.3941,126809.659,6.2588,142291.7162,6.1699,222173.3123
20160314,002607.SZ,5.8132,6.1644,5.8081,5.9404,5.803,0.1374000000000004,2.3677,157045.28,184238.0633,6.2994,1.64,5.6829,105319.35,5.6131,128472.757,5.588,139153.2462,5.5921,140993.5295,5.4068,128760.0883,6.2229,140085.3528,6.1858,222183.0491
20160315,002607.SZ,5.8946,6.1593,5.8845,5.9812,5.9404,0.04079999999999995,0.6868,128108.03,151010.5926,5.1387,1.22,5.7287,108997.82,5.691,127283.715,5.6209,133921.8592,5.6392,144177.7605,5.4394,129756.7327,6.1911,138912.4078,6.2054,221683.722
20160316,002607.SZ,6.0321,6.3019,6.0219,6.0473,5.9812,0.0660999999999996,1.1051,167595.01,202165.7357,6.7226,1.54,5.8346,126490.5,5.7292,126702.849,5.6425,132786.4092,5.6758,147552.649,5.4782,131936.2557,6.1503,137264.1825,6.2226,219691.9393
20160317,002607.SZ,6.0575,6.3375,5.9608,6.3375,6.0473,0.29020000000000046,4.7988,175399.81,213118.4135,7.0357,1.39,6.0219,148476.966,5.8005,124620.083,5.7306,135063.8785,5.7177,148601.67,5.54,135385.0793,6.1168,136140.544,6.2388,216630.3788
20160318,002607.SZ,6.4139,6.9738,6.4139,6.9738,6.3375,0.6362999999999994,10.0402,281839.66,376876.1831,11.3052,1.9,6.256,181997.558,5.9476,138867.811,5.8668,145974.7408,5.7948,157185.2419,5.6153,141996.079,6.0869,136237.5257,6.2617,215067.8913
20160321,002607.SZ,7.1214,7.152,6.8974,6.9891,6.9738,0.01529999999999987,0.2194,232473.05,319965.825,9.325,1.28,6.4658,197083.112,6.0743,151201.231,5.9686,150518.5392,5.8668,163405.9552,5.6808,144158.6663,6.057,135878.0938,6.2834,214029.3608
20160322,002607.SZ,6.816,6.9483,6.7447,6.8364,6.9891,-0.1526999999999994,-2.1848,137061.84,184213.2952,5.4979,0.7,6.6368,198873.874,6.1828,153935.847,6.0618,145967.3369,5.9053,159736.2457,5.7353,144164.4977,6.0292,135176.4137,6.3025,212077.5949
20160323,002607.SZ,6.7956,7.1418,6.7854,7.0349,6.8364,0.19850000000000012,2.9036,139786.88,192304.4189,5.6072,0.7,6.8343,193312.248,6.3345,159901.374,6.1797,145999.9908,5.9451,154056.4776,5.7979,145907.9733,6.0047,135113.32,6.3249,210829.248
20160324,002607.SZ,7.0654,7.4014,6.8211,7.0043,7.0349,-0.030600000000000627,-0.435,201264.89,282279.7458,8.0732,1.04,6.9677,198485.264,6.4948,173481.115,6.2784,153086.6092,5.9928,155834.351,5.8575,149793.398,5.9774,134161.2762,6.3435,208669.4205
20160325,002607.SZ,6.984,6.984,6.6989,6.9483,7.0043,-0.05600000000000005,-0.7995,109290.8,146817.416,4.3839,0.55,6.9626,163975.492,6.6093,172986.525,6.3704,153053.9262,6.0592,151699.8148,5.9196,151122.803,5.9563,132764.9768,6.3576,205335.2704
20160328,002607.SZ,7.0858,7.2639,6.8211,6.8618,6.9483,-0.08650000000000002,-1.2449,129632.63,180248.0003,5.1999,0.79,6.9371,143407.408,6.7015,170245.26,6.4738,156861.6969,6.1113,149189.1848,5.9819,153402.5847,5.9327,133115.5405,6.3699,202101.4018
20160329,002607.SZ,6.7753,6.9025,6.5157,6.5971,6.8618,-0.2646999999999995,-3.8576,102123.8,134517.5616,4.0964,0.71,6.8893,136419.8,6.7631,167646.837,6.5658,159681.4138,6.1782,147109.7129,6.0258,153582.633,5.9109,132141.4457,6.382,200322.3967
20160330,002607.SZ,6.7295,6.9483,6.6175,6.9382,6.5971,0.34109999999999996,5.1705,87295.06,115845.4841,3.5016,0.64,6.8699,125921.436,6.8521,159616.842,6.6531,157608.98,6.2609,144600.0276,6.0752,151380.1227,5.8892,131236.4083,6.3991,198356.5858
20160331,002607.SZ,6.9992,7.2334,6.9992,7.0247,6.9382,0.08650000000000002,1.2467,120185.62,167775.4566,4.8209,0.95,6.874,109705.582,6.9209,154095.423,6.7365,154773.6215,6.3256,142065.8348,6.1308,152000.155,5.8683,131317.2168,6.4187,197090.4878
20160401,002607.SZ,7.0247,7.0247,6.6226,6.9483,7.0247,-0.07640000000000047,-1.0876,96694.52,130331.5059,3.8786,0.88,6.874,107186.326,6.9183,135580.909,6.8109,152357.1977,6.3886,137326.1705,6.1799,151828.7033,5.8509,131320.799,6.4367,195653.5369
20160405,002607.SZ,7.0145,7.1163,6.8771,7.0756,6.9483,0.12729999999999997,1.8321,117023.44,161244.4878,4.6941,1.09,6.9168,104664.488,6.927,124035.948,6.89,148467.0769,6.4635,136262.4114,6.2148,148591.96,5.849,130967.6202,6.4517,194745.3248
20160406,002607.SZ,7.0247,7.2334,6.9483,7.1825,7.0756,0.10690000000000044,1.5108,128983.54,179266.5315,5.1738,1.23,7.0339,110036.436,6.9616,123228.118,6.955,144896.5946,6.5331,137207.3967,6.2476,144256.011,5.8582,130237.704,6.466,192013.8492
20160407,002607.SZ,7.2538,7.4319,6.9534,6.9585,7.1825,-0.2240000000000002,-3.1187,162443.36,230494.2092,6.516,1.48,7.0379,125066.096,6.9539,125493.766,6.9538,135712.2638,6.5906,139718.2386,6.2795,144206.4713,5.8588,130959.564,6.4775,190618.2556
20160408,002607.SZ,6.9534,6.9534,6.6429,6.8211,6.9585,-0.13739999999999952,-1.9746,102930.99,136582.1378,4.1288,0.82,6.9972,121615.17,6.9356,115660.376,6.9409,125747.49,6.6526,140803.9233,6.3217,141100.3023,5.8688,132136.7638,6.4906,189036.8882
20160411,002607.SZ,6.8669,6.9585,6.7702,6.8923,6.8211,0.07119999999999926,1.0438,89035.57,120464.3352,3.5714,0.73,6.986,120083.38,6.93,113634.853,6.9452,122053.1615,6.7236,141926.2133,6.3592,137989.626,5.8812,130895.479,6.4998,187005.1131
20160412,002607.SZ,6.9178,6.9229,6.5717,6.7142,6.8923,-0.1780999999999997,-2.584,114574.07,150807.2732,4.5958,0.95,6.9137,119593.506,6.9153,112128.997,6.9205,120113.7146,6.767,141942.2786,6.4099,136949.0047,5.901,130362.0407,6.5085,184086.3391
20160413,002607.SZ,6.7091,6.816,6.704,6.704,6.7142,-0.010200000000000209,-0.1519,113878.97,151337.582,4.5679,0.95,6.818,116572.592,6.9259,113304.514,6.8974,113391.7208,6.8034,139886.74,6.46,136078.3553,5.9178,130438.1147,6.5123,181397.546
20160414,002607.SZ,6.7244,6.7549,6.6226,6.7193,6.704,0.01529999999999987,0.2282,86628.15,113874.6736,3.4748,0.74,6.7702,101409.55,6.9041,113237.823,6.8798,111648.44,6.8385,137911.5076,6.4951,133185.838,5.9396,130225.2137,6.5177,179448.8254
20160415,002607.SZ,6.7549,6.8516,6.6684,6.8516,6.7193,0.13230000000000075,1.969,107553.1,143503.1639,4.3142,1.06,6.7763,102333.972,6.8867,111974.571,6.879,109950.0146,6.8768,135052.369,6.536,130230.0257,5.9584,130064.4035,6.5269,176584.4106
20160418,002607.SZ,6.8618,7.2029,6.7447,7.1316,6.8516,0.27999999999999936,4.0866,194372.87,268437.6734,7.7967,1.9,6.8241,123401.432,6.9051,121742.406,6.9201,117046.0969,6.9146,135955.8481,6.5903,132063.7087,5.9873,131644.5957,6.5347,174891.6952
20160419,002607.SZ,7.1265,7.1316,6.9076,6.9942,7.1316,-0.13739999999999952,-1.9266,107667.18,147786.8389,4.3188,0.87,6.8801,122020.054,6.8969,120806.78,6.9245,118613.1831,6.9156,127661.9205,6.6327,132014.653,6.0118,131660.3083,6.5414,172348.4412
20160420,002607.SZ,7.0247,7.0654,6.2968,6.3884,6.9942,-0.6058000000000003,-8.6615,150661.24,195372.6874,6.0434,1.23,6.817,129376.508,6.8175,122974.55,6.8755,120957.4615,6.887,123766.12,6.6539,133379.505,6.0197,131353.9832,6.5416,170249.5647
20160421,002607.SZ,6.3528,6.4546,6.1644,6.2102,6.3884,-0.17819999999999947,-2.7894,79197.18,98042.6073,3.1027,0.61,6.7152,127890.314,6.7427,114649.932,6.8187,119611.5123,6.8572,121010.66,6.677,133348.3573,6.0272,130521.4252,6.542,168817.9854
20160422,002607.SZ,6.1084,6.307,6.0575,6.2306,6.2102,0.02039999999999953,0.3285,63580.79,77306.9875,2.4909,0.5,6.591,119095.852,6.6836,110714.912,6.7537,115500.5392,6.8189,117381.7986,6.7047,133285.4677,6.0428,129596.3013,6.5454,167266.2632
20160425,002607.SZ,6.2001,6.251,5.971,6.0932,6.2306,-0.13739999999999952,-2.2052,58606.14,70193.5584,2.296,0.49,6.3833,91942.506,6.6037,107671.969,6.6699,110086.8931,6.7755,110588.5248,6.7144,131431.1157,6.0542,129120.3873,6.5477,166165.476
20160426,002607.SZ,6.1084,6.2204,6.1033,6.2051,6.0932,0.11189999999999944,1.8365,49175.86,59522.2186,1.9266,0.53,6.2255,80244.242,6.5528,101132.148,6.612,101374.0085,6.7401,107725.9086,6.7232,127835.4683,6.065,128297.7783,6.5523,164969.0603
20160427,002607.SZ,6.2102,6.3324,6.1644,6.2051,6.2051,0.0,0.0,63235.25,77586.9688,2.4774,0.79,6.1888,62759.044,6.5029,96067.776,6.5646,98320.49,6.7088,104564.1286,6.7306,125673.0423,6.085,127714.8875,6.5577,164343.3867
20160428,002607.SZ,6.2306,6.2713,5.971,6.2357,6.2051,0.03059999999999974,0.4931,66796.3,80364.2346,2.6169,1.06,6.1939,60278.868,6.4546,94084.591,6.5141,96609.7769,6.6916,102881.8667,6.7369,122313.0853,6.1076,127124.6705,6.5634,163833.287
20160429,002607.SZ,6.3426,6.3426,6.2102,6.2306,6.2357,-0.00509999999999966,-0.0818,53943.2,66351.0516,2.1133,0.89,6.1939,58351.35,6.3925,88723.601,6.4769,91945.8638,6.6579,101293.6829,6.7334,118264.5317,6.1367,126824.8055,6.5661,162198.0569
20160503,002607.SZ,6.2255,6.4495,6.2001,6.4393,6.2306,0.20870000000000033,3.3496,79610.52,99197.8282,3.1189,1.36,6.2632,62552.226,6.3232,77247.366,6.4565,89309.8292,6.6301,99361.5352,6.7155,111523.5603,6.1654,126759.8197,6.5706,160902.4601
20160504,002607.SZ,6.4088,6.4444,6.2917,6.3528,6.4393,-0.08650000000000002,-1.3433,84444.13,105586.0016,2.3659,1.35,6.2927,69605.88,6.2591,74925.061,6.4283,89141.8277,6.6017,98778.1833,6.6943,106589.263,6.1876,125373.9647,6.5744,159827.0924
20160505,002607.SZ,6.3579,6.4189,6.307,6.3629,6.3528,0.010099999999999554,0.159,66847.01,83649.0101,1.8728,0.96,6.3243,70328.232,6.2566,66543.638,6.3907,86010.59,6.5678,96388.8295,6.6785,104248.7687,6.2069,124206.6332,6.5782,158399.7472
20160506,002607.SZ,6.368,6.4088,5.9303,5.9303,6.3629,-0.4325999999999999,-6.7988,114424.13,137725.5146,3.2058,1.63,6.2632,79853.798,6.2286,70066.333,6.2983,79860.6869,6.5081,95695.5243,6.6417,103403.3437,6.2198,124655.6585,6.5734,156622.5748
20160509,002607.SZ,5.9048,5.9048,5.5129,5.5383,5.9303,-0.39200000000000035,-6.6101,83560.91,92455.5622,2.3411,1.05,6.1247,85777.34,6.1593,72064.345,6.1863,78006.3585,6.4405,91939.2171,6.5929,99479.8777,6.2252,124636.6378,6.56,153887.4075
20160510,002607.SZ,5.5383,5.6707,5.5027,5.5587,5.5383,0.020400000000000418,0.3683,52303.55,57310.1555,1.4654,0.61,5.9486,80315.946,6.1059,71434.086,6.1225,70440.3823,6.3804,89528.3867,6.5465,97580.3027,6.2331,124351.5528,6.5457,150776.4267
20160511,002607.SZ,5.6096,5.6605,5.4925,5.5129,5.5587,-0.04579999999999984,-0.8239,44027.31,48148.7011,1.2335,0.55,5.7806,72232.582,6.0367,70919.231,6.0689,67735.0077,6.3147,87385.1362,6.5016,94726.792,6.2417,124064.6883,6.5332,148394.5625
20160512,002607.SZ,5.4721,5.4721,5.294,5.406,5.5129,-0.10690000000000044,-1.9391,53192.1,55986.2937,1.4903,0.74,5.5892,69501.6,5.9568,69914.916,6.0055,66935.8777,6.2524,84462.1852,6.4619,93095.7353,6.2438,123339.1842,6.5166,146426.0482
20160513,002607.SZ,5.35,5.462,5.2482,5.294,5.406,-0.1120000000000001,-2.0718,55956.0,58841.7405,1.5677,0.81,5.462,57807.974,5.8626,68830.886,5.944,66732.0208,6.1853,81703.9486,6.4071,92051.1,6.2411,121715.6113,6.4995,144393.1298
20160516,002607.SZ,5.2278,5.523,5.2278,5.523,5.294,0.2290000000000001,4.3257,60028.97,63490.1248,1.6818,1.04,5.4589,53101.586,5.7918,69439.463,5.8915,67566.8754,6.1283,80437.321,6.357,90045.8783,6.2439,121023.0167,6.4873,143137.5476
20160517,002607.SZ,5.5332,5.5536,5.3754,5.4161,5.523,-0.10689999999999955,-1.9355,84164.36,89780.1599,2.358,1.58,5.4304,59473.748,5.6895,69894.847,5.8308,69176.8069,6.06,79323.5714,6.3059,89628.2063,6.2429,120728.4548,6.4693,142161.2011
20160518,002607.SZ,5.3449,5.3449,5.0802,5.1514,5.4161,-0.2647000000000004,-4.8873,68500.79,69987.9715,1.9192,1.15,5.3581,64368.444,5.5694,68300.513,5.7474,69307.9215,5.9657,73329.6629,6.2418,88010.7847,6.2283,118301.3723,6.4503,140680.298
20160519,002607.SZ,5.1514,5.3398,5.1514,5.1922,5.1514,0.04079999999999995,0.792,61081.62,63031.3951,1.7113,0.95,5.3153,65946.348,5.4523,67723.974,5.6675,69857.0308,5.8798,71111.3029,6.1755,85747.3873,6.2115,115001.6992,6.4321,139563.8796
20160520,002607.SZ,5.1362,5.2532,5.1005,5.2482,5.1922,0.05600000000000005,1.0785,56425.08,57621.0213,1.5809,0.86,5.3062,66040.164,5.3841,61924.069,5.5759,68073.5354,5.8256,66623.8667,6.1184,82213.4447,6.199,113209.958,6.4158,138696.9432
20160523,002607.SZ,5.2889,5.4518,5.2634,5.35,5.2482,0.10179999999999989,1.9397,62942.59,66124.2656,1.7635,0.95,5.2716,66622.888,5.3653,59862.237,5.4988,66419.5708,5.7846,65849.8386,6.0694,80880.498,6.1956,110990.4002,6.4002,137865.2186
20160524,002607.SZ,5.3194,5.4721,5.2889,5.4263,5.35,0.0763000000000007,1.4262,90459.5,95605.9268,2.5344,1.36,5.2736,67881.916,5.352,63677.832,5.4267,68235.9162,5.7463,67129.7771,6.0205,80927.9623,6.1899,109458.7942,6.3792,136496.8147
20160525,002607.SZ,5.462,5.4721,5.3092,5.3601,5.4263,-0.06620000000000026,-1.22,61085.23,64630.321,1.7114,0.9,5.3154,66398.804,5.3367,65383.624,5.3829,64132.9238,5.7114,67247.829,5.9754,79145.001,6.1927,108047.0028,6.363,133449.1767
20160526,002607.SZ,5.3805,5.3805,5.1667,5.35,5.3601,-0.010100000000000442,-0.1884,58605.67,60705.7863,1.6419,0.88,5.3469,65903.614,5.3311,65924.981,5.3684,62213.29,5.6707,67696.8676,5.9303,77302.5577,6.1951,106690.4565,6.348,131422.8984
20160527,002607.SZ,5.3601,5.3958,5.294,5.3551,5.35,0.0051000000000005485,0.0953,44319.58,46531.6196,1.2417,0.67,5.3683,63482.514,5.3372,64761.339,5.3527,61599.1385,5.6302,66796.1214,5.8848,75892.272,6.19,104539.055,6.3349,130298.917
20160530,002607.SZ,5.294,5.4212,5.2583,5.3347,5.3551,-0.020400000000000418,-0.3809,48774.98,51285.661,1.3665,0.77,5.3652,60648.992,5.3184,63635.94,5.339,61964.3438,5.5873,65937.9633,5.8342,73933.0013,6.1851,102081.5135,6.3207,129223.2485
20160531,002607.SZ,5.3398,5.5943,5.3398,5.5892,5.3347,0.25450000000000017,4.7707,101772.4,109923.5721,2.8513,1.68,5.3978,62911.572,5.3357,65396.744,5.3531,65701.29,5.5567,68215.5443,5.7828,70846.319,6.1866,101455.0138,6.3061,128355.8885
20160601,002607.SZ,5.7368,5.7826,5.6045,5.6096,5.5892,0.020400000000000418,0.365,134340.31,149444.5173,3.7638,2.14,5.4477,77562.588,5.3815,71980.696,5.3774,71730.8523,5.5172,70821.7248,5.7367,71735.4233,6.1847,101875.0382,6.2913,127769.0489
20160602,002607.SZ,5.5383,5.6554,5.5383,5.6401,5.6096,0.03049999999999997,0.5437,82129.12,90414.0583,2.301,1.06,5.5057,82267.278,5.4263,74085.446,5.3864,73430.8638,5.4833,70711.4862,5.7117,69451.0193,6.1828,101415.2622,6.2747,127033.9273
20160603,002607.SZ,5.6401,5.6605,5.5485,5.6096,5.6401,-0.03049999999999997,-0.5408,63520.11,69901.923,1.7796,0.77,5.5566,86107.384,5.4625,74794.949,5.4013,71842.8446,5.4474,70553.0624,5.6917,68928.4503,6.1844,101138.4038,6.2609,126054.6712
20160606,002607.SZ,5.6147,5.6757,5.5638,5.5994,5.6096,-0.010200000000000209,-0.1818,51502.41,56732.2871,1.4429,0.6,5.6096,86652.87,5.4874,73650.931,5.4357,70535.2769,5.4317,67556.79,5.6707,68525.8377,6.1877,100905.6527,6.241,123896.1238
20160607,002607.SZ,5.5994,5.971,5.5129,5.8743,5.5994,0.2748999999999997,4.9095,131546.72,149087.1672,3.6855,1.52,5.6666,92607.734,5.5322,77759.653,5.4882,75955.6692,5.4477,69841.8286,5.6634,70957.1903,6.1889,101194.153,6.2238,121742.9346
20160608,002607.SZ,5.8234,5.8234,5.6605,5.7063,5.8743,-0.16800000000000015,-2.8599,87754.69,98717.1485,2.4586,0.95,5.6859,83290.61,5.5668,80426.599,5.5234,78365.6392,5.4547,71529.9781,5.6467,72243.1513,6.185,100039.3098,6.2039,120062.3313
20160613,002607.SZ,5.5994,5.5994,5.1871,5.2227,5.7063,-0.48360000000000003,-8.4748,77031.88,82727.7237,2.1582,0.92,5.6025,82271.162,5.5541,82269.22,5.5136,79449.4308,5.4409,73101.6243,5.614,72703.039,6.1723,99188.0407,6.1817,119050.2242
20160614,002607.SZ,5.2278,5.523,5.2176,5.3856,5.2227,0.1629000000000005,3.1191,77474.77,81860.6527,2.1706,0.94,5.5577,85062.094,5.5572,85584.739,5.5105,78450.6054,5.4399,74257.9419,5.5857,73058.988,6.1613,97686.0367,6.1558,117475.1096
20160615,002607.SZ,5.2736,5.7267,5.238,5.6452,5.3856,0.25959999999999983,4.8203,104100.8,113252.5759,2.9166,1.22,5.5668,95581.772,5.5882,91117.321,5.5324,81759.4954,5.4566,76550.5514,5.5661,74730.908,6.1497,96497.7198,6.1333,116319.1319
20160616,002607.SZ,5.6452,5.8794,5.5943,5.8336,5.6452,0.18839999999999968,3.3373,134457.12,152057.1566,3.7671,1.41,5.5587,96163.852,5.6126,94385.793,5.5696,87594.2223,5.4714,80094.749,5.546,76559.128,6.1307,94041.3442,6.1088,115139.4349
20160617,002607.SZ,5.8539,5.9557,5.7063,5.7776,5.8336,-0.05600000000000005,-0.96,105620.2,121141.2485,2.9591,1.1,5.5729,99736.954,5.6294,91513.782,5.6021,92309.6546,5.4886,81116.4557,5.5268,77264.997,6.1106,91927.13,6.0838,113902.6119
20160620,002607.SZ,5.7776,5.8386,5.7114,5.7572,5.7776,-0.02039999999999953,-0.3531,68113.32,77203.584,1.9083,0.68,5.6798,97953.242,5.6412,90112.202,5.6346,93797.2192,5.5175,81098.0048,5.5066,77307.2073,6.0926,90777.988,6.0609,112977.2008
20160621,002607.SZ,5.7928,5.8285,5.5179,5.5689,5.7572,-0.1882999999999999,-3.2707,93408.24,103525.3265,2.617,0.95,5.7165,101139.936,5.6371,93101.015,5.6331,93153.8223,5.5354,82637.3676,5.4945,76606.6777,6.0681,90005.0107,6.0364,112559.1653
20160622,002607.SZ,5.5179,5.691,5.5129,5.6656,5.5689,0.09670000000000023,1.7364,50408.97,55567.5878,1.4123,0.5,5.7206,90401.57,5.6437,92991.671,5.6374,86697.5654,5.5553,82350.8862,5.4988,75501.613,6.0458,87490.7453,6.0116,110826.0107
20160623,002607.SZ,5.691,5.7165,5.6096,5.6248,5.6656,-0.040800000000000836,-0.7201,59042.9,65455.8729,1.6542,0.65,5.6788,75318.726,5.6188,85741.289,5.6362,84921.7023,5.5684,82165.1867,5.501,75726.258,6.0238,86653.2803,5.99,109709.1286
20160624,002607.SZ,5.6554,5.7317,5.35,5.6401,5.6248,0.015300000000000757,0.272,80948.87,88868.0502,2.2679,1.07,5.6513,70384.46,5.6121,85060.707,5.6386,86262.3762,5.5786,81712.2995,5.5052,76956.9767,6.0034,85841.8843,5.9681,109478.7124
20160627,002607.SZ,5.5739,5.747,5.5536,5.7267,5.6401,0.08659999999999979,1.5354,78578.14,87679.3224,2.2015,1.12,5.6452,72477.424,5.6625,85215.333,5.6484,88345.1246,5.596,82545.2952,5.5159,77803.178,5.9889,85449.4567,5.9499,108795.4512
20160628,002607.SZ,5.7674,5.9455,5.7267,5.9252,5.7267,0.19850000000000012,3.4662,127717.62,147185.833,3.5782,1.76,5.7165,79339.3,5.7165,90239.618,5.6523,88050.5785,5.6234,85836.3405,5.537,80195.232,5.972,86123.166,5.9306,108679.7872
20160629,002607.SZ,5.9557,5.9659,5.7623,5.8386,5.9252,-0.08660000000000068,-1.4616,127185.5,145494.9141,3.5633,1.6,5.7511,94694.606,5.7358,92548.088,5.6624,91083.7177,5.6464,89782.3367,5.5475,82433.783,5.9522,86239.8307,5.9103,108778.5237
20160630,002607.SZ,5.803,5.9455,5.7521,5.8488,5.8386,0.010200000000000209,0.1747,130859.96,150077.5731,3.6663,1.38,5.7959,109058.018,5.7374,92188.372,5.7106,95224.3392,5.6709,93691.1452,5.5619,83990.303,5.9339,86809.2547,5.8924,109065.0268
20160701,002607.SZ,5.9048,6.1492,5.8132,5.9099,5.8488,0.0611000000000006,1.0447,148685.69,174625.3101,4.1657,1.36,5.8498,122605.382,5.7506,96494.921,5.7509,100702.1023,5.6862,95925.1114,5.5872,86663.133,5.9145,87336.9588,5.8817,109152.2895
20160704,002607.SZ,5.8641,6.0626,5.8285,6.0168,5.9099,0.10689999999999955,1.8088,115894.0,136404.5712,3.247,0.95,5.9079,130068.554,5.7765,101272.989,5.7795,101609.2715,5.7056,95046.7157,5.6147,88490.2123,5.8951,87118.7998,5.8766,108678.2519
20160705,002607.SZ,6.1084,6.2662,5.9761,6.1848,6.0168,0.16800000000000015,2.7922,153369.79,184707.5494,4.2969,1.18,5.9598,135198.988,5.8381,107269.144,5.8065,103064.0923,5.7315,98439.1286,5.6459,91721.7027,5.8822,86967.5737,5.8705,108963.5688
20160706,002607.SZ,6.1186,6.1593,6.0321,6.1237,6.1848,-0.06109999999999971,-0.9879,98556.69,117914.6457,2.7612,0.73,6.0168,129473.226,5.8839,112083.916,5.8332,102520.7454,5.756,100107.5371,5.6717,92908.8393,5.8705,86894.6687,5.8697,109515.7162
20160707,002607.SZ,6.1237,6.1237,5.9303,6.0219,6.1237,-0.10180000000000078,-1.6624,94879.23,112273.691,2.6582,0.73,6.0514,122277.08,5.9237,115667.549,5.8535,104579.6615,5.7761,102173.1,5.6915,93056.1637,5.856,86992.063,5.8686,108943.771
20160708,002607.SZ,6.027,6.139,5.9557,6.0524,6.0219,0.03049999999999997,0.5065,78895.76,94142.1313,2.2104,0.65,6.0799,108319.094,5.9649,115462.238,5.8907,103463.3169,5.7846,99665.9114,5.7146,93649.848,5.845,86397.4245,5.873,108379.7326
20160711,002607.SZ,6.0677,6.0881,5.9404,5.9608,6.0524,-0.09159999999999968,-1.5134,66690.5,78959.0199,1.8685,0.62,6.0687,98478.394,5.9883,114273.474,5.9134,104715.7423,5.7967,98662.8548,5.735,93919.3423,5.8326,85610.95,5.8752,108024.5323
20160712,002607.SZ,5.9506,6.0982,5.9048,6.0881,5.9608,0.12729999999999997,2.1356,72372.94,85486.8575,2.0277,0.73,6.0494,82279.024,6.0046,108739.006,5.9491,105741.13,5.8379,98441.0005,5.7594,94854.4543,5.8221,85373.3632,5.8809,107799.2884
20160713,002607.SZ,6.083,6.1695,6.0015,6.0219,6.0881,-0.06620000000000026,-1.0874,76304.67,91113.5579,2.1378,0.93,6.029,77828.62,6.0229,103650.923,5.9784,105383.8838,5.8682,98385.2814,5.7823,95772.1107,5.8083,84852.556,5.8834,107458.4797
20160714,002607.SZ,6.0423,6.083,5.9812,6.0321,6.0219,0.010200000000000209,0.1694,49904.94,59107.0334,1.3982,0.64,6.0311,68833.762,6.0412,95555.421,6.0019,103178.2531,5.8866,95804.5262,5.7971,94043.1953,5.7899,82444.7572,5.8886,107044.6764
20160715,002607.SZ,6.0473,6.0473,5.9354,5.9506,6.0321,-0.08150000000000013,-1.3511,57521.13,67607.3214,1.6116,0.84,6.0107,64558.836,6.0453,86438.965,6.0039,97778.5231,5.8922,92140.9076,5.8084,91482.556,5.7726,81608.9897,5.8922,106634.649
20160718,002607.SZ,5.9303,5.9914,5.8845,5.9404,5.9506,-0.01019999999999932,-0.1714,38906.65,45438.0263,1.09,0.6,6.0066,59002.066,6.0377,78740.23,6.0117,90987.8423,5.9,88964.0719,5.8185,90041.807,5.7651,79746.4132,5.8924,105550.1982
20160719,002607.SZ,5.9557,5.9964,5.9048,5.9964,5.9404,0.05600000000000005,0.9427,40192.46,47032.6627,1.1261,0.68,5.9883,52565.97,6.0188,67422.497,6.0231,84013.4192,5.9114,87634.5071,5.8313,89264.2187,5.7615,79096.3345,5.8943,104808.8798
20160720,002607.SZ,5.9812,6.1441,5.9761,6.1033,5.9964,0.10689999999999955,1.7827,83920.65,100328.0262,2.3512,1.6,6.0046,54089.166,6.0168,65958.893,6.0379,79031.4931,5.9368,87182.7171,5.8481,90344.8267,5.7594,79435.3322,5.9011,104515.8167
20160721,002607.SZ,6.083,6.1542,6.0321,6.0473,6.1033,-0.05600000000000005,-0.9175,55444.09,66174.1247,1.5534,1.03,6.0076,55196.996,6.0193,62015.379,6.0403,74381.5,5.955,87422.4848,5.8539,87808.0723,5.7586,79382.6313,5.9064,104251.5093
20160722,002607.SZ,6.0321,6.6531,6.027,6.6531,6.0473,0.6058000000000003,10.0177,216498.43,267971.4772,6.0656,3.92,6.1481,86992.456,6.0794,75775.646,6.0763,79237.5492,6.0039,94920.3671,5.8855,92099.5303,5.7661,82171.3408,5.9155,105234.5596
20160725,002607.SZ,6.4139,6.872,6.3935,6.5258,6.6531,-0.12729999999999997,-1.9134,245174.48,316034.502,6.869,2.82,6.2652,128246.022,6.1359,93624.044,6.1072,90515.8408,6.0461,102740.6343,5.9289,97704.2837,5.7714,85203.6613,5.9282,106459.2744
20160726,002607.SZ,6.5411,6.6582,6.3884,6.48,6.5258,-0.04579999999999984,-0.7018,124537.86,158249.0426,3.4892,0.97,6.3619,145115.102,6.1751,98840.536,6.1425,92797.2738,6.082,104929.1924,5.9654,99273.0533,5.7755,86166.0207,5.9416,106645.3456
20160727,002607.SZ,6.5207,6.5462,5.859,5.9404,6.48,-0.5396000000000001,-8.3272,155341.16,188579.0396,4.3522,1.07,6.3293,159399.204,6.1669,106744.185,6.1339,98677.6892,6.0827,106244.599,5.9752,100981.0653,5.7707,87855.9867,5.9537,107340.3961
20160728,002607.SZ,5.9557,6.0321,5.8081,5.8794,5.9404,-0.06099999999999994,-1.0269,89265.22,103421.3075,2.5009,0.56,6.2957,166163.43,6.1517,110680.213,6.1276,100414.2062,6.0847,104438.8714,5.9768,99474.6687,5.7614,88016.8983,5.9634,107388.359
20160729,002607.SZ,5.8997,5.9557,5.8285,5.8845,5.8794,0.00509999999999966,0.0867,61436.61,71075.9004,1.7213,0.37,6.142,135151.066,6.1451,111071.761,6.1119,99572.95,6.0864,101132.9976,5.9803,98001.8823,5.7535,87633.4397,5.9706,106503.7022
20160801,002607.SZ,5.9303,6.0779,5.7928,5.9659,5.8845,0.08140000000000036,1.3833,98311.35,115341.447,2.7544,0.73,6.03,105778.44,6.1476,117012.231,6.1076,101265.7715,6.089,98734.2195,5.9873,99008.4833,5.7469,88157.8453,5.9769,106182.2392
20160802,002607.SZ,5.9303,6.0066,5.7877,5.9201,5.9659,-0.04580000000000073,-0.7677,76096.48,87746.99,2.132,0.72,5.9181,96090.164,6.14,120602.633,6.099,103280.5054,6.0844,96839.0995,5.999,98431.4247,5.7468,87519.0512,5.9833,106087.3548
20160803,002607.SZ,5.9048,5.9659,5.8437,5.9201,5.9201,0.0,0.0,53654.6,62151.6472,1.5032,0.56,5.914,75752.852,6.1217,117576.028,6.0967,102983.08,6.0718,92090.7571,6.0075,98539.6123,5.7531,87020.6127,5.9891,105828.6252
20160804,002607.SZ,5.8845,5.9201,5.8132,5.9048,5.9201,-0.01529999999999987,-0.2584,50277.15,58011.1484,1.4086,0.66,5.9191,67955.238,6.1074,117059.334,6.0939,103857.7338,6.0614,89791.7314,6.0168,98247.4207,5.7589,86986.8393,5.996,105669.1961
20160805,002607.SZ,5.8946,5.9506,5.8081,5.8081,5.9048,-0.09670000000000023,-1.6377,50285.54,58033.0561,1.4088,0.74,5.9038,65725.024,6.0229,100438.045,6.0794,104634.1246,6.0512,87668.2224,6.0224,97225.3097,5.7638,87091.1432,6.0028,105577.9157
20160808,002607.SZ,5.7114,5.7725,5.6248,5.7521,5.8081,-0.05599999999999916,-0.9642,58453.42,65302.4247,1.6377,0.89,5.861,57753.438,5.9455,81765.939,6.0524,102675.1069,6.0369,86694.7776,6.0232,96554.4857,5.7696,87178.8318,6.0067,105259.008
20160809,002607.SZ,5.7419,5.8234,5.7063,5.8081,5.7521,0.05599999999999916,0.9736,46534.37,52743.2203,1.3037,0.81,5.8386,51841.016,5.8784,73965.59,6.034,101989.7438,6.0296,85734.9619,6.0193,93848.3773,5.7781,87021.8047,6.0096,104368.708
20160810,002607.SZ,5.803,5.8437,5.7419,5.747,5.8081,-0.06109999999999971,-1.052,42471.56,48221.5704,1.1899,0.82,5.804,49604.408,5.859,62678.63,5.9643,88603.0615,6.0134,84311.0867,6.0163,91024.5793,5.7819,86729.1812,6.0129,103876.0989
20160811,002607.SZ,5.7317,5.747,5.5943,5.6656,5.747,-0.08139999999999947,-1.4164,54298.38,60410.3526,1.5213,1.09,5.7562,50408.654,5.8376,59181.946,5.8982,73920.2846,5.9964,83263.1681,6.0102,88472.5267,5.786,86231.4148,6.0145,103479.9348
20160812,002607.SZ,5.6299,5.7012,5.6248,5.6859,5.6656,0.020299999999999763,0.3583,41208.87,45882.3292,1.1545,0.82,5.7317,48593.32,5.8178,57159.172,5.8371,67510.3623,5.9799,82849.0695,6.0027,84889.966,5.7949,85776.5495,6.0116,102038.9609
20160815,002607.SZ,5.6757,5.8743,5.6554,5.8234,5.6859,0.13750000000000018,2.4183,60288.42,68470.5218,1.6891,1.24,5.746,48960.32,5.8035,53356.879,5.8281,60198.6131,5.9739,82980.8452,5.9963,83036.4467,5.8055,85763.3295,6.0085,100382.5143
20160816,002607.SZ,5.8234,5.8794,5.7674,5.8488,5.8234,0.025399999999999423,0.4362,58900.32,67383.4018,1.6502,1.2,5.7541,51433.51,5.7964,51637.263,5.8257,57862.8515,5.9695,83932.9248,5.9851,79887.4643,5.8155,85804.5835,6.0072,99507.2707
20160817,002607.SZ,5.8437,5.859,5.7725,5.8132,5.8488,-0.03559999999999963,-0.6087,45595.87,52067.5015,1.2775,0.89,5.7674,52058.372,5.7857,50831.39,5.8202,56644.3331,5.9608,84190.23,5.9747,78122.1037,5.8232,85515.4715,6.0094,98252.9358
20160818,002607.SZ,5.7928,5.915,5.7928,5.8386,5.8132,0.025399999999999423,0.4369,61394.55,70686.2973,1.7201,1.18,5.802,53477.606,5.7791,51943.13,5.8104,53804.5792,5.9482,83117.5586,5.9686,77005.9477,5.8301,85031.0557,6.01,97244.9249
20160819,002607.SZ,5.8285,6.0473,5.803,6.0117,5.8386,0.1731000000000007,2.9648,97984.7,114749.0905,2.7452,1.83,5.8671,64832.772,5.7994,56713.046,5.8175,55488.2885,5.9465,85143.3019,5.9672,77642.2457,5.8409,85646.0468,6.0168,96846.5248
20160822,002607.SZ,6.0524,6.0932,5.9099,5.9303,6.0117,-0.08140000000000036,-1.354,78979.21,92990.2093,2.2127,1.22,5.8885,68570.93,5.8173,58765.625,5.8183,57436.3354,5.9121,78594.7676,5.9662,78051.8693,5.8506,85985.6058,6.0229,96338.0312
20160823,002607.SZ,5.915,5.9557,5.7776,5.8437,5.9303,-0.08659999999999979,-1.4603,72726.21,83494.7621,2.7076,1.06,5.8875,71336.108,5.8208,61384.809,5.8136,59163.1862,5.8796,70382.9452,5.9581,78063.645,5.8587,86459.0497,6.0244,95499.0523
20160824,002607.SZ,5.8794,6.0321,5.8386,5.9557,5.8437,0.1120000000000001,1.9166,78514.46,91546.3666,2.9231,1.1,5.916,77919.826,5.8417,64989.099,5.8249,61334.6415,5.8546,68191.3548,5.9559,78137.3047,5.8691,86954.7077,6.0271,94518.1106
20160825,002607.SZ,5.8539,5.8743,5.7063,5.7877,5.9557,-0.16800000000000015,-2.8208,63200.71,71725.9753,2.3529,0.81,5.9058,78281.058,5.8539,65879.332,5.8277,61699.8177,5.8474,63803.7143,5.9477,78580.497,5.8724,86311.8462,6.0295,93883.43
20160826,002607.SZ,5.7979,5.8794,5.7419,5.8132,5.7877,0.025500000000000078,0.4406,40749.95,46636.2937,1.5171,0.52,5.8661,66834.108,5.8666,65833.44,5.8281,61254.8623,5.8442,61493.4633,5.9432,78021.4577,5.8758,84752.0068,6.0303,93313.5225
20160829,002607.SZ,5.803,5.8285,5.7521,5.8081,5.8132,-0.0051000000000005485,-0.0877,29077.64,33069.3781,1.0826,0.44,5.8417,56853.794,5.8651,62712.362,5.8328,60224.5608,5.8406,59952.56,5.9387,77693.824,5.8786,83867.8155,6.0307,92641.5388
20160830,002607.SZ,5.7928,5.8539,5.747,5.8234,5.8081,0.015300000000000757,0.2634,37441.76,42651.1521,1.3939,0.66,5.8376,49796.904,5.8626,60566.506,5.8449,58927.8977,5.8338,57054.0081,5.933,77602.134,5.8822,83433.1763,6.0333,92285.7901
20160831,002607.SZ,5.7979,5.8132,5.747,5.7674,5.8234,-0.05600000000000005,-0.9616,34343.12,38937.917,1.2786,0.69,5.8,40962.636,5.858,59441.231,5.8512,58399.7631,5.8265,55065.7529,5.9218,75949.5497,5.885,83147.1882,6.0363,92026.4204
20160901,002607.SZ,5.7725,5.8285,5.7521,5.7674,5.7674,0.0,0.0,37513.25,42703.6115,1.3966,0.92,5.7959,35825.144,5.8509,57053.101,5.8469,56647.8269,5.8192,54297.1171,5.9124,75351.855,5.8832,81579.9637,6.036,91387.0583
20160902,002607.SZ,5.7521,5.7979,5.6961,5.7317,5.7674,-0.03570000000000029,-0.619,33018.73,37319.7588,1.2293,0.92,5.7796,34278.9,5.8229,50556.504,5.8379,54656.9354,5.811,53475.2876,5.8817,69235.865,5.8836,80667.6977,6.0343,90353.5037
20160905,002607.SZ,5.7877,5.9914,5.7572,5.859,5.7317,0.12729999999999997,2.221,70810.48,81815.4835,2.6363,2.07,5.7898,42625.468,5.8157,49739.631,5.8414,56596.5208,5.8134,54452.6657,5.8595,63423.7317,5.8942,80564.0077,6.0333,89876.0242
20160906,002607.SZ,5.859,5.9303,5.7572,5.9303,5.859,0.07129999999999992,1.2169,66548.69,76520.1064,2.4776,1.56,5.8112,48446.854,5.8244,49121.879,5.8484,56992.9931,5.8219,54838.1548,5.8412,61490.7593,5.9033,80381.9063,6.0323,89033.9715
20160907,002607.SZ,5.9099,5.971,5.859,5.8692,5.9303,-0.06109999999999971,-1.0303,59522.67,69161.3793,2.216,1.23,5.8315,53482.764,5.8157,47222.7,5.8375,54034.3754,5.8248,55456.6452,5.8388,58296.8097,5.907,79638.9375,6.0284,88068.3287
20160908,002607.SZ,5.859,5.9964,5.859,5.9914,5.8692,0.12219999999999942,2.0821,80225.67,93569.1826,2.9868,1.5,5.8763,62025.248,5.8361,48925.196,5.8422,54130.2569,5.8365,57254.46,5.8425,57995.4913,5.9096,78735.08,6.0202,86388.2121
20160909,002607.SZ,6.0066,6.0524,5.9048,5.915,5.9914,-0.07639999999999958,-1.2752,71964.83,84379.6738,2.6792,1.16,5.913,69814.468,5.8463,52046.684,5.8477,54071.6892,5.8483,58095.7195,5.8436,58346.432,5.9119,78174.1572,6.0112,85050.6436
20160912,002607.SZ,5.7114,5.7776,5.6147,5.6452,5.915,-0.26980000000000004,-4.5613,71066.09,79621.7294,2.6458,1.02,5.8702,69865.59,5.83,56245.529,5.8238,53498.7377,5.8464,59517.4919,5.8329,57438.2567,5.9101,78223.37,6.0013,84500.679
20160913,002607.SZ,5.6808,5.6961,5.5994,5.6554,5.6452,0.010200000000000209,0.1807,34969.89,38829.2886,1.3019,0.5,5.8152,63549.83,5.8132,55998.342,5.8136,51327.1362,5.8384,58311.8476,5.824,56067.3703,5.9115,77249.3975,5.9898,83627.2041
20160914,002607.SZ,5.6757,5.7165,5.6299,5.6503,5.6554,-0.0051000000000005485,-0.0902,28701.3,31954.0317,1.0685,0.45,5.7715,57385.556,5.8015,55434.16,5.8011,50400.3169,5.8289,56873.799,5.8151,55235.5937,5.9113,76887.603,5.9785,82189.1742
20160919,002607.SZ,5.6452,5.7114,5.6452,5.6808,5.6503,0.03049999999999997,0.5398,31707.48,35347.4657,1.1805,0.55,5.7093,47681.918,5.7928,54853.583,5.7913,50602.6123,5.8226,56212.4471,5.8076,54616.6047,5.9122,76432.0127,5.968,81542.6465
20160920,002607.SZ,5.691,5.691,5.6248,5.6401,5.6808,-0.04069999999999929,-0.7164,31233.79,34685.2485,1.1628,0.66,5.6544,39535.71,5.7837,54675.089,5.7772,50125.0762,5.8132,54776.2205,5.802,53981.5463,5.9122,75603.428,5.9578,80722.6562
20160921,002607.SZ,5.6401,5.6656,5.6045,5.6401,5.6401,0.0,0.0,24565.35,27247.4518,0.9146,0.62,5.6533,30235.562,5.7618,50050.576,5.7674,49372.94,5.7955,51280.061,5.7983,52851.944,5.9107,74703.2148,5.9498,80076.3357
20160922,002607.SZ,5.6757,5.7165,5.6503,5.6656,5.6401,0.025500000000000078,0.4521,37668.82,42082.9357,1.4024,1.25,5.6554,30775.348,5.7353,47162.589,5.7595,49384.9069,5.7829,49312.8995,5.7935,52556.4257,5.9064,73202.4015,5.9392,79662.7837
20160923,002607.SZ,5.6656,5.6961,5.6299,5.6656,5.6656,0.0,0.0,31487.21,35013.5397,1.1723,1.02,5.6584,31332.53,5.715,44359.043,5.7545,49267.0977,5.7744,47349.1376,5.7908,52190.2807,5.9035,71607.43,5.9279,78923.6303
20160926,002607.SZ,5.6808,5.7216,5.5383,5.5638,5.6656,-0.10180000000000078,-1.7968,45683.26,50822.1903,1.7008,1.46,5.635,34127.686,5.6722,40904.802,5.7318,47334.2346,5.7557,45785.7471,5.7874,51903.11,5.8988,70187.8183,5.9164,78498.5365
20160927,002607.SZ,5.5434,5.6198,5.5078,5.5892,5.5638,0.02540000000000031,0.4565,34545.32,37708.0283,1.2861,1.01,5.6249,34789.992,5.6396,37162.851,5.7055,44872.4369,5.7463,44421.2048,5.7842,51680.9917,5.8934,68285.4788,5.904,77811.2188
20160928,002607.SZ,5.579,5.6248,5.5281,5.5536,5.5892,-0.03559999999999963,-0.6369,23804.98,25971.2033,0.8863,0.68,5.6076,34637.918,5.6305,32436.74,5.6812,42124.9223,5.7339,43614.3014,5.7752,50464.877,5.8857,66750.6618,5.8904,76934.7308
20160929,002607.SZ,5.5536,5.5892,5.5434,5.5536,5.5536,0.0,0.0,24574.67,26862.3139,0.9149,0.71,5.5852,32019.088,5.6203,31397.218,5.6476,37844.0762,5.7218,43399.8743,5.7653,49320.6887,5.8752,64604.0765,5.8787,75785.8251
20160930,002607.SZ,5.5383,5.6248,5.5383,5.6248,5.5536,0.07119999999999926,1.2821,25481.43,27982.6094,0.9487,0.8,5.577,30817.932,5.6177,31075.231,5.6252,34268.43,5.7124,42830.3348,5.7591,48650.2073,5.8669,63386.1555,5.8687,75140.4121
20161010,002607.SZ,5.691,5.7267,5.6452,5.7267,5.6248,0.10190000000000055,1.8116,38485.0,43065.1303,1.4328,1.25,5.6096,29378.28,5.6223,31752.983,5.6315,31762.1923,5.7104,43027.5671,5.7553,47886.5557,5.862,62446.2517,5.859,74719.1573
20161011,002607.SZ,5.7216,5.8132,5.7012,5.7368,5.7267,0.010099999999999554,0.1764,44679.65,50496.726,1.6634,1.52,5.6391,31405.146,5.632,33097.569,5.6378,32509.0969,5.709,43368.8243,5.7462,46109.7207,5.8567,61875.9832,5.8509,74136.7038
20161012,002607.SZ,5.7368,5.7928,5.6808,5.7317,5.7368,-0.00509999999999966,-0.0889,30804.94,34603.4476,1.1469,0.98,5.6747,32805.138,5.6411,33721.528,5.644,32670.9154,5.709,43263.4057,5.7395,44503.9117,5.8529,61277.8905,5.8428,73444.4202
20161013,002607.SZ,5.7521,5.8946,5.7165,5.8488,5.7317,0.11709999999999976,2.043,49638.82,56343.8121,1.848,1.51,5.7338,37817.968,5.6595,34918.528,5.657,34050.2492,5.7085,42255.2314,5.7397,43734.332,5.8489,60898.9885,5.8355,73136.1758
20161014,002607.SZ,5.8183,5.8488,5.7012,5.7521,5.8488,-0.09669999999999934,-1.6533,38782.68,43850.9425,1.4439,1.03,5.7592,40478.218,5.6681,35648.075,5.6656,34630.9331,5.7,40933.0405,5.7329,42409.9393,5.8444,60273.622,5.8263,72563.089
20161017,002607.SZ,5.7521,5.7725,5.6401,5.6503,5.7521,-0.10180000000000078,-1.7698,34828.75,39070.1419,1.2967,0.86,5.7439,39746.968,5.6768,34562.624,5.6664,35420.4254,5.6896,39757.1395,5.7284,41464.2073,5.838,60022.3522,5.814,71233.5547
20161018,002607.SZ,5.6045,5.7776,5.5994,5.7572,5.6503,0.10690000000000044,1.8919,56082.09,63288.1567,2.0879,1.41,5.748,42027.456,5.6936,36716.301,5.6734,36836.8308,5.6784,38607.4452,5.7265,41975.2787,5.8348,59998.3682,5.8037,70803.6789
20161019,002607.SZ,5.7725,5.7979,5.7012,5.747,5.7572,-0.010200000000000209,-0.1772,46959.39,53019.6051,1.7483,1.12,5.7511,45258.346,5.7129,39031.742,5.6797,38026.9985,5.6704,37416.71,5.7244,42571.337,5.8316,60132.5805,5.7983,69939.4968
20161020,002607.SZ,5.7572,5.7979,5.7267,5.7521,5.747,0.0051000000000005485,0.0887,36427.98,41197.0403,1.3562,0.8,5.7317,42616.178,5.7328,40217.073,5.6941,37315.0538,5.6755,35767.2762,5.7221,42537.5443,5.8275,60069.8392,5.7945,69583.0868
20161021,002607.SZ,5.7521,5.7776,5.6503,5.7165,5.7521,-0.03560000000000052,-0.6189,39776.4,44647.9104,1.4809,0.93,5.7246,42814.922,5.7419,41646.57,5.7039,37717.4446,5.6784,35996.1576,5.7204,42718.6537,5.8211,59334.1017,5.7902,69384.7169
20161024,002607.SZ,5.691,5.7877,5.6808,5.7674,5.7165,0.05090000000000039,0.8904,40896.02,46218.667,1.5225,0.96,5.748,44028.376,5.746,41887.672,5.7204,39032.14,5.684,36576.8586,5.7204,42831.4127,5.8164,59091.6338,5.7875,69237.1326
20161025,002607.SZ,5.7572,5.8488,5.7521,5.8132,5.7674,0.04579999999999984,0.7941,48521.24,55430.1143,1.8064,1.1,5.7592,42516.206,5.7536,42271.831,5.7404,40874.1838,5.6903,37377.5138,5.7231,43348.163,5.8024,56292.014,5.7843,69231.6774
20161026,002607.SZ,5.8183,5.8794,5.7776,5.8336,5.8132,0.02039999999999953,0.3509,55689.21,63789.0642,2.0733,1.31,5.7766,44262.17,5.7638,44760.258,5.7564,43197.8592,5.6995,38542.0576,5.7222,42844.1207,5.7909,53133.9262,5.7812,69168.7937
20161027,002607.SZ,5.8285,5.8895,5.8132,5.8336,5.8336,0.0,0.0,73208.19,84229.5662,2.7255,1.65,5.7929,51618.212,5.7623,47117.195,5.7646,45868.8738,5.7087,40858.3833,5.719,43066.104,5.7801,52278.4317,5.7778,69222.2262
20161028,002607.SZ,5.8794,5.8794,5.7216,5.7267,5.8336,-0.10689999999999955,-1.8325,55308.48,62913.2788,2.0591,1.07,5.7949,54724.628,5.7598,48769.775,5.7639,46686.4762,5.7116,41698.3671,5.7143,42925.631,5.7765,50611.2203,5.7736,69233.6035
20161031,002607.SZ,5.7216,5.9404,5.6808,5.9048,5.7267,0.1780999999999997,3.11,91083.93,104665.573,3.391,1.66,5.8224,64762.21,5.7852,54395.293,5.7772,51323.3215,5.723,44536.3062,5.7114,43287.573,5.777,50641.5322,5.7692,69329.2152
20161101,002607.SZ,5.9048,5.9914,5.859,5.9354,5.9048,0.03059999999999974,0.5182,64402.32,74732.387,2.3977,0.99,5.8468,67938.426,5.803,55227.316,5.7838,52458.9754,5.7407,45427.69,5.7121,43035.4893,5.7778,50690.9607,5.7657,69162.2002
20161102,002607.SZ,5.9404,5.9608,5.8641,5.8845,5.9354,-0.0508999999999995,-0.8576,49072.83,56763.478,1.827,0.72,5.857,66615.15,5.8168,55438.66,5.794,53250.5254,5.7548,46119.4762,5.72,42302.3807,5.7765,49870.3187,5.7617,69014.082
20161103,002607.SZ,5.8539,5.9404,5.8539,5.8845,5.8845,0.0,0.0,49163.27,56963.375,1.8303,0.74,5.8672,61806.166,5.83,56712.189,5.812,54353.1808,5.7705,47327.0138,5.7277,42775.4933,5.7759,49421.4318,5.7613,68470.2415
20161104,002607.SZ,5.8539,5.9914,5.8539,5.9761,5.8845,0.09159999999999968,1.5566,59679.58,69302.158,2.2219,0.97,5.9171,62680.386,5.856,58702.507,5.8289,54629.9108,5.7907,48998.6762,5.7385,43808.1027,5.7768,49521.8482,5.765,68271.2304
20161107,002607.SZ,5.9761,6.0881,5.9404,5.971,5.9761,-0.00509999999999966,-0.0853,76400.69,90243.314,2.8444,1.22,5.9303,59743.738,5.8763,62252.974,5.8461,56894.6262,5.8071,51423.4029,5.7482,45297.8763,5.7779,49957.2405,5.7684,68472.0399
20161108,002607.SZ,5.9812,6.0626,5.9303,6.0015,5.971,0.03049999999999997,0.5108,52719.11,62229.692,1.9627,0.88,5.9435,57407.096,5.8952,62672.761,5.8653,58147.79,5.8202,52101.2176,5.7603,46014.0537,5.7811,49997.8,5.7725,68544.4716
20161109,002607.SZ,5.9812,6.0066,5.7623,5.8946,6.0015,-0.10690000000000044,-1.7812,57644.27,66688.831,2.1461,1.0,5.9455,59121.384,5.9013,62868.267,5.879,59522.2415,5.8277,52718.5805,5.7687,47116.6843,5.7835,49984.3142,5.7765,68581.573
20161110,002607.SZ,5.9303,6.0321,5.9201,5.9659,5.8946,0.07130000000000081,1.2096,58774.94,69037.688,2.1882,0.99,5.9618,61043.718,5.9145,61424.942,5.8943,60897.5431,5.8389,54050.4852,5.7788,47820.2217,5.7861,50188.3237,5.7821,68605.0642
20161111,002607.SZ,5.9557,5.9964,5.8845,5.8946,5.9659,-0.07130000000000081,-1.1951,56598.09,65841.121,2.1071,0.93,5.9455,60427.42,5.9313,61553.903,5.9005,61518.8392,5.8411,54381.879,5.7864,48657.251,5.7886,50423.7658,5.7852,68576.4735
20161114,002607.SZ,5.915,6.0779,5.8946,6.0219,5.8946,0.12729999999999997,2.1596,84165.55,99284.568,3.1335,1.39,5.9557,61980.392,5.943,60862.065,5.915,63709.3269,5.8539,56542.9681,5.8017,49939.994,5.7945,50921.552,5.7903,68576.4834
20161115,002607.SZ,6.0066,6.0372,5.9506,6.027,6.0219,0.0051000000000005485,0.0847,58580.95,68910.682,2.181,0.95,5.9608,63152.76,5.9522,60279.928,5.9299,62584.1546,5.8719,57674.0252,5.8162,50741.1817,5.8002,51211.0867,5.7976,68493.8181
20161116,002607.SZ,6.0524,6.2764,6.0066,6.1441,6.027,0.11709999999999976,1.9429,121931.73,147557.7,4.5395,1.93,6.0107,76010.252,5.9781,67565.818,5.962,67709.02,5.8903,60809.7224,5.8359,54012.0733,5.8056,52238.4752,5.8055,69000.9023
20161117,002607.SZ,6.1084,6.1542,6.0117,6.1288,6.1441,-0.01529999999999987,-0.249,57440.77,68748.198,2.1385,0.76,6.0433,75743.418,6.0026,68393.568,5.9792,65121.0846,5.9085,61308.8357,5.8551,55107.61,5.8102,52214.1493,5.8129,69009.3664
20161118,002607.SZ,6.1084,6.2611,6.0779,6.1492,6.1288,0.020400000000000418,0.3329,80479.64,97767.691,2.9962,1.06,6.0942,80519.728,6.0199,70473.574,5.9957,66357.8015,5.9274,63406.5338,5.8726,56940.8837,5.8158,52795.5455,5.8195,69155.5085
20161121,002607.SZ,6.2001,6.4393,6.1695,6.2764,6.1492,0.1271999999999993,2.0686,113339.91,140126.972,4.2196,1.41,6.1451,86354.6,6.0504,74167.496,6.0258,71301.4231,5.954,66909.5581,5.8909,59436.0473,5.8231,53661.3015,5.8266,69346.1786
20161122,002607.SZ,6.2713,6.3935,6.2255,6.3782,6.2764,0.10179999999999989,1.6219,97192.9,120686.629,3.6185,1.13,6.2153,94076.99,6.0881,78614.875,6.0638,74996.01,5.9831,69590.3619,5.9123,61186.489,5.8292,53648.1048,5.8351,69647.0758
20161123,002607.SZ,6.3528,6.3833,6.251,6.2866,6.3782,-0.09159999999999968,-1.4361,92157.4,114408.378,3.431,0.98,6.2438,88122.124,6.1273,82066.188,6.0877,77494.3038,6.0057,71668.2743,5.9308,63231.571,5.8352,53867.7413,5.8429,69926.6736
20161124,002607.SZ,6.3273,6.5869,6.2866,6.3629,6.2866,0.07629999999999981,1.2137,95514.73,120419.081,3.556,1.08,6.2907,95736.916,6.167,85740.167,6.1178,78964.6146,6.0309,73564.7276,5.9479,64760.768,5.8438,54247.55,5.8513,70353.2998
20161125,002607.SZ,6.3629,6.5055,6.2153,6.4546,6.3629,0.09170000000000034,1.4412,95313.76,119465.624,3.5485,1.0,6.3517,98703.74,6.223,89611.734,6.1527,82241.1262,6.0604,74617.3738,5.9713,66645.1373,5.8521,54527.5383,5.8606,70741.123
20161128,002607.SZ,6.4393,6.5055,6.2102,6.2408,6.4546,-0.2138,-3.3124,82459.02,102468.123,3.0699,0.84,6.3446,92527.562,6.2449,89441.081,6.1793,84149.9531,6.0849,75910.2567,5.991,68232.813,5.8597,54848.5102,5.866,70580.1782
20161129,002607.SZ,6.2255,6.4495,6.1644,6.3833,6.2408,0.14250000000000007,2.2834,117057.16,145040.404,4.358,1.27,6.3456,96500.414,6.2805,95288.702,6.2114,88633.2008,6.1077,77147.0771,6.0119,70265.3153,5.8692,56120.297,5.8725,70436.1519
20161130,002607.SZ,6.3629,6.3629,6.1746,6.2051,6.3833,-0.17820000000000036,-2.7917,65796.0,80898.705,2.4496,0.68,6.3293,91228.134,6.2866,89675.129,6.2353,89340.7323,6.1206,77213.4429,6.0272,70893.2023,5.8758,56732.2697,5.8772,70300.0426
20161201,002607.SZ,6.2102,6.2713,6.0677,6.1441,6.2051,-0.06099999999999994,-0.9831,69813.43,84535.227,2.5991,0.77,6.2856,86087.874,6.2881,90912.395,6.2447,88236.7231,6.1329,78201.0905,6.0402,72006.0507,5.8812,57271.7975,5.8817,70352.4869
20161202,002607.SZ,6.1492,6.1899,5.8845,5.9303,6.1441,-0.2138,-3.4798,82712.35,97542.257,3.0794,0.96,6.1807,83567.592,6.2662,91135.666,6.2373,90092.9846,6.1351,79798.6657,6.0474,73437.249,5.8839,58077.9513,5.8844,70612.5697
20161205,002607.SZ,5.8895,5.9608,5.7776,5.8285,5.9303,-0.10179999999999989,-1.7166,56687.18,65351.639,2.1105,0.68,6.0983,78413.224,6.2214,85470.393,6.213,85074.1731,6.1281,79656.1705,6.0494,73963.621,5.8849,58397.5168,5.884,69988.7402
20161206,002607.SZ,5.8641,5.9201,5.8081,5.8336,5.8285,0.00509999999999966,0.0875,42624.54,48994.762,1.5869,0.54,5.9883,63526.7,6.167,80013.557,6.1903,83934.4631,6.1215,78047.7824,6.0501,73767.0643,5.8866,58557.6137,5.8851,69612.6557
20161207,002607.SZ,5.8539,5.9761,5.7776,5.9455,5.8336,0.11190000000000033,1.9182,52430.86,60843.019,1.952,0.83,5.9364,60853.672,6.1329,76040.903,6.1746,81776.8646,6.1189,78034.0562,6.0538,73658.4527,5.888,58251.2867,5.8911,69407.6472
20161208,002607.SZ,5.9557,5.9557,5.803,5.8081,5.9455,-0.1374000000000004,-2.311,46580.14,53725.419,1.7342,0.77,5.8692,56207.014,6.0774,71147.444,6.1386,76641.4977,6.1147,77507.1929,6.053,72770.851,5.886,57918.4775,5.8946,69150.1919
20161209,002607.SZ,5.8183,5.8743,5.7216,5.7674,5.8081,-0.04069999999999929,-0.7007,44208.07,50340.261,1.6459,0.79,5.8366,48506.158,6.0087,66036.875,6.0916,72565.7415,6.1053,76813.5324,6.0543,72400.8373,5.8843,57663.2342,5.8957,68651.0858
20161212,002607.SZ,5.747,5.7877,5.2329,5.2482,5.7674,-0.5192000000000005,-9.0023,115605.49,124127.218,4.304,2.38,5.7206,60289.82,5.9094,69351.522,6.0117,74369.4408,6.0745,79623.4086,6.0324,73218.2227,5.8719,58252.8978,5.8908,68493.9889
20161213,002607.SZ,5.2838,5.4009,5.2023,5.35,5.2482,0.10179999999999989,1.9397,49316.86,51411.155,1.8361,0.82,5.6238,61628.284,5.8061,62577.492,5.9338,70815.7585,6.0425,77963.9471,6.0129,72715.374,5.8625,57875.4317,5.8872,68024.7944
20161214,002607.SZ,5.3398,5.35,5.2278,5.2583,5.35,-0.09169999999999945,-1.714,34861.09,36276.763,1.2979,0.57,5.4864,58114.33,5.7114,59484.001,5.8418,66165.5531,6.0059,76834.43,5.992,72241.6493,5.856,57272.015,5.8831,67747.6925
20161215,002607.SZ,5.2634,5.4009,5.2278,5.3347,5.2583,0.07639999999999958,1.4529,40096.51,41996.077,1.4928,0.69,5.3917,56817.604,5.6305,56512.309,5.7721,62906.8985,5.9674,72937.5148,5.9737,71939.424,5.8507,57357.4587,5.8811,67303.4281
20161216,002607.SZ,5.3652,5.4925,5.3347,5.467,5.3347,0.13229999999999986,2.48,44911.84,47995.173,1.6721,0.79,5.3316,56958.358,5.5841,52732.258,5.7016,57357.2585,5.9358,72340.899,5.9567,71447.166,5.8476,57627.6343,5.8795,67257.6187
20161219,002607.SZ,5.462,5.462,5.3703,5.4111,5.467,-0.055899999999999395,-1.0225,30823.47,32723.994,1.1476,0.54,5.3642,40001.954,5.5424,50145.887,5.6405,54667.0638,5.9007,69976.3195,5.9381,69927.9253,5.8431,57612.9008,5.8777,67022.4567
20161220,002607.SZ,5.4365,5.4365,5.3347,5.3805,5.4111,-0.030600000000000627,-0.5655,25870.12,27257.41,0.9631,0.65,5.3703,35312.606,5.4971,48470.445,5.5818,51286.8092,5.858,65811.0914,5.9174,69032.959,5.8388,57523.5063,5.8755,66563.4672
20161221,002607.SZ,5.3856,5.467,5.3856,5.4212,5.3805,0.04070000000000018,0.7564,33216.44,35374.75,1.2366,0.94,5.4029,34983.676,5.4447,46549.003,5.5426,47479.4315,5.8125,62764.5933,5.9016,68218.698,5.8352,57667.6912,5.873,66185.453
20161222,002607.SZ,5.4212,5.6452,5.3601,5.5281,5.4212,0.10690000000000044,1.9719,65213.02,70692.083,2.4279,1.86,5.4416,40006.978,5.4167,48412.291,5.5195,48135.2654,5.7763,61481.5276,5.887,68433.3007,5.8329,58126.7612,5.8697,65664.5813
20161223,002607.SZ,5.467,5.5383,5.35,5.3754,5.5281,-0.15270000000000028,-2.7623,39400.13,41908.304,1.4669,0.98,5.4233,38904.636,5.3775,47931.497,5.4843,47887.2338,5.7293,58809.4038,5.8697,67860.0353,5.828,58258.6432,5.8658,64933.0366
20161226,002607.SZ,5.3754,5.4263,5.294,5.4009,5.3754,0.025500000000000078,0.4744,31937.66,33614.599,1.189,0.82,5.4212,39127.474,5.3927,39564.714,5.4424,46310.8338,5.6791,55791.4943,5.849,66119.1057,5.8253,58029.5498,5.8621,64108.6841
20161227,002607.SZ,5.3703,5.4416,5.3551,5.406,5.4009,0.00509999999999966,0.0944,25343.96,26934.072,0.9436,0.65,5.4263,39022.242,5.3983,37167.424,5.4114,44677.2815,5.6394,53071.7295,5.8283,65011.206,5.8223,57876.1938,5.8579,63080.8363
20161228,002607.SZ,5.4161,5.4772,5.3907,5.4212,5.406,0.015200000000000102,0.2812,33099.4,35307.577,1.2323,0.85,5.4263,38998.834,5.4146,36991.255,5.3848,43822.7685,5.5936,49073.741,5.8042,62050.1283,5.8201,58031.1008,5.8529,62390.8813
20161229,002607.SZ,5.4111,5.462,5.3754,5.4111,5.4212,-0.010099999999999554,-0.1863,30059.92,32022.408,1.1191,0.77,5.4029,31968.214,5.4223,35987.596,5.3973,37242.34,5.5558,47372.0229,5.7803,61137.4333,5.8177,58122.5217,5.8464,61363.2991
20161230,002607.SZ,5.4111,5.467,5.3958,5.4212,5.4111,0.010099999999999554,0.1867,24222.3,25827.5,0.9018,0.76,5.4121,28932.648,5.4177,33918.642,5.4028,35311.9892,5.5213,45201.0167,5.756,59262.1887,5.8143,58101.5362,5.8406,60743.8458
20170103,002607.SZ,5.4314,5.5689,5.4314,5.5383,5.4212,0.11709999999999976,2.16,56235.18,61101.657,2.0936,1.94,5.4396,33792.152,5.4304,36459.813,5.4244,36956.15,5.5027,43940.199,5.7314,57358.6977,5.8112,58397.3725,5.8366,60421.8121
20170104,002607.SZ,5.5485,5.635,5.5027,5.6248,5.5383,0.08650000000000002,1.5619,41414.12,45463.271,1.5418,1.23,5.4833,37006.184,5.4548,38014.213,5.4467,37057.5046,5.493,43212.9105,5.7063,55499.405,5.8093,58342.947,5.833,60109.4651
20170105,002607.SZ,5.6248,5.6452,5.5485,5.5689,5.6248,-0.055899999999999395,-0.9938,32151.0,35295.29,1.197,0.87,5.5129,36816.504,5.4696,37907.669,5.4545,36075.9015,5.4804,42714.1705,5.6824,53499.1917,5.8066,58365.3813,5.8297,59821.6359
20170106,002607.SZ,5.579,5.6198,5.5434,5.5994,5.5689,0.03049999999999997,0.5477,31881.73,35017.096,1.1869,0.87,5.5505,37180.866,5.4767,34574.54,5.469,36157.3062,5.4639,41735.6405,5.6569,51378.0917,5.8024,58069.4298,5.8257,59484.2092
20170109,002607.SZ,5.5892,5.6248,5.523,5.5943,5.5994,-0.0051000000000005485,-0.0911,33762.1,36908.642,1.257,0.91,5.5851,39088.826,5.4986,34010.737,5.4854,36764.3815,5.4537,41125.2576,5.6282,49326.3697,5.7998,57985.7535,5.8221,59129.6877
20170110,002607.SZ,5.579,5.6401,5.5536,5.5943,5.5943,0.0,0.0,30814.93,33879.817,1.1472,0.79,5.5963,34004.776,5.518,33898.464,5.4988,36579.65,5.4455,40487.489,5.6067,47604.9,5.7989,57918.8565,5.8185,58970.6043
20170111,002607.SZ,5.5689,5.6248,5.5281,5.5383,5.5943,-0.05600000000000005,-1.001,22662.31,24774.224,0.8437,0.67,5.579,30254.414,5.5312,33630.299,5.4995,33306.5185,5.4593,36061.6233,5.5785,44458.405,5.7952,57361.8602,5.815,58680.1142
20170112,002607.SZ,5.5383,5.5841,5.4518,5.4721,5.5383,-0.06619999999999937,-1.1953,21376.74,23179.661,0.7959,0.71,5.5597,28099.562,5.5363,32458.033,5.507,31920.1038,5.4651,34731.1414,5.5541,42977.763,5.7906,56935.4827,5.8111,58534.0316
20170113,002607.SZ,5.4314,5.4925,5.35,5.3754,5.4721,-0.09670000000000023,-1.7671,25037.84,26725.065,0.9322,0.89,5.5149,26730.784,5.5327,31955.825,5.505,31389.3485,5.4707,34263.3676,5.5285,41485.2433,5.7843,56745.647,5.8059,58407.7431
20170116,002607.SZ,5.2991,5.3754,4.8358,5.014,5.3754,-0.3613999999999997,-6.7232,51491.47,51771.216,1.917,1.93,5.3988,30276.658,5.492,34682.742,5.4749,33400.6954,5.4554,34805.9848,5.4979,40444.5473,5.7726,56940.8982,5.7969,58137.4999
20170117,002607.SZ,5.0089,5.1362,4.8918,5.1005,5.014,0.08650000000000002,1.7252,28382.27,27959.405,1.0567,0.94,5.3001,29790.126,5.4482,31897.451,5.4502,33037.8392,5.438,34018.8624,5.4737,39501.0503,5.7615,56732.3357,5.789,57911.9847
20170118,002607.SZ,5.1005,5.1209,5.0395,5.0598,5.1005,-0.04070000000000018,-0.798,17547.85,17504.666,0.6533,0.59,5.2044,28767.234,5.3917,29510.824,5.4232,32075.3723,5.4212,33386.69,5.4479,38665.1607,5.749,56216.1125,5.7757,56254.0632
20170119,002607.SZ,5.0598,5.0598,4.9478,5.0191,5.0598,-0.04070000000000018,-0.8044,20784.47,20394.217,0.7738,0.72,5.1138,28648.78,5.3367,28374.171,5.3922,31810.9238,5.404,33144.5162,5.417,37610.281,5.7354,55634.3668,5.7631,54384.1465
20170120,002607.SZ,5.0344,5.1871,4.9784,5.1056,5.0191,0.08650000000000002,1.7234,27759.72,27878.904,1.0335,0.97,5.0598,29193.156,5.2873,27961.97,5.359,29620.5038,5.389,32884.6724,5.3936,36982.9337,5.7233,54876.8923,5.7517,53577.662
20170123,002607.SZ,5.1005,5.3449,5.1005,5.294,5.1056,0.18839999999999968,3.6901,41739.13,43106.079,1.5539,1.43,5.1158,27242.688,5.2573,28759.673,5.3335,29645.5046,5.3778,31766.8681,5.3778,36900.6357,5.716,54650.7365,5.7463,52630.9784
20170124,002607.SZ,5.2838,5.4212,5.2431,5.294,5.294,0.0,0.0,32371.9,33883.331,1.2052,1.19,5.1545,28040.614,5.2273,28915.37,5.3124,29662.4969,5.374,31432.1905,5.3793,34126.1827,5.7059,53672.2027,5.7414,52156.8674
20170125,002607.SZ,5.2685,5.3398,5.2685,5.2838,5.294,-0.01019999999999932,-0.1927,15381.51,16036.774,0.5727,0.55,5.1993,27607.346,5.2018,28187.29,5.2881,28393.2492,5.3684,30643.8024,5.3771,32995.0043,5.695,52855.1892,5.7364,51773.0749
20170126,002607.SZ,5.3245,5.3703,5.2787,5.3449,5.2838,0.06109999999999971,1.1564,12438.5,13050.643,0.4631,0.45,5.2645,25938.152,5.1891,27293.466,5.2689,26752.9723,5.3655,30029.2567,5.38,32247.5847,5.686,52244.617,5.7312,51057.4678
20170203,002607.SZ,5.3398,5.3907,5.3245,5.3449,5.3449,0.0,0.0,13134.17,13806.116,0.489,0.51,5.3123,23013.042,5.1861,26103.099,5.2497,25392.9138,5.3618,29078.5314,5.3803,31348.84,5.677,51644.132,5.7264,50532.7819
20170206,002607.SZ,5.3398,5.406,5.3245,5.3805,5.3449,0.03559999999999963,0.6661,31925.76,33673.562,1.1886,1.39,5.3296,21050.368,5.2227,24146.528,5.2376,26105.4869,5.3604,29167.381,5.3775,30915.9707,5.6671,51181.5683,5.7219,50351.7082
20170207,002607.SZ,5.4009,5.4009,5.2583,5.3347,5.3805,-0.04579999999999984,-0.8512,19085.33,19953.981,0.7105,0.91,5.3378,18393.054,5.2461,23216.834,5.227,25929.2246,5.3563,28922.7633,5.3749,30524.6993,5.6565,50226.3123,5.7172,50091.7764
20170208,002607.SZ,5.3296,5.3754,5.3042,5.3754,5.3347,0.04070000000000018,0.7629,18464.31,19401.226,0.6874,1.0,5.3561,19009.614,5.2777,23308.48,5.227,25423.5685,5.3485,27124.1505,5.3747,30277.839,5.6461,49655.399,5.7136,49826.5995
20170209,002607.SZ,5.3703,5.4518,5.3449,5.4365,5.3754,0.06109999999999971,1.1367,25341.66,27003.7,0.9435,1.33,5.3744,21590.246,5.3194,23764.199,5.2595,23412.0446,5.3395,26358.7952,5.3752,30015.3463,5.6384,49117.0222,5.711,49550.6682
20170210,002607.SZ,5.4416,5.4823,5.3754,5.406,5.4365,-0.03049999999999997,-0.561,28287.02,30120.64,1.0531,1.31,5.3866,24620.816,5.3495,23816.929,5.283,23404.7177,5.3318,26174.7962,5.3712,28784.4797,5.6291,48608.8902,5.7076,49398.6069
20170213,002607.SZ,5.4009,5.4569,5.3652,5.4314,5.406,0.02540000000000031,0.4698,27943.21,29730.001,1.0403,1.13,5.3968,23824.306,5.3632,22437.337,5.3116,24204.3608,5.3238,25987.2476,5.373,28402.5823,5.6214,48131.3088,5.705,49277.5373
20170214,002607.SZ,5.4263,5.4518,5.3754,5.3907,5.4314,-0.04070000000000018,-0.7493,22000.08,23403.343,0.8191,0.92,5.408,24407.256,5.3729,21400.155,5.3402,24297.8692,5.3141,25427.1514,5.3727,28071.3297,5.6108,47095.2177,5.7027,49008.3848
20170215,002607.SZ,5.3703,5.4161,5.294,5.3143,5.3907,-0.07639999999999958,-1.4173,27031.23,28505.795,1.0064,1.11,5.3958,26120.64,5.3759,22565.127,5.3562,24241.8315,5.3008,25246.9752,5.3696,28127.572,5.599,46569.389,5.6996,48890.2378
20170216,002607.SZ,5.3143,5.3601,5.2838,5.3449,5.3143,0.03059999999999974,0.5758,23008.74,24093.989,0.8566,0.88,5.3775,25654.056,5.3759,23622.151,5.3602,22801.0323,5.2915,25263.4719,5.3671,27791.2167,5.5857,44920.6725,5.6956,48579.5738
20170217,002607.SZ,5.3449,5.3754,5.2227,5.2685,5.3449,-0.07639999999999958,-1.4294,25966.87,27034.729,0.9667,1.01,5.35,25190.026,5.3683,24905.421,5.3582,22308.3377,5.2819,25482.0495,5.3623,27654.7817,5.5713,44396.1075,5.6908,48305.1284
20170220,002607.SZ,5.294,5.3703,4.9886,5.3601,5.2685,0.09159999999999968,1.7386,41348.25,43099.001,1.5394,1.64,5.3357,27871.034,5.3663,25847.67,5.3641,24305.7792,5.2811,26258.7357,5.3603,28225.6467,5.5582,43743.9177,5.687,48269.7316
20170221,002607.SZ,5.3652,5.4365,5.3551,5.4212,5.3601,0.06109999999999971,1.1399,40240.18,42656.084,1.4981,1.44,5.3418,31519.054,5.3749,27963.155,5.3699,26444.37,5.3005,25722.96,5.3564,27692.48,5.5439,42525.5888,5.6835,48093.4452
20170222,002607.SZ,5.4212,5.467,5.3703,5.4263,5.4212,0.0051000000000005485,0.0941,27923.15,29680.651,1.0396,0.89,5.3642,31697.438,5.38,28909.039,5.3762,27581.9838,5.316,25701.0971,5.3498,27242.781,5.528,41371.093,5.6786,47509.5989
20170223,002607.SZ,5.4263,5.4314,5.3398,5.3856,5.4263,-0.04070000000000018,-0.7501,25883.27,27332.988,0.9636,0.82,5.3723,32272.344,5.3749,28963.2,5.3766,27117.1769,5.3315,26098.0219,5.3437,27033.8567,5.513,40266.5242,5.6741,47067.1327
20170224,002607.SZ,5.3856,5.4009,5.3551,5.3805,5.3856,-0.0051000000000005485,-0.0947,32519.29,34328.711,1.2107,1.01,5.3947,33582.828,5.3724,29386.427,5.3801,28150.5585,5.3488,26656.8229,5.3364,27055.1087,5.4967,39216.6002,5.6702,46732.0751
20170227,002607.SZ,5.3805,5.4823,5.3449,5.4416,5.3805,0.0611000000000006,1.1356,58528.41,62501.816,2.179,1.74,5.411,37018.86,5.3734,32444.947,5.3852,31232.4123,5.3648,28121.9986,5.3313,27880.6523,5.4798,38603.511,5.666,46565.5247
20170228,002607.SZ,5.4314,5.4721,5.3907,5.4416,5.4416,0.0,0.0,33066.67,35278.387,1.2311,0.89,5.4151,35584.158,5.3785,33551.606,5.3856,31826.6438,5.3718,27709.0243,5.3262,27955.7103,5.4664,37780.3052,5.6631,46314.4077
20170301,002607.SZ,5.4569,5.579,5.4212,5.5027,5.4416,0.06109999999999971,1.1228,57145.55,62074.77,2.1275,1.61,5.4304,41428.638,5.3973,36563.038,5.393,34046.5308,5.3817,28888.7219,5.325,29105.1517,5.4518,36781.7783,5.6605,46451.0377
20170302,002607.SZ,5.5027,5.7776,5.462,5.6656,5.5027,0.1629000000000005,2.9604,64243.11,70581.341,2.3918,1.55,5.4864,49100.606,5.4294,40686.475,5.411,36838.8308,5.3999,31215.4648,5.3315,30534.0307,5.4428,36755.8968,5.6593,46744.0832
20170303,002607.SZ,5.6045,5.7063,5.523,5.5587,5.6656,-0.10690000000000044,-1.8868,74299.66,81427.695,2.7662,1.51,5.522,57456.68,5.4584,45519.754,5.424,40861.8754,5.4101,34161.2343,5.3376,32176.0913,5.433,36830.6673,5.6571,47051.2324
20170306,002607.SZ,5.523,5.5689,5.4823,5.523,5.5587,-0.03570000000000029,-0.6422,69254.54,74988.828,2.5783,1.21,5.5383,59601.906,5.4747,48310.383,5.44,44109.8223,5.4186,36833.6329,5.3545,32768.1937,5.4262,36606.3705,5.6551,47342.1609
20170307,002607.SZ,5.5332,5.5434,5.4161,5.4161,5.523,-0.10689999999999955,-1.9355,78199.92,83908.451,2.9114,1.31,5.5332,68628.556,5.4742,52106.357,5.4455,48355.2977,5.4203,39037.1643,5.3651,34428.782,5.4194,36964.9162,5.6521,47681.2165
20170308,002607.SZ,5.4009,5.4467,5.3958,5.4263,5.4161,0.010200000000000209,0.1883,33437.28,35620.741,1.2449,0.49,5.5179,63886.902,5.4742,52657.77,5.4576,48929.9446,5.4246,39720.5905,5.3773,34958.4297,5.4126,36811.7952,5.6496,47684.7044
20170309,002607.SZ,5.4263,5.4365,5.294,5.3042,5.4263,-0.12210000000000054,-2.2502,43122.36,45236.741,1.6054,0.67,5.4457,59662.752,5.466,54381.679,5.4533,49066.4146,5.4212,40894.7833,5.3868,35703.026,5.4019,36656.6535,5.645,47453.9701
20170310,002607.SZ,5.3042,5.3601,5.2889,5.3347,5.3042,0.03049999999999997,0.575,29017.19,30351.532,1.0803,0.49,5.4009,50606.258,5.4615,54031.469,5.4467,48203.1077,5.4164,41069.8086,5.3944,35744.9417,5.394,36363.9377,5.64,47141.2076
20170313,002607.SZ,5.3398,5.3754,5.2482,5.3551,5.3347,0.020400000000000418,0.3824,35472.08,37018.63,1.3206,0.7,5.3673,43849.766,5.4528,51725.836,5.4412,48783.7946,5.414,41411.9543,5.3965,35536.04,5.3871,36218.3378,5.6357,46940.786
20170314,002607.SZ,5.3652,5.5383,5.2889,5.3601,5.3551,0.004999999999999893,0.0934,67569.16,71456.256,2.5156,1.54,5.3561,41723.614,5.4447,55176.085,5.4392,51990.4015,5.4106,43298.9043,5.3987,36709.282,5.389,35417.7323,5.6304,46835.3151
20170315,002607.SZ,5.3296,5.3601,5.2583,5.2991,5.3601,-0.06099999999999994,-1.138,41348.4,43085.388,1.5394,0.99,5.3306,43305.838,5.4243,53596.37,5.433,52669.5638,5.4062,44220.2529,5.3992,37574.845,5.3881,35284.9247,5.6253,46580.1782
20170316,002607.SZ,5.294,5.3958,5.294,5.3601,5.2991,0.06099999999999994,1.1511,43085.99,45415.687,1.6041,0.99,5.3418,43298.564,5.3937,51480.658,5.4267,51481.6854,5.4084,44984.7652,5.3997,38596.428,5.3898,35422.0063,5.6229,46347.0107
20170317,002607.SZ,5.3601,5.4161,5.3245,5.3754,5.3601,0.01529999999999987,0.2854,55737.35,58943.715,2.0751,1.29,5.35,48642.596,5.3754,49624.427,5.4216,53225.5838,5.4098,46543.2705,5.4007,40016.534,5.3905,35682.687,5.6206,46520.0728
20170320,002607.SZ,5.3805,5.4161,5.2991,5.3703,5.3754,-0.00509999999999966,-0.0949,32184.15,33903.591,1.1982,0.66,5.353,47985.01,5.3601,45917.388,5.4114,51305.4762,5.4147,46839.3314,5.4004,40025.147,5.3889,35470.5588,5.6183,46549.0966
20170321,002607.SZ,5.3703,5.5027,5.3449,5.4976,5.3703,0.12729999999999997,2.3704,74395.2,79316.776,2.7697,1.55,5.3805,49350.218,5.3683,45536.916,5.3985,52086.4062,5.4212,48412.9957,5.4058,41868.8093,5.3903,36196.7543,5.6167,46904.8276
20170322,002607.SZ,5.5129,5.6757,5.4721,5.6605,5.4976,0.1628999999999996,2.9631,166088.31,182638.588,6.1834,3.37,5.4528,74298.2,5.3917,58802.019,5.4063,59147.0715,5.4326,54405.7638,5.4153,46789.6093,5.395,38533.7242,5.6169,48028.6152
20170323,002607.SZ,5.6503,6.2255,5.6503,6.2255,5.6605,0.5650000000000004,9.9815,351107.8,416730.684,13.0717,4.73,5.6259,135902.562,5.4838,89600.563,5.4604,80828.0915,5.4707,69795.509,5.4416,57648.4807,5.4084,43831.9135,5.6218,50749.8023
20170324,002607.SZ,6.1593,6.3629,6.0626,6.2611,6.2255,0.03559999999999963,0.5718,431999.37,523335.251,16.0832,3.18,5.803,211154.966,5.5765,129898.781,5.5254,108043.4338,5.5124,89134.371,5.4701,71105.559,5.4206,49945.0193,5.6268,54035.8902
20170327,002607.SZ,6.1593,6.2917,6.0728,6.1542,6.2611,-0.10689999999999955,-1.7074,331261.84,401854.658,12.3328,1.57,5.9598,270970.504,5.6564,159477.757,5.5814,130953.0154,5.5492,103360.2067,5.4942,81216.18,5.4336,54809.3812,5.6308,56534.0122
20170328,002607.SZ,6.2051,6.3019,5.9659,6.0932,6.1542,-0.06099999999999994,-0.9912,311312.65,376194.046,11.5901,1.15,6.0789,318353.994,5.7297,183852.106,5.6421,151583.0377,5.5802,115397.5514,5.5176,90859.9323,5.4452,59465.631,5.6352,58747.5904
20170329,002607.SZ,6.083,6.139,5.8081,5.8285,6.0932,-0.2647000000000004,-4.3442,278541.12,325239.261,10.37,0.87,6.1125,340844.556,5.7826,207571.378,5.6801,170777.1862,5.5987,127086.811,5.5347,99243.5953,5.4522,63685.5837,5.6372,60780.8887
20170330,002607.SZ,5.8285,5.9048,5.4365,5.4823,5.8285,-0.3461999999999996,-5.9398,263734.12,292037.513,9.8188,0.77,5.9639,323369.82,5.7949,229636.191,5.6898,188335.8046,5.5977,136924.3619,5.5393,107267.7747,5.4532,67529.4957,5.6366,62780.2982
20170331,002607.SZ,5.467,5.4976,5.2685,5.3042,5.4823,-0.1781000000000006,-3.2486,141099.42,148549.133,5.2531,0.44,5.7725,265189.83,5.7877,238172.398,5.6855,193991.9785,5.5805,140584.1862,5.5405,111105.5263,5.4514,69380.154,5.6346,63751.3378
20170405,002607.SZ,5.3092,5.3958,5.2991,5.3551,5.3042,0.05090000000000039,0.9596,101898.35,107108.862,3.7937,0.38,5.6127,219317.132,5.7862,245143.818,5.6898,198649.6669,5.5708,141898.4095,5.5403,113123.863,5.4503,70674.7548,5.6323,64388.1455
20170406,002607.SZ,5.3601,5.3754,5.2074,5.294,5.3551,-0.0611000000000006,-1.141,102476.39,106338.267,3.8152,0.47,5.4528,177549.88,5.7659,247951.937,5.6848,203218.1592,5.5599,143480.4024,5.5361,115198.4033,5.4463,71445.4417,5.6287,64921.4071
20170407,002607.SZ,5.2685,5.2736,5.1922,5.2431,5.294,-0.0508999999999995,-0.9615,82698.74,85025.108,3.0789,0.47,5.3357,138381.404,5.7241,239612.98,5.6746,205292.1123,5.5516,143694.6319,5.53,117024.2563,5.4399,72133.5187,5.6246,65238.2328
20170410,002607.SZ,5.2532,5.3652,5.2431,5.3194,5.2431,0.07629999999999981,1.4552,114842.93,119858.509,4.2756,0.83,5.3032,108603.166,5.6335,215986.493,5.6707,211650.48,5.5466,147571.0914,5.5278,119989.5783,5.4357,73511.7175,5.6212,65938.5494
20170411,002607.SZ,5.2889,5.3703,5.2431,5.3703,5.3194,0.05090000000000039,0.9569,83731.22,86973.846,3.1173,0.77,5.3164,97129.526,5.5444,181159.678,5.6609,212368.6354,5.5497,149504.8467,5.5275,121696.6427,5.4319,74375.8757,5.6172,66222.6527
20170412,002607.SZ,5.3754,5.4161,5.2787,5.2838,5.3703,-0.08650000000000002,-1.6107,76316.63,80345.07,2.8413,0.79,5.3021,92013.182,5.4574,155665.157,5.6319,205463.1215,5.5473,151757.201,5.5222,122289.5833,5.4267,75085.1178,5.6133,66535.4357
20170413,002607.SZ,5.2634,5.2736,5.1922,5.2023,5.2838,-0.08150000000000013,-1.5425,74090.56,75984.134,2.7584,0.81,5.2838,86336.016,5.3683,131942.948,5.5532,184154.1031,5.54,153596.1762,5.5142,123657.0463,5.4202,75806.3783,5.6095,66862.6174
20170414,002607.SZ,5.1769,5.1769,5.0395,5.07,5.2023,-0.13229999999999986,-2.5431,77644.05,77728.018,2.8907,0.9,5.2492,85325.078,5.2925,111853.241,5.4616,156896.0015,5.5262,154075.9329,5.4998,124340.3297,5.4124,76722.7407,5.6038,67042.3004
20170417,002607.SZ,5.0904,5.1056,4.958,5.014,5.07,-0.05600000000000005,-1.1045,44914.12,44378.655,1.6721,0.53,5.1881,71339.316,5.2456,89971.241,5.3739,134869.2538,5.5126,154245.729,5.4781,123696.03,5.4048,77115.0303,5.5977,67025.2565
20170418,002607.SZ,4.9886,5.0496,4.9478,4.9733,5.014,-0.04070000000000018,-0.8117,33236.4,32655.851,1.2374,0.47,5.1087,61240.352,5.2125,79184.939,5.2877,113478.7731,5.4942,153776.701,5.4586,122327.2547,5.3981,77251.673,5.5912,66998.66
20170419,002607.SZ,4.958,4.958,4.6119,4.7646,4.9733,-0.20870000000000033,-4.1964,67291.92,63261.245,2.5053,1.1,5.0048,59435.41,5.1535,75724.296,5.2059,97228.8346,5.4651,154326.9186,5.4333,122261.834,5.3939,77515.0138,5.5833,67227.956
20170420,002607.SZ,4.79,4.8409,4.6831,4.7442,4.7646,-0.02039999999999953,-0.4282,35555.17,33196.243,1.3237,0.6,4.9132,51728.332,5.0985,69032.174,5.1491,79676.6077,5.4353,154487.4433,5.4109,120840.3423,5.388,77634.5622,5.5748,67183.4489
20170421,002607.SZ,4.7595,4.7951,4.6882,4.6984,4.7442,-0.04579999999999984,-0.9654,25904.47,24045.152,0.9644,0.5,4.8389,41380.416,5.044,63352.747,5.1025,70815.4577,5.3972,152178.361,5.3866,120589.2487,5.382,77773.8392,5.5655,66994.9758
20170424,002607.SZ,4.6831,4.6933,4.5151,4.5457,4.6984,-0.15270000000000028,-3.25,31779.47,28578.431,1.1831,0.77,4.7452,38753.486,4.9667,55046.401,5.0402,65421.6977,5.3442,145782.7019,5.3613,120211.1523,5.3741,77957.0892,5.5547,66795.728
20170425,002607.SZ,4.6475,4.9122,4.6475,4.7188,4.5457,0.1730999999999998,3.808,62361.97,58434.713,2.2302,1.61,4.6943,44578.6,4.9015,52909.476,4.996,62335.9731,5.2724,132032.9005,5.3408,121322.645,5.3676,78533.7933,5.5454,66705.3428
20170426,002607.SZ,4.7188,4.8053,4.7086,4.7697,4.7188,0.05090000000000039,1.0787,37358.53,34845.206,1.336,0.84,4.6954,38591.922,4.8501,49013.666,4.9596,58848.2646,5.2014,113240.4795,5.3213,121385.5267,5.3589,78460.7833,5.5375,66555.7599
20170427,002607.SZ,4.7239,4.79,4.6119,4.7493,4.7697,-0.020400000000000418,-0.4277,42773.0,39480.73,1.5297,1.11,4.6964,40035.488,4.8048,45881.91,4.9157,53304.4238,5.1345,99502.9157,5.3009,120558.988,5.3498,78634.135,5.5278,66153.1688
20170428,002607.SZ,4.7391,4.8511,4.7086,4.8257,4.7493,0.07640000000000047,1.6087,34651.08,32660.082,1.2392,0.87,4.7218,41784.81,4.7804,41582.613,4.8738,49529.0285,5.0741,86328.5552,5.2852,120335.744,5.3422,78955.2945,5.5186,65905.2418
20170502,002607.SZ,4.7849,4.8307,4.7595,4.7951,4.8257,-0.030600000000000627,-0.6341,23812.58,22431.064,0.8516,0.57,4.7717,40191.432,4.7585,39472.459,4.8362,45490.2554,5.0249,74198.6248,5.2663,119693.297,5.333,79144.8625,5.5095,65694.7397
20170503,002607.SZ,4.7137,4.8104,4.7137,4.7595,4.7951,-0.03559999999999963,-0.7424,24611.49,23078.759,0.84,0.61,4.7799,32641.336,4.7371,38609.968,4.8022,41684.1731,4.9905,62811.8329,5.2458,118655.7683,5.3232,79336.1512,5.5001,65490.1416
20170504,002607.SZ,4.7798,4.8104,4.7137,4.7239,4.7595,-0.03559999999999963,-0.748,27104.78,25360.598,0.9251,0.83,4.7707,30590.586,4.733,34591.254,4.7756,37796.5369,4.9629,57383.5167,5.2242,118486.456,5.3123,79255.8015,5.4897,65218.6849
20170505,002607.SZ,4.7035,4.7239,4.3624,4.4235,4.7239,-0.30040000000000067,-6.3592,108581.95,96583.969,2.7712,3.55,4.7055,43752.376,4.701,41893.932,4.7301,42694.0623,4.9185,57701.7833,5.1884,119626.0143,5.2971,80747.4118,5.4768,65486.8621
20170508,002607.SZ,4.3523,4.4082,4.1232,4.1283,4.4235,-0.29519999999999946,-6.6734,76926.54,64759.503,1.9633,1.76,4.5661,52207.468,4.644,46996.139,4.6651,46054.8423,4.863,56485.1238,5.1374,116653.9553,5.2763,81721.7823,5.4612,65688.5907
20170509,002607.SZ,4.1334,4.2097,4.0621,4.1995,4.1283,0.07119999999999926,1.7247,67145.79,54590.829,1.7137,1.29,4.4469,60874.11,4.6093,50532.771,4.6217,46043.6015,4.8133,55744.5071,5.0698,107188.555,5.2557,82418.5178,5.4471,65767.77
20170510,002607.SZ,4.1995,4.2403,4.0417,4.0519,4.1995,-0.14759999999999973,-3.5147,61649.24,50313.986,1.5734,1.01,4.3054,68281.66,4.5426,50461.498,4.5684,48050.8377,4.7529,53211.4743,4.9962,94843.5507,5.2331,82974.5548,5.4311,65791.7225
20170511,002607.SZ,4.0265,4.0672,3.8432,3.9858,4.0519,-0.06610000000000005,-1.6313,89639.04,69523.734,2.2878,1.31,4.1578,80788.512,4.4643,55689.549,4.5136,52953.4969,4.687,53492.799,4.9239,86789.4573,5.209,84002.8187,5.4152,66067.0637
20170512,002607.SZ,3.9858,3.9858,3.8839,3.9756,3.9858,-0.010199999999999765,-0.2559,50752.66,39398.489,1.2953,0.63,4.0682,69222.654,4.3869,56487.515,4.4697,54412.9731,4.6247,52275.4671,4.8533,78104.1243,5.1855,84482.0283,5.3982,65788.623
20170515,002607.SZ,3.9756,4.0112,3.9348,3.9807,3.9756,0.0051000000000001044,0.1283,53228.2,41547.349,1.3585,0.77,4.0387,64482.986,4.3024,58345.227,4.413,53710.3754,4.5665,51282.0214,4.7917,70593.6937,5.1632,84918.6445,5.3811,65744.0167
20170516,002607.SZ,3.9756,4.1792,3.9552,4.1588,3.9807,0.17810000000000015,4.4741,81081.72,64776.81,2.0694,1.26,4.0306,67270.172,4.2388,64072.141,4.366,57073.6977,4.5232,51445.72,4.7476,64505.2803,5.1435,85886.5275,5.3646,65403.6
20170517,002607.SZ,4.1385,4.2301,4.113,4.225,4.1588,0.06619999999999937,1.5918,126761.87,103663.963,3.2352,1.88,4.0652,80292.698,4.1853,74287.179,4.3256,63534.38,4.4856,55343.2319,4.7116,64027.362,5.1261,87566.4442,5.3487,65981.2758
20170518,002607.SZ,4.1741,4.2097,4.1537,4.1843,4.225,-0.04069999999999929,-0.9633,74548.83,61229.931,1.9026,0.93,4.1049,77274.656,4.1313,79031.584,4.2763,66603.4377,4.448,57310.4905,4.6726,63115.7113,5.1065,88119.7872,5.3323,65931.8524
20170519,002607.SZ,4.1792,4.2148,4.1232,4.1639,4.1843,-0.020400000000000418,-0.4875,33944.36,27759.027,0.8663,0.44,4.1425,73912.996,4.1054,71567.825,4.2277,67382.8054,4.4194,55722.5114,4.6349,60831.3103,5.0855,88014.8568,5.3147,65270.2228
20170522,002607.SZ,4.1486,4.169,3.9552,3.9807,4.1639,-0.1831999999999998,-4.3997,48391.9,38686.689,1.235,0.65,4.1425,72945.736,4.0906,68714.361,4.1678,69212.0677,4.3831,56333.7843,4.5929,59687.749,5.0614,88356.0027,5.2947,64863.5478
20170523,002607.SZ,3.9654,3.9908,3.777,3.7974,3.9807,-0.18330000000000002,-4.6047,74943.73,57078.391,1.9127,1.03,4.0703,71718.138,4.0504,69494.155,4.0966,72891.9869,4.3401,58668.9871,4.5421,58357.7757,5.035,89173.677,5.274,64720.1006
20170524,002607.SZ,3.7974,3.8839,3.7669,3.8534,3.7974,0.05600000000000005,1.4747,46529.19,34974.375,1.1875,0.65,3.9959,55671.602,4.0306,67982.15,4.0527,68118.6977,4.3072,59371.3548,4.4916,57117.708,5.0095,89407.1753,5.2531,64311.8877
20170525,002607.SZ,3.8585,3.9654,3.7465,3.9348,3.8534,0.08139999999999992,2.1124,63088.93,47805.21,1.6101,1.13,3.946,53379.622,4.0255,65327.139,4.0378,67054.2662,4.2698,59405.9719,4.4466,56676.7847,4.9844,89483.184,5.2321,64043.3475
20170526,002607.SZ,3.9247,4.0061,3.9196,3.9705,3.9348,0.03569999999999984,0.9073,42447.97,33002.658,1.0833,0.8,3.9074,55080.344,4.025,64496.67,4.0202,65154.4338,4.2318,59648.3262,4.4055,55622.0317,4.9599,89639.539,5.2132,63709.9221
20170531,002607.SZ,4.0112,4.057,3.8432,3.8687,3.9705,-0.10179999999999989,-2.5639,70099.52,54612.779,1.7891,1.27,3.885,59421.868,4.0138,66183.802,4.0061,65804.4554,4.1899,60949.589,4.3655,55370.5473,4.9326,89855.4385,5.1922,63318.6084
20170601,002607.SZ,3.8483,3.8839,3.7211,3.7211,3.8687,-0.14760000000000018,-3.8152,49270.18,36829.239,1.2575,0.83,3.8697,54287.158,3.97,63002.648,3.9858,62699.1585,4.1373,61645.7367,4.3224,55515.7493,4.9002,89605.8897,5.1715,63180.8932
20170602,002607.SZ,3.7261,3.8432,3.6701,3.833,3.7211,0.11190000000000033,3.0072,44918.49,33237.003,1.1464,0.83,3.8656,53965.018,3.9308,54818.31,3.9748,62250.3762,4.0914,62650.78,4.2844,55905.1523,4.8715,89116.2035,5.1523,62973.4354
20170605,002607.SZ,3.9247,4.0519,3.8992,4.0061,3.833,0.1730999999999998,4.516,80742.43,63213.197,2.0607,1.5,3.8799,57495.718,3.913,55437.67,3.9767,64366.8554,4.0556,65323.6819,4.2591,56353.5027,4.8462,89307.6683,5.1362,62957.0194
20170606,002607.SZ,3.9705,4.0417,3.9247,4.0214,4.0061,0.01529999999999987,0.3819,44647.79,35124.513,1.1395,0.78,3.8901,57935.682,3.8987,56508.013,3.9662,61564.2454,4.0221,66159.0633,4.235,56656.59,4.8229,88748.4662,5.1212,62856.6912
20170607,002607.SZ,4.0061,4.2199,3.9959,4.1843,4.0214,0.1629000000000005,4.0508,87598.61,70948.319,2.2357,1.51,3.9532,61435.5,3.9191,60428.684,3.963,58551.6869,4.0107,65159.8567,4.2179,58713.0613,4.8022,89651.155,5.1074,63231.4751
20170608,002607.SZ,4.1792,4.1945,4.113,4.169,4.1843,-0.015300000000000757,-0.3657,78476.42,63982.542,2.0029,1.28,4.0428,67276.748,3.9562,60781.953,3.9619,58853.8092,4.0127,65233.6605,4.2053,60269.6263,4.7833,90240.3893,5.0926,63448.5214
20170609,002607.SZ,4.1691,4.1876,4.0585,4.0677,4.1691,-0.10139999999999993,-2.4322,96853.69,43046.074,1.3733,1.44,4.0897,77663.788,3.9777,65814.403,3.9545,63692.9885,4.0064,66648.3224,4.1836,61419.3503,4.7622,91370.9977,5.0781,63867.4677
20170612,002607.SZ,4.0585,4.1968,4.0216,4.0954,4.0677,0.027699999999999392,0.681,94721.61,42297.116,1.343,1.22,4.1076,80459.624,3.9937,68977.671,3.9633,67256.8123,4.0085,68223.1971,4.1611,63331.453,4.7412,92358.4898,5.0642,64288.4138
20170613,002607.SZ,4.0861,4.1507,4.0585,4.123,4.0954,0.027600000000000513,0.6739,71659.7,32035.752,1.016,0.89,4.1279,85862.006,4.009,71898.844,3.9883,67004.1946,4.015,67367.0381,4.1403,64294.343,4.7206,92426.6655,5.0548,63922.1989
20170614,002607.SZ,4.123,4.1876,4.0954,4.1138,4.123,-0.009199999999999875,-0.2231,83264.19,37327.064,1.1806,0.97,4.1138,84995.122,4.0335,73215.311,4.0084,69829.9638,4.0216,68915.2062,4.1165,65914.78,4.7008,93125.262,5.0445,64205.0933
20170615,002607.SZ,4.1046,4.1784,4.0954,4.1507,4.1138,0.03689999999999927,0.897,102676.07,46165.659,1.4558,1.21,4.1101,89835.052,4.0764,78555.9,4.025,72875.1285,4.0297,71269.8667,4.0951,68543.563,4.6807,94118.43,5.0353,64770.2182
20170616,002607.SZ,4.1507,4.1599,4.0954,4.123,4.1507,-0.027699999999999392,-0.6674,73568.62,32868.256,1.0431,0.82,4.1212,85178.038,4.1054,81420.913,4.0367,75269.0246,4.028,70912.1,4.0738,70175.4673,4.6598,94415.6178,5.0252,65049.1524
20170619,002607.SZ,4.123,4.2245,4.0861,4.1968,4.123,0.07379999999999942,1.79,94422.94,42558.074,1.3388,1.11,4.1415,85118.304,4.1245,82788.964,4.0619,77140.0569,4.0266,69372.151,4.0563,72419.406,4.6403,95452.931,5.0146,65461.7449
20170620,002607.SZ,4.1876,4.6119,4.1784,4.3352,4.1968,0.13840000000000074,3.2978,251031.2,118954.175,3.5593,2.95,4.1839,120992.604,4.1559,103427.305,4.1092,92660.1354,4.0338,77776.0733,4.0533,77167.7143,4.6209,98396.8643,5.0056,67296.8093
20170621,002607.SZ,4.3352,4.3813,4.2522,4.3075,4.3352,-0.02770000000000028,-0.639,133420.19,62340.474,1.8917,1.1,4.2226,131023.804,4.1682,108009.463,4.1457,99467.9585,4.0406,82513.0176,4.0593,79050.836,4.5983,97852.3957,4.9967,68193.0599
20170622,002607.SZ,4.2983,4.5289,4.2614,4.3259,4.3075,0.01839999999999975,0.4272,206768.64,98128.323,2.9317,1.58,4.2577,151842.318,4.1839,120838.685,4.1703,109162.2823,4.0571,90054.7671,4.0635,83704.931,4.5667,95446.743,4.9875,69639.3282
20170623,002607.SZ,4.2891,4.3905,4.2337,4.3167,4.3259,-0.009199999999999875,-0.2127,132429.89,61787.344,1.8777,0.87,4.2964,163614.572,4.2088,124396.305,4.193,115914.7515,4.0818,92792.2033,4.0723,86064.286,4.5343,90453.9183,4.9775,70199.4688
20170626,002607.SZ,4.3352,4.3628,4.2983,4.3352,4.3167,0.018500000000000405,0.4286,100167.56,47073.222,1.4203,0.61,4.3241,164763.496,4.2328,124940.9,4.2046,116881.5938,4.1048,95346.4114,4.084,86415.2367,4.5039,86602.347,4.9688,70705.8641
20170627,002607.SZ,4.3259,4.3905,4.2983,4.3167,4.3352,-0.018500000000000405,-0.4267,84743.09,39771.493,1.2016,0.51,4.3204,131505.874,4.2522,126249.239,4.216,117363.6454,4.1229,96377.5619,4.0954,87548.251,4.4743,82826.1877,4.9597,71145.9093
20170628,002607.SZ,4.2983,4.3075,4.1784,4.1876,4.3167,-0.12910000000000021,-2.9907,132369.87,60496.386,1.8768,1.01,4.2964,131295.81,4.2595,131159.807,4.2252,120095.6592,4.1333,100659.5571,4.1023,90186.3067,4.447,80390.0002,4.9496,72037.7919
20170629,002607.SZ,4.1968,4.2798,4.1784,4.2522,4.1876,0.06460000000000043,1.5426,88613.33,40568.604,1.2564,0.67,4.2817,107664.748,4.2697,129753.533,4.2373,119625.7915,4.1515,101541.1671,4.1054,90437.3603,4.4265,77471.3203,4.9399,72500.408
20170630,002607.SZ,4.2706,4.2983,4.1876,4.2153,4.2522,-0.036900000000000155,-0.8678,77764.18,35799.331,1.1026,0.72,4.2614,96731.606,4.2789,130173.089,4.2444,120095.3669,4.1751,102898.0243,4.105,88804.104,4.4083,76415.733,4.9299,72897.9435
20170703,002607.SZ,4.2153,4.3075,4.2153,4.2983,4.2153,0.08300000000000018,1.969,79590.47,36876.633,1.1285,0.82,4.254,92616.188,4.2891,128689.842,4.2585,119812.7731,4.1972,104549.071,4.1088,88972.1587,4.3907,76043.935,4.9205,73359.3449
20170704,002607.SZ,4.3167,4.3813,4.2891,4.3167,4.2983,0.01839999999999975,0.4281,107851.09,50627.858,1.5292,1.16,4.254,97237.788,4.2872,114371.831,4.2713,120210.8515,4.212,105839.9595,4.1139,91435.7163,4.3744,76133.5133,4.9104,73789.4775
20170705,002607.SZ,4.3075,4.3628,4.2614,4.3259,4.3167,0.009199999999999875,0.2131,86815.46,40530.959,1.2309,0.89,4.2817,88126.906,4.2891,109711.358,4.2869,121229.8392,4.2265,107847.9438,4.1254,92716.5017,4.3592,76202.1253,4.8995,74167.822
20170706,002607.SZ,4.3352,4.3536,4.2891,4.3444,4.3259,0.018500000000000405,0.4277,78272.93,36679.322,1.1098,0.89,4.3001,86058.826,4.2909,96861.787,4.2983,119987.5308,4.2341,107403.8638,4.1437,92827.475,4.3429,75592.6253,4.8893,74552.1714
20170707,002607.SZ,4.3352,4.3352,4.2983,4.3075,4.3444,-0.036900000000000155,-0.8494,66656.97,31174.396,0.9451,0.77,4.3186,83837.384,4.29,90284.495,4.2961,105804.8977,4.2407,106841.0329,4.1588,93498.401,4.3252,75308.0545,4.8786,74841.9651
20170710,002607.SZ,4.2706,4.3259,4.2522,4.2614,4.3075,-0.04610000000000003,-1.0702,61900.0,28755.809,0.8777,0.74,4.3112,80299.29,4.2826,86457.739,4.2926,100303.3446,4.25,105176.5714,4.1697,93458.77,4.3082,75067.7773,4.8674,75076.4476
20170711,002607.SZ,4.2614,4.2706,4.1784,4.1968,4.2614,-0.06460000000000043,-1.5159,85666.91,39168.11,1.2147,1.07,4.2872,75862.454,4.2706,86550.121,4.2827,90987.8269,4.2548,104745.3952,4.1772,94899.4013,4.2914,75260.7165,4.8558,75533.5474
20170712,002607.SZ,4.206,4.2153,4.0216,4.123,4.1968,-0.07379999999999942,-1.7585,83539.05,37272.404,1.1845,1.1,4.2466,75207.172,4.2642,81667.039,4.2678,87226.9931,4.2548,105311.0786,4.1857,95347.3857,4.2756,75358.9665,4.844,76040.8536
20170713,002607.SZ,4.1322,4.1415,4.0585,4.1138,4.123,-0.009199999999999875,-0.2231,50929.2,22703.411,0.7221,0.68,4.2005,69738.426,4.2503,77898.626,4.2507,83439.4269,4.2548,103771.3171,4.1988,95402.6863,4.2606,75459.2178,4.8327,76287.1241
20170714,002607.SZ,4.1138,4.123,4.0769,4.0861,4.1138,-0.02770000000000028,-0.6733,39612.91,17613.704,0.5617,0.57,4.1562,64329.614,4.2374,74083.499,4.233,79967.8746,4.2517,100768.3095,4.2072,95225.8337,4.2458,75565.493,4.8219,76408.583
20170717,002607.SZ,4.1046,4.1046,3.791,3.791,4.0861,-0.29510000000000014,-7.222,120309.73,50785.856,1.7058,1.87,4.0621,76011.56,4.1867,78155.425,4.2025,79040.1715,4.2359,102994.0767,4.2001,96544.7437,4.2296,76449.1232,4.8118,76982.0685
20170718,002607.SZ,3.7356,3.8371,3.7356,3.8186,3.791,0.02760000000000007,0.728,72925.66,29907.54,1.034,0.96,3.9865,73463.31,4.1369,74662.882,4.1691,77833.4277,4.2179,101970.3967,4.1933,97487.3393,4.2142,77071.9647,4.8011,77353.2634
20170719,002607.SZ,3.8279,3.9017,3.7817,3.8832,3.8186,0.06459999999999999,1.6917,66679.02,27769.051,0.9454,0.91,3.9385,70091.304,4.0926,72649.238,4.1436,76980.7231,4.1964,93191.7214,4.1833,96790.0197,4.2006,77751.5405,4.7913,77762.6898
20170720,002607.SZ,3.874,3.957,3.8463,3.8648,3.8832,-0.018400000000000194,-0.4738,73011.93,30887.183,1.0352,1.04,3.8887,74507.85,4.0446,72123.138,4.1102,76474.6815,4.1753,90315.1376,4.1731,96607.87,4.1892,78438.7482,4.7816,78197.9187
20170721,002607.SZ,3.8648,3.9662,3.8648,3.9293,3.8648,0.06450000000000022,1.6689,73058.8,31048.737,1.0359,0.98,3.8574,81197.028,4.0068,72763.321,4.0804,73798.3515,4.1564,83948.0024,4.1685,95814.707,4.1761,78617.0287,4.7718,78575.411
20170724,002607.SZ,3.9293,3.9662,3.9017,3.9386,3.9293,0.009300000000000086,0.2367,58013.06,24762.148,0.8226,0.71,3.8869,68737.694,3.9745,72374.627,4.0507,71582.7823,4.1384,80404.3438,4.1633,94591.0887,4.1622,78961.2708,4.7605,78711.0271
20170725,002607.SZ,3.9109,3.9478,3.8648,3.8924,3.9386,-0.04620000000000024,-1.173,55868.1,23625.794,0.7921,0.81,3.9017,65326.182,3.9441,69394.746,4.0159,69859.3338,4.1173,78294.8457,4.1556,94064.702,4.1479,79179.5225,4.7489,78906.8287
20170726,002607.SZ,3.874,3.9017,3.8279,3.8648,3.8924,-0.02760000000000007,-0.7091,61623.98,25707.213,0.8738,0.94,3.898,64315.174,3.9183,67203.239,3.9818,69472.1808,4.0958,77193.9357,4.1473,93343.3617,4.1319,79629.0708,4.737,79292.1827
20170727,002607.SZ,3.8648,3.957,3.8279,3.9386,3.8648,0.07380000000000031,1.9095,78312.5,33146.854,1.1104,1.22,3.9127,65375.288,3.9007,69941.569,3.957,70734.6808,4.0839,74619.7752,4.1402,92531.2427,4.1176,80537.4028,4.7253,79841.1327
20170728,002607.SZ,3.9478,3.9847,3.9109,3.9109,3.9386,-0.02770000000000028,-0.7033,55735.6,23796.207,0.7903,0.85,3.9091,61910.648,3.8832,71553.838,3.935,68432.2723,4.0677,73054.169,4.1332,91936.8087,4.1035,81056.138,4.7134,80196.1446
20170731,002607.SZ,3.9109,3.9293,3.8648,3.9109,3.9109,0.0,0.0,60758.14,25692.753,0.8615,0.98,3.9035,62459.664,3.8952,65598.679,3.9187,66679.8946,4.0532,72244.3576,4.1236,90814.6487,4.09,81617.0273,4.7011,80436.4144
20170801,002607.SZ,3.9109,4.0308,3.9017,3.9662,3.9109,0.05530000000000035,1.414,103745.52,44492.615,1.471,1.66,3.9183,72035.148,3.91,68680.665,3.9073,70742.6885,4.0374,73394.5981,4.1113,85905.126,4.0823,81536.4202,4.6897,81141.916
20170802,002607.SZ,3.9478,3.957,3.8648,3.874,3.9662,-0.09220000000000006,-2.3246,74989.68,31815.747,1.0633,1.04,3.9201,74708.288,3.9091,69511.731,3.891,73463.9785,4.0163,71829.769,4.0969,83957.4423,4.0781,81504.1392,4.6772,81612.9607
20170803,002607.SZ,3.8832,3.9293,3.8648,3.9017,3.874,0.027699999999999836,0.715,48129.7,20325.438,0.6824,0.64,3.9127,68671.728,3.9127,67023.508,3.8995,67911.6685,3.9961,69987.59,4.0828,78669.4777,4.0731,81187.2043,4.6644,81802.8611
20170804,002607.SZ,3.8924,3.9201,3.8832,3.8924,3.9017,-0.009300000000000086,-0.2384,48469.85,20476.545,0.6872,0.71,3.909,67218.578,3.9091,64564.613,3.9052,66030.4523,3.9746,68568.3957,4.0686,75870.8097,4.0705,80967.5478,4.6518,81971.0513
20170807,002607.SZ,3.874,3.9109,3.8555,3.8832,3.8924,-0.009199999999999875,-0.2364,59698.27,25138.464,0.8464,0.89,3.9035,67006.604,3.9035,64733.134,3.9052,65493.4715,3.9544,68237.029,4.0535,74521.8333,4.0688,80468.535,4.6389,82235.6768
20170808,002607.SZ,3.8832,3.8924,3.8463,3.8924,3.8832,0.009199999999999875,0.2369,55777.02,23430.891,0.7909,0.83,3.8887,57412.904,3.9035,64724.026,3.9073,64167.7092,3.9368,67945.4586,4.0394,73556.2977,4.0674,80552.2743,4.6264,82517.1513
20170809,002607.SZ,3.8924,3.957,3.8648,3.9386,3.8924,0.04620000000000024,1.1869,76954.42,32666.841,1.0911,1.34,3.9017,57805.852,3.9109,66257.07,3.9081,64467.3723,3.9245,67530.5781,4.0311,71709.116,4.0667,80947.7113,4.615,82933.1779
20170810,002607.SZ,3.9293,4.0123,3.9109,3.9478,3.9386,0.009199999999999875,0.2336,116523.86,50133.268,1.6522,2.02,3.9109,71484.684,3.9118,70078.206,3.9088,68968.2031,3.9162,69101.2833,4.021,72639.467,4.0632,81538.4137,4.6033,83712.4706
20170811,002607.SZ,3.9201,3.9293,3.8371,3.8463,3.9478,-0.10150000000000015,-2.5711,77022.92,32386.994,1.0921,1.08,3.9017,77195.298,3.9054,72206.938,3.9052,70595.4969,3.9034,70343.8414,4.0087,72614.7583,4.0568,80709.4312,4.5915,84137.9377
20170814,002607.SZ,3.8555,3.957,3.8371,3.9478,3.8463,0.10150000000000015,2.6389,81078.64,34390.56,1.1496,1.05,3.9146,81471.372,3.909,74238.988,3.9116,72092.0092,3.8968,72318.4,3.997,72664.364,4.0529,80818.2613,4.5797,84469.0242
20170815,002607.SZ,3.957,3.9662,3.8555,3.9478,3.9478,0.0,0.0,82796.96,35192.006,1.174,1.02,3.9257,86875.36,3.9072,72144.132,3.9123,72436.9677,3.9043,70532.0776,3.9847,71829.2263,4.0493,81632.4713,4.5674,84823.6641
20170816,002607.SZ,3.9386,4.0123,3.9017,4.0031,3.9478,0.055299999999999905,1.4008,138458.49,59532.776,1.9632,1.59,3.9386,99176.174,3.9201,78491.013,3.9194,78800.2669,3.9131,73652.6886,3.9739,73550.6607,4.0497,83133.5812,4.5556,85744.7919
20170817,002607.SZ,3.9939,4.04,3.9662,4.04,4.0031,0.036900000000000155,0.9218,87836.53,38053.884,1.2454,0.89,3.957,93438.708,3.9339,82461.696,3.9293,80883.22,3.9206,74660.189,3.9638,73869.4473,4.0537,83348.4612,4.5443,86261.0691
20170818,002607.SZ,3.9939,4.0308,3.9847,4.0216,4.04,-0.01839999999999975,-0.4554,57646.15,25017.296,0.8174,0.62,3.9921,89563.354,3.9469,83379.326,3.9336,77337.1146,3.928,73928.4852,3.9542,73569.0867,4.0565,83533.7438,4.533,86470.4596
20170821,002607.SZ,4.0123,4.1691,4.0123,4.123,4.0216,0.10139999999999993,2.5214,140841.65,62840.315,1.997,1.57,4.0271,101515.956,3.9708,91493.664,3.9527,82402.6508,3.9372,77156.24,3.9496,76200.475,4.0597,84829.6225,4.522,87156.4032
20170822,002607.SZ,4.0954,4.1138,4.0216,4.04,4.123,-0.08300000000000018,-2.0131,77124.44,33987.726,1.0935,0.76,4.0455,100381.452,3.9856,93628.406,3.9634,84633.0154,3.9421,78066.3057,3.9444,75915.726,4.0608,85407.5637,4.5104,87523.5513
20170823,002607.SZ,4.0216,4.0585,3.957,4.0031,4.04,-0.036900000000000155,-0.9134,82829.0,35866.229,1.1744,0.83,4.0455,89255.554,3.9921,94215.864,3.9719,87276.0269,3.9473,79350.1581,3.9404,75892.0577,4.0631,85619.7217,4.4979,87737.5801
20170824,002607.SZ,3.9847,4.0585,3.9754,4.0031,4.0031,0.0,0.0,64520.04,28067.084,0.9148,0.72,4.0382,84592.256,3.9976,89015.482,3.9811,87646.9323,3.9539,79488.0657,3.9367,76345.0857,4.0678,85873.886,4.484,87739.8878
20170825,002607.SZ,4.0216,4.0492,3.9847,4.04,4.0031,0.036900000000000155,0.9218,59962.44,26113.481,0.8502,0.71,4.0418,85055.514,4.017,87309.434,3.9925,87968.8877,3.9588,78614.2533,3.9352,77023.4033,4.0712,86124.6185,4.4713,87620.411
20170828,002607.SZ,4.0308,4.0677,4.0216,4.0492,4.04,0.009199999999999875,0.2277,78698.42,34554.253,1.1158,0.93,4.0271,72626.868,4.0271,87071.412,4.001,88103.0415,3.9653,79707.721,3.9438,75636.3597,4.0719,86090.5517,4.4591,87699.11
20170829,002607.SZ,4.0492,4.0954,4.04,4.0677,4.0492,0.018500000000000405,0.4569,87447.51,38564.84,1.2399,1.2,4.0326,74691.482,4.0391,87536.467,4.0102,85866.3992,3.9728,80978.6433,3.9521,76120.4213,4.0727,86803.8803,4.4478,87776.1732
20170830,002607.SZ,4.0769,4.1046,4.0308,4.04,4.0677,-0.02770000000000028,-0.681,88837.77,39137.678,1.2596,1.19,4.04,75893.236,4.0428,82574.395,4.0251,86775.2338,3.9763,80268.7505,3.9573,76859.0463,4.0703,86824.533,4.4363,88237.844
20170831,002607.SZ,4.0308,4.0492,3.9754,4.0216,4.04,-0.01839999999999975,-0.4554,115393.1,50245.544,1.6361,1.52,4.0437,86067.848,4.0409,85330.052,4.0308,89414.8077,3.9834,82192.7229,3.9625,78271.752,4.0678,87439.811,4.4256,88840.1002
20170901,002607.SZ,4.0123,4.0216,3.9847,4.0123,4.0216,-0.00930000000000053,-0.2313,67179.06,29177.172,0.9525,0.78,4.0382,87511.172,4.04,86283.343,4.0357,88213.4308,3.9886,83099.8352,3.9653,78075.7607,4.0669,86945.2338,4.4146,89158.1157
20170904,002607.SZ,3.9847,4.0216,3.957,4.0123,4.0123,0.0,0.0,84037.37,36378.356,1.1915,0.96,4.0308,88578.962,4.0289,80602.915,4.0365,84027.1908,3.9943,84793.5267,3.9678,78943.2377,4.0655,86767.1632,4.4034,89562.8265
20170905,002607.SZ,4.0216,4.04,3.9939,4.0216,4.0123,0.00930000000000053,0.2318,68077.44,29662.591,0.9653,0.77,4.0216,84704.948,4.0271,79698.215,4.035,82507.2608,4.0009,85192.5348,3.9721,79350.2157,4.0638,86707.4588,4.3922,89567.0622
20170906,002607.SZ,4.0216,4.0308,3.9754,4.0123,4.0216,-0.00930000000000053,-0.2313,67957.3,29470.883,0.9636,0.8,4.016,80528.854,4.028,78211.045,4.0343,83300.4262,4.0066,85772.5481,3.977,79561.3263,4.0621,86452.344,4.3815,89788.803
20170907,002607.SZ,4.0031,4.0308,3.9939,4.0031,4.0123,-0.009199999999999875,-0.2293,60893.0,26495.737,0.8634,0.76,4.0123,69628.834,4.028,77848.341,4.0251,77150.53,4.0097,85007.7186,3.9791,78980.6763,4.0597,85755.9595,4.3702,89937.1947
20170908,002607.SZ,4.0031,4.3997,3.9939,4.3536,4.0031,0.35050000000000026,8.7557,426821.3,192934.659,6.0518,6.13,4.0806,141557.282,4.0594,114534.227,4.0492,104050.2885,4.029,99783.7871,3.9939,91350.1997,4.0635,91643.5042,4.3617,93029.561
20170911,002607.SZ,4.2983,4.5012,4.2429,4.3905,4.3536,0.036900000000000155,0.8476,481286.75,227809.181,6.8241,3.4,4.1562,221007.158,4.0935,154793.06,4.079,134700.8846,4.0549,119034.4457,4.0099,105367.82,4.0668,98091.2343,4.3535,96772.0827
20170912,002607.SZ,4.3352,4.5934,4.2706,4.5012,4.3905,0.11069999999999958,2.5214,517717.0,249890.659,7.3406,2.34,4.2521,310935.07,4.1369,197820.009,4.1173,169562.1892,4.0813,139826.7486,4.0277,119166.8693,4.0695,102535.9977,4.3452,100466.431
20170913,002607.SZ,4.4643,4.492,4.3721,4.409,4.5012,-0.09220000000000006,-2.0483,233970.9,112269.542,3.3174,0.75,4.3315,344137.79,4.1738,212333.322,4.1457,182947.4554,4.1033,147025.5076,4.0455,124466.2433,4.0712,104211.8428,4.3348,101032.1192
20170914,002607.SZ,4.3997,4.4828,4.3075,4.3536,4.409,-0.05539999999999967,-1.2565,226025.77,107287.093,3.2048,0.66,4.4016,377164.344,4.207,223396.589,4.1691,194280.3285,4.1199,151195.3781,4.0606,130396.1123,4.0717,104532.795,4.3192,99989.769
20170915,002607.SZ,4.3721,4.3721,4.2337,4.2891,4.3536,-0.06449999999999978,-1.4815,165466.08,76838.434,2.3461,0.44,4.3887,324893.3,4.2346,233225.291,4.1862,200281.7569,4.1318,154892.0233,4.0738,134295.9867,4.0712,105083.3982,4.3027,97768.6582
20170918,002607.SZ,4.2798,4.6672,4.2706,4.6027,4.2891,0.3135999999999992,7.3116,409851.79,199616.683,5.8112,1.26,4.4311,310606.308,4.2937,265806.733,4.2295,224975.1431,4.1595,171663.7205,4.0978,145967.7707,4.0757,110244.802,4.2898,98423.5745
20170919,002607.SZ,4.575,4.5842,4.4551,4.4735,4.6027,-0.12919999999999998,-2.807,257120.49,125991.81,3.6457,0.83,4.4256,258487.006,4.3389,284711.038,4.2642,235877.25,4.1762,177200.8081,4.1172,152679.2197,4.0783,113117.7587,4.2763,97971.9732
20170920,002607.SZ,4.4551,4.5842,4.4459,4.492,4.4735,0.018500000000000405,0.4135,215819.7,105605.26,3.0601,0.83,4.4422,254856.766,4.3868,299497.278,4.3011,247311.1454,4.1977,183805.3443,4.1356,157308.0623,4.0834,114508.5892,4.2652,97449.2947
20170921,002607.SZ,4.4735,4.5565,4.4274,4.4366,4.492,-0.05539999999999967,-1.2333,170812.61,83160.516,2.4219,0.67,4.4588,243814.134,4.4302,310489.239,4.3338,253986.1638,4.2183,187995.04,4.1519,159117.6873,4.0864,115878.5772,4.2565,96674.9487
20170922,002607.SZ,4.4459,4.5012,4.3444,4.3628,4.4366,-0.07380000000000031,-1.6634,150346.15,71729.951,2.1317,0.62,4.4735,240790.148,4.4311,282841.724,4.36,260314.5262,4.2355,192081.9976,4.1691,161561.795,4.0889,117088.2767,4.2486,96752.0048
20170925,002607.SZ,4.3444,4.3813,4.2522,4.2798,4.3628,-0.08300000000000018,-1.9024,117765.51,54779.195,1.6698,0.49,4.4089,182372.892,4.42,246489.6,4.3806,264145.9269,4.2469,194834.5248,4.1802,162784.6907,4.0886,117724.5273,4.2397,96884.2312
20170926,002607.SZ,4.2891,4.3444,4.2337,4.3444,4.2798,0.06460000000000043,1.5094,109361.92,50892.734,1.5506,0.6,4.3831,152821.178,4.4044,205654.092,4.4068,267874.3054,4.2609,196294.6914,4.1934,163670.1893,4.089,117749.7078,4.2317,96941.6106
20170927,002607.SZ,4.3075,4.4366,4.2891,4.3536,4.3444,0.009199999999999875,0.2118,110972.49,52542.39,1.5735,0.73,4.3554,131851.736,4.3988,193354.251,4.4068,243578.2431,4.2746,197414.9286,4.2051,162753.9893,4.0895,118152.325,4.2243,97177.2252
20170928,002607.SZ,4.3075,4.4274,4.3075,4.3536,4.3536,0.0,0.0,133321.17,63335.603,1.8903,1.01,4.3388,124353.448,4.3988,184083.791,4.404,216811.66,4.2895,199533.1857,4.2156,164270.144,4.0897,119069.7957,4.2163,97331.2105
20170929,002607.SZ,4.3444,4.3997,4.3352,4.3905,4.3536,0.036900000000000155,0.8476,104114.97,49283.574,1.4762,0.84,4.3444,115107.212,4.409,177948.68,4.3955,184996.1192,4.3071,198996.1319,4.2279,165819.1047,4.091,119694.0957,4.2081,97501.0751
20171009,002607.SZ,4.5104,4.8333,4.4735,4.8333,4.3905,0.4428000000000001,10.0854,273807.81,139189.195,3.8823,2.38,4.4551,146315.672,4.432,164344.282,4.4281,188060.4969,4.3461,208835.5962,4.2515,170251.31,4.1006,123225.8925,4.2044,99146.8349
20171010,002607.SZ,5.2114,5.3129,5.0823,5.3129,4.8333,0.4795999999999996,9.9228,437845.17,248160.298,6.2081,2.99,4.6488,212012.322,4.516,182416.75,4.5019,204354.2969,4.4081,225683.5867,4.294,182275.3343,4.1192,129095.5302,4.2053,102178.1233
20171011,002607.SZ,5.3406,5.7095,5.1192,5.2668,5.3129,-0.04610000000000003,-0.8677,1456159.54,856008.447,20.6466,6.87,4.8314,481049.732,4.5934,306450.734,4.5771,303638.4092,4.4674,291782.7343,4.3361,228053.019,4.1382,151972.5383,4.2069,113665.7524
20171012,002607.SZ,5.1284,5.2299,4.9532,5.1469,5.2668,-0.11990000000000034,-2.2765,733903.91,403821.314,10.4059,1.53,4.9901,601166.28,4.6645,362759.864,4.619,328565.4954,4.5214,323494.4776,4.3742,250365.8147,4.1555,163355.4502,4.208,119407.334
20171013,002607.SZ,5.027,5.0731,4.8886,4.907,5.1469,-0.23989999999999956,-4.6611,504974.68,271741.19,7.1599,0.84,5.0934,681338.222,4.7189,398222.717,4.6523,347631.2023,4.5644,344641.2243,4.4031,265199.556,4.1691,171111.4797,4.2075,123338.4863
20171016,002607.SZ,4.8425,4.8702,4.6211,4.7133,4.907,-0.19369999999999976,-3.9474,434171.71,223903.533,6.156,0.64,5.0694,713411.002,4.7622,429863.337,4.6693,364427.5108,4.5816,344991.2438,4.4253,277048.6657,4.1845,176342.5127,4.2071,126395.8179
20171017,002607.SZ,4.6857,4.7687,4.6672,4.7041,4.7133,-0.009199999999999875,-0.1952,236113.47,120718.91,3.3478,0.33,4.9476,673064.662,4.7982,442538.492,4.6899,369450.6538,4.5965,333316.3257,4.4465,282004.1977,4.1993,179062.3095,4.2067,128067.1371
20171018,002607.SZ,4.6949,4.7318,4.4643,4.5196,4.7041,-0.18450000000000077,-3.9221,307275.8,153573.837,4.3568,0.46,4.7982,443287.914,4.8148,462168.823,4.702,381522.1654,4.5974,323295.3162,4.4625,289285.4653,4.2099,183072.2558,4.2052,130411.8982
20171019,002607.SZ,4.5104,4.6119,4.5012,4.5381,4.5196,0.018500000000000405,0.4093,200283.06,98908.539,2.8398,0.45,4.6764,336563.744,4.8333,468865.012,4.7219,387869.6692,4.6035,321691.1333,4.4797,292115.1307,4.2211,185193.4413,4.2052,131816.0947
20171020,002607.SZ,4.5381,4.7133,4.4643,4.6949,4.5381,0.1567999999999996,3.4552,283753.01,141875.051,4.0233,0.84,4.634,292319.41,4.8637,486828.816,4.7488,401284.3685,4.6198,324440.0495,4.5024,299334.2623,4.2339,188705.0115,4.205,133661.0201
20171023,002607.SZ,4.6488,4.6672,4.5473,4.6119,4.6949,-0.0829999999999993,-1.7679,191851.4,95688.616,2.7202,0.66,4.6137,243855.348,4.8416,478633.175,4.7687,407505.8231,4.6352,325696.4933,4.5224,302928.0633,4.2451,190935.6505,4.2037,134948.4607
20171024,002607.SZ,4.6027,4.658,4.4551,4.5196,4.6119,-0.09230000000000071,-2.0013,175889.92,86787.26,2.4939,0.72,4.5768,231810.638,4.7622,452437.65,4.7815,410780.3423,4.6312,314555.4519,4.539,306521.8127,4.2555,192936.0142,4.2017,136057.7683
20171025,002607.SZ,4.5289,4.5934,4.4459,4.5381,4.5196,0.018500000000000405,0.4093,140911.42,69036.433,1.998,0.61,4.5805,198537.762,4.6894,320912.838,4.7928,413610.8385,4.6343,309021.6867,4.5565,308953.6167,4.2668,194257.4715,4.1993,136943.2712
20171026,002607.SZ,4.5012,4.5473,4.4551,4.5104,4.5381,-0.02770000000000028,-0.6104,136726.73,66663.623,1.9386,0.69,4.575,185826.496,4.6257,261195.12,4.768,403066.14,4.6352,305255.3548,4.5734,311481.4077,4.2763,195231.042,4.197,137884.2224
20171027,002607.SZ,4.4828,4.575,4.4459,4.4643,4.5104,-0.04610000000000003,-1.0221,138712.07,67754.192,1.9668,0.75,4.5289,156818.308,4.5814,224568.859,4.7027,380055.9015,4.6365,303726.7576,4.5771,301877.7667,4.2855,196613.9832,4.1945,138835.0606
20171030,002607.SZ,4.4182,4.4366,4.1322,4.1876,4.4643,-0.27669999999999995,-6.1981,200241.45,92447.358,2.8392,1.28,4.444,158496.318,4.5289,201175.833,4.6197,283446.8177,4.6281,306102.7243,4.5704,292509.59,4.2901,198938.705,4.19,140277.8662
20171031,002607.SZ,4.206,4.2245,4.1507,4.206,4.1876,0.018400000000000638,0.4394,96955.38,44052.089,1.3747,0.61,4.3813,142709.41,4.4791,187260.024,4.5473,234450.7769,4.6246,305111.7657,4.5605,278484.2027,4.2941,198825.536,4.1882,140180.9781
20171101,002607.SZ,4.2153,4.2429,4.1415,4.1691,4.206,-0.036900000000000155,-0.8773,118550.6,53861.438,1.6809,0.83,4.3075,138237.246,4.444,168387.504,4.4905,204725.8477,4.6163,305549.3219,4.5525,274636.8593,4.299,199551.5513,4.1886,140527.8452
20171102,002607.SZ,4.1415,4.1691,4.0308,4.04,4.1691,-0.12910000000000021,-3.0966,161642.52,71560.479,2.2919,1.17,4.2134,143220.404,4.3942,164523.45,4.4387,183762.0638,4.6013,307962.1805,4.5421,272490.751,4.3013,201443.4317,4.1872,141315.318
20171103,002607.SZ,4.0492,4.1046,4.0031,4.0308,4.04,-0.009199999999999875,-0.2277,105242.0,46171.599,1.4922,0.73,4.1267,136526.39,4.3278,146672.349,4.387,173695.0277,4.586,306625.0771,4.5335,270483.2817,4.3037,202389.6342,4.1871,141678.591
20171106,002607.SZ,4.0308,4.0677,3.9939,4.0677,4.0308,0.036900000000000155,0.9155,92008.85,40220.068,1.3046,0.67,4.1027,114879.87,4.2734,136688.094,4.3522,157136.0315,4.5706,306048.5952,4.5156,259888.517,4.3067,202928.1438,4.1877,141698.3394
20171107,002607.SZ,4.0492,4.1415,4.0123,4.0954,4.0677,0.027699999999999392,0.681,124181.78,54775.003,1.7607,1.08,4.0806,120325.15,4.2309,131517.28,4.3181,151282.0869,4.5355,298923.5462,4.503,255457.2267,4.3101,204068.2232,4.1887,142310.2487
20171108,002607.SZ,4.1507,4.5012,4.123,4.5012,4.0954,0.40580000000000016,9.9087,347772.78,164913.814,4.931,2.89,4.147,166169.586,4.2273,152203.416,4.3032,156206.6846,4.4968,294634.3848,4.5033,259855.6627,4.3195,208581.8625,4.1931,144764.7869
20171109,002607.SZ,4.6027,4.7871,4.5473,4.6765,4.5012,0.1753,3.8945,671218.69,340241.913,9.5171,4.04,4.2743,268084.82,4.2439,205652.612,4.3082,193081.0915,4.4687,257256.249,4.5113,276535.8653,4.3316,217826.7763,4.1974,149682.595
20171110,002607.SZ,4.6303,4.6396,4.5196,4.5196,4.6765,-0.15690000000000026,-3.3551,318130.27,157214.586,4.5107,1.19,4.3721,310662.474,4.2494,223594.432,4.3082,204022.6569,4.4388,237457.5043,4.5166,282128.6693,4.3429,221845.2322,4.1999,151277.3317
20171113,002607.SZ,4.4828,4.5473,4.3721,4.4551,4.5196,-0.06449999999999978,-1.4271,257230.52,123930.268,3.6472,0.83,4.4496,343706.808,4.2761,229293.339,4.3018,212970.28,4.4173,225660.1633,4.5224,286777.503,4.3513,224781.0968,4.2021,152799.6791
20171114,002607.SZ,4.4459,4.4551,4.3167,4.3905,4.4551,-0.06459999999999955,-1.45,179467.0,85001.429,2.5446,0.52,4.5086,354763.852,4.2946,237544.501,4.2926,216257.9931,4.4019,213531.3676,4.5239,289114.339,4.3587,226392.2642,4.204,154012.3677
20171115,002607.SZ,4.3905,4.5658,4.3167,4.5473,4.3905,0.1567999999999996,3.5713,273734.39,131747.708,3.8812,0.77,4.5178,339956.174,4.3324,253062.88,4.299,226644.3254,4.3945,215322.84,4.5304,294539.7357,4.3678,228646.8625,4.2087,155890.2218
20171116,002607.SZ,4.4274,4.5104,4.3813,4.3905,4.5473,-0.1567999999999996,-3.4482,221989.33,107081.682,3.1475,0.65,4.4606,250110.302,4.3675,259097.561,4.3146,228317.2392,4.3883,211261.5795,4.5316,297495.341,4.3736,230882.7425,4.2137,157115.6018
20171117,002607.SZ,4.3444,4.3536,4.0492,4.0861,4.3905,-0.3044000000000002,-6.9332,237705.76,107720.928,3.3704,0.95,4.3739,234025.4,4.373,272343.937,4.3054,239144.1915,4.3668,213043.6129,4.5215,301948.3673,4.3747,233883.736,4.2156,158708.7399
20171120,002607.SZ,4.0954,4.1968,3.9478,4.1599,4.0861,0.07380000000000031,1.8061,126367.29,55926.738,1.7917,0.54,4.3149,207852.754,4.3822,275779.781,4.3047,239745.4754,4.3413,205549.0548,4.499,297033.6833,4.3753,233642.4967,4.2175,159236.0596
20171121,002607.SZ,4.1046,4.1876,4.0677,4.123,4.1599,-0.036900000000000155,-0.887,105020.49,46882.194,1.4891,0.51,4.2614,192963.452,4.385,273863.652,4.311,235389.9346,4.318,201414.2495,4.4594,285939.5273,4.3767,234107.4308,4.2187,159757.4972
20171122,002607.SZ,4.1138,4.123,4.04,4.0492,4.123,-0.07380000000000031,-1.79,104166.46,46011.199,1.477,0.54,4.1617,159049.866,4.3398,249503.02,4.3125,235307.2008,4.2956,197998.8467,4.4188,240873.0913,4.3774,234463.0552,4.2203,160041.3884
20171123,002607.SZ,4.04,4.04,3.8648,3.8924,4.0492,-0.15680000000000005,-3.8724,136734.96,58761.947,1.9387,0.86,4.0621,141998.992,4.2614,196054.647,4.299,238747.6708,4.2649,197799.9676,4.377,220967.4597,4.3756,235666.6372,4.2217,160770.2616
20171124,002607.SZ,3.8463,3.9201,3.8371,3.9017,3.8924,0.009300000000000086,0.2389,78127.96,32946.366,1.1078,0.55,4.0252,110083.432,4.1996,172054.416,4.2841,235205.0692,4.2359,195009.55,4.3435,206739.2357,4.3733,235969.3958,4.2223,161047.0072
20171127,002607.SZ,3.9017,3.9201,3.8555,3.9017,3.9017,0.0,0.0,59602.0,25109.504,0.8451,0.54,3.9736,96730.374,4.1442,152291.564,4.238,213038.0862,4.2091,191242.4038,4.3164,194253.5787,4.3708,235651.1222,4.2214,160870.8369
20171128,002607.SZ,3.9017,4.0031,3.8924,4.0031,3.9017,0.10139999999999993,2.5989,77451.42,33081.985,1.0982,0.8,3.9496,91216.56,4.1055,142090.006,4.1862,167363.6808,4.2003,185395.2595,4.293,188964.8437,4.3698,235484.5207,4.2212,161144.2005
20171129,002607.SZ,4.0031,4.0861,3.9017,4.04,4.0031,0.036900000000000155,0.9218,130558.51,56636.48,1.8512,1.43,3.9478,96494.97,4.0548,127772.418,4.1493,152935.0838,4.1924,186995.4086,4.2771,183074.2673,4.3698,236179.8663,4.22,161502.1997
20171130,002607.SZ,4.0031,4.0216,3.9109,3.9293,4.04,-0.11070000000000002,-2.7401,95467.91,41050.556,1.3536,0.99,3.9552,88241.56,4.0086,115120.276,4.1088,140491.8062,4.181,185896.2329,4.2568,179580.429,4.3682,235847.7798,4.218,161643.7954
20171201,002607.SZ,3.9386,4.0492,3.9109,4.0308,3.9293,0.10150000000000015,2.5832,103455.42,44837.355,1.4669,1.17,3.981,93307.052,4.0031,101695.242,4.0812,134644.7615,4.1806,183125.4186,4.2346,173570.5093,4.3685,236452.3858,4.2177,161698.8098
20171204,002607.SZ,4.0585,4.0677,3.9201,3.9478,4.0308,-0.08300000000000018,-2.0591,84426.74,36320.798,1.1971,0.9,3.9902,98272.0,3.9819,97501.187,4.035,120082.6346,4.1766,182134.2157,4.2125,169989.6873,4.3674,236458.8753,4.2165,161613.0192
20171205,002607.SZ,3.9478,3.957,3.791,3.8279,3.9478,-0.1198999999999999,-3.0371,102826.9,43040.456,1.458,1.05,3.9552,103347.096,3.9524,97281.828,3.9918,110916.2938,4.1652,182649.361,4.1894,167554.2533,4.3642,237038.033,4.214,161872.7459
20171206,002607.SZ,3.7817,3.8463,3.6618,3.8186,3.8279,-0.009300000000000086,-0.243,106919.14,43619.629,1.516,1.03,3.9109,98619.222,3.9293,97557.096,3.9712,100855.7846,4.152,181827.3305,4.1654,166421.1773,4.361,237687.397,4.2116,162069.8705
20171207,002607.SZ,3.8002,3.8371,3.7541,3.8279,3.8186,0.009300000000000086,0.2435,67178.28,27665.185,0.9525,0.68,3.8906,92961.296,3.9229,90601.428,3.9456,96302.7838,4.1199,168465.6876,4.1427,164102.8957,4.3581,237792.1517,4.2089,161774.0556
20171208,002607.SZ,3.8371,3.9109,3.8094,3.8832,3.8279,0.055299999999999905,1.4447,94705.42,39671.787,1.3428,1.02,3.8611,91211.296,3.921,92259.174,3.9272,95509.3169,4.0822,141012.6748,4.1233,162636.0073,4.3502,232256.887,4.2069,161950.1956
20171211,002607.SZ,3.874,4.0308,3.8371,3.9386,3.8832,0.055400000000000116,1.4267,130197.53,55732.599,1.846,1.43,3.8592,100365.454,3.9247,99318.727,3.9187,97511.7069,4.0545,132063.4967,4.115,160301.21,4.3427,226405.4,4.2047,162248.3172
20171212,002607.SZ,3.9017,3.9293,3.8463,3.8463,3.9386,-0.09230000000000027,-2.3435,86998.87,36640.036,1.2335,0.87,3.8629,97199.848,3.909,100273.472,3.9151,93685.8538,4.0255,123957.2276,4.103,159969.3263,4.3318,219226.7645,4.2007,160881.3811
20171213,002607.SZ,3.8463,3.9109,3.8279,3.874,3.8463,0.02770000000000028,0.7202,68907.2,28870.9,0.977,0.71,3.874,89597.46,3.8924,94108.341,3.913,92976.5646,4.0009,118692.4752,4.0932,158314.5463,4.3229,216475.7028,4.197,160343.7728
20171214,002607.SZ,3.8648,3.9017,3.8371,3.8555,3.874,-0.01849999999999996,-0.4775,60733.69,25426.039,0.8611,0.68,3.8795,88308.542,3.8851,90634.919,3.9095,93063.6177,3.968,108549.5848,4.0871,154950.9187,4.3146,213720.8348,4.1931,159126.8149
20171215,002607.SZ,3.874,3.874,3.8002,3.8371,3.8555,-0.018400000000000194,-0.4772,61462.22,25499.719,0.8715,0.7,3.8703,81659.902,3.8657,86435.599,3.8967,91833.6792,3.9416,100905.4367,4.0806,153491.5927,4.307,211987.4372,4.1891,158535.4177
20171218,002607.SZ,3.8371,3.8555,3.8094,3.8279,3.8371,-0.009199999999999875,-0.2398,47862.69,19888.748,0.6786,0.59,3.8482,65192.934,3.8537,82779.194,3.8804,85472.4623,3.9293,91865.2905,4.0726,152020.054,4.2941,205954.2855,4.1849,158099.5437
20171219,002607.SZ,3.8279,3.8648,3.8186,3.8371,3.8279,0.009199999999999875,0.2403,42865.49,17858.474,0.6078,0.66,3.8463,56366.258,3.8546,76783.053,3.8733,81426.1223,3.914,87889.0143,4.064,149309.511,4.2835,202383.3688,4.1809,157750.5637
20171220,002607.SZ,3.8371,3.8371,3.7264,3.7449,3.8371,-0.09220000000000006,-2.4029,76586.77,31367.813,1.0859,1.36,3.8205,57902.172,3.8473,73749.816,3.8513,79359.3031,3.896,86535.0276,4.0388,140269.9773,4.2711,200062.82,4.1772,157285.7046
20171221,002607.SZ,3.7356,3.7449,3.6434,3.6895,3.7449,-0.055400000000000116,-1.4793,101046.9,40411.516,1.4327,1.75,3.7873,65964.814,3.8334,77136.678,3.8314,80637.7769,3.8788,86386.4771,4.0059,121264.251,4.2586,198900.0582,4.1725,157389.3177
20171222,002607.SZ,3.6895,3.7172,3.6711,3.6895,3.6895,0.0,0.0,49732.2,19950.291,0.7051,0.75,3.7578,63618.81,3.814,72639.356,3.8208,76553.5692,3.8692,82243.4886,3.9782,112317.6487,4.2474,197223.159,4.1681,157155.7178
20171225,002607.SZ,3.6711,3.6895,3.5788,3.5788,3.6895,-0.11069999999999958,-3.0004,84314.73,33125.963,1.1955,1.33,3.708,70909.218,3.7781,68051.076,3.8023,74814.7685,3.8538,82538.0967,3.949,106553.789,4.2357,196665.646,4.1621,157195.0867
20171226,002607.SZ,3.5788,3.6434,3.5327,3.6157,3.5788,0.03689999999999971,1.0311,58269.6,22676.404,0.8262,0.82,3.6637,73990.04,3.755,65178.149,3.786,74129.4854,3.8402,82474.649,3.9232,102513.8757,4.2236,195814.1073,4.1563,156781.9076
20171227,002607.SZ,3.6065,3.8371,3.5788,3.7172,3.6157,0.10150000000000015,2.8072,145166.99,58266.021,2.0583,1.96,3.6581,87706.084,3.7393,72804.128,3.7732,78011.1446,3.8266,85699.2,3.8955,98228.2957,4.213,196384.0157,4.1512,157268.1703
20171228,002607.SZ,3.6895,3.8186,3.6618,3.7264,3.7172,0.009199999999999875,0.2475,151763.6,61679.995,2.1518,1.73,3.6655,97849.424,3.7264,81907.119,3.7569,79670.0731,3.8116,86708.9662,3.8734,95887.438,4.2025,196691.3895,4.1461,157880.5926
20171229,002607.SZ,3.7172,3.7172,3.6342,3.6711,3.7264,-0.055299999999999905,-1.484,93024.6,36926.826,1.319,0.95,3.6618,106507.904,3.7098,85063.357,3.7434,80133.5908,3.7993,86592.6181,3.8595,91064.7327,4.1905,196506.55,4.1408,158100.3228
20180102,002607.SZ,3.6526,3.7356,3.6434,3.7264,3.6711,0.055299999999999905,1.5064,80772.61,32458.704,1.1453,0.76,3.6914,105799.48,3.6997,88354.349,3.7321,81046.3146,3.7848,85512.4843,3.8451,89544.91,4.1721,193289.2967,4.1363,158257.5946
20180103,002607.SZ,3.7264,3.7817,3.708,3.7449,3.7264,0.01849999999999996,0.4965,92917.57,37745.792,1.3175,0.88,3.7172,112729.074,3.6904,93359.557,3.7236,83521.9977,3.7752,85916.8095,3.8325,89141.4793,4.1459,187540.5033,4.1326,158318.0167
20180523,002607.SZ,4.123,4.123,4.123,4.123,3.7449,0.3781000000000003,10.0964,8509.89,3803.92,0.1207,0.08,3.7984,85397.654,3.7283,86551.869,3.7456,79448.7415,3.7892,81425.5233,3.8349,85952.927,4.1269,163413.0092,4.1326,157692.7737
20180524,002607.SZ,4.5381,4.5381,4.5381,4.5381,4.123,0.4150999999999998,10.0679,12595.17,6196.823,0.1786,0.15,3.9607,57563.968,3.8131,77706.696,3.8002,76735.8554,3.8235,76933.9057,3.8565,81814.934,4.1167,151391.1968,4.1361,157373.3235
20180525,002607.SZ,4.9901,4.9901,4.9901,4.9901,4.5381,0.45199999999999996,9.9601,29151.35,15770.88,0.4133,0.51,4.2245,44789.318,3.9432,75648.611,3.8889,75680.9215,3.8788,75123.0995,3.8927,80182.3803,4.1181,143460.808,4.1436,157286.1438
20180528,002607.SZ,5.4881,5.4881,5.4881,5.4881,4.9901,0.4980000000000002,9.9798,21490.03,12786.567,0.3047,0.48,4.5768,32932.802,4.1341,69366.141,4.023,71442.7108,3.9552,71636.6524,3.9456,78911.9813,4.131,136582.78,4.1578,156462.6463
20180529,002607.SZ,6.0416,6.0416,6.0416,6.0416,5.4881,0.5534999999999997,10.0855,22715.6,14878.718,0.3221,0.69,5.0362,18892.408,4.3767,65810.741,4.2039,65417.2262,4.0554,66518.4652,4.0136,77087.454,4.1533,133026.1488,4.1763,156044.2292
20180530,002607.SZ,6.6503,6.6503,6.6503,6.6503,6.0416,0.6086999999999998,10.0751,22069.75,15912.289,0.3129,1.17,5.5416,21604.38,4.67,53501.017,4.4317,63289.3454,4.1889,63426.6024,4.1006,73471.162,4.1888,128272.7147,4.1994,155672.4852
20180531,002607.SZ,7.3145,7.3145,7.3145,7.3145,6.6503,0.6642000000000001,9.9875,36880.14,29245.951,0.5229,1.71,6.0969,26461.374,5.0288,42012.671,4.719,59640.5308,4.3527,61901.5043,4.2134,71518.2363,4.2351,125549.3327,4.2281,155371.387
20180601,002607.SZ,8.0431,8.0431,8.0431,8.0431,7.3145,0.728600000000001,9.961,186224.74,162387.973,2.6403,7.04,6.7075,57876.052,5.466,51332.685,5.0596,69483.2338,4.5522,67877.2686,4.3472,74277.2137,4.2909,123923.8615,4.2624,156314.4365
20180604,002607.SZ,8.5781,8.8456,7.665,8.8456,8.0431,0.8024999999999984,9.9775,2021832.72,1816952.825,28.6657,34.93,7.379,457944.59,5.9779,245438.696,5.4541,213842.1362,4.7907,161228.2448,4.5104,138857.413,4.3615,154423.5502,4.3033,172679.6003
20180605,002607.SZ,8.2829,8.5504,8.0062,8.3936,8.8456,-0.45199999999999996,-5.1099,1518014.09,1368778.768,21.5225,3.31,7.8494,757004.288,6.4428,387948.348,5.8131,318938.3277,5.0081,231235.4543,4.6626,186030.3193,4.426,176792.2863,4.3408,184864.1502
20180606,002607.SZ,8.8548,9.233,8.3106,8.6519,8.3936,0.2583000000000002,3.0773,2003409.15,1948104.771,28.4045,2.65,8.2497,1153272.168,6.8957,587438.274,6.1962,465890.9854,5.2373,324594.6762,4.8237,249246.653,4.4946,207833.9152,4.3807,201045.6933
20180607,002607.SZ,8.4859,9.5189,8.4859,9.5189,8.6519,0.8670000000000009,10.0209,1369458.75,1341451.554,19.4163,1.19,8.6906,1419787.89,7.3938,723124.632,6.6418,565020.6885,5.5123,386160.0086,5.0134,292656.002,4.5781,228379.4488,4.4272,211805.2454
20180608,002607.SZ,10.4229,10.469,10.0908,10.469,9.5189,0.9500999999999991,9.9812,610326.0,687085.72,8.6532,0.43,9.1758,1504608.142,7.9417,781242.097,7.1591,604821.3369,5.8351,410411.3943,5.233,309843.3547,4.6781,236239.681,4.4818,216426.8321
20180611,002607.SZ,11.5205,11.5205,11.253,11.5205,10.469,1.0515000000000008,10.0439,572052.96,714276.556,8.1106,0.38,9.7108,1214652.19,8.5449,836298.39,7.7281,648170.8038,6.208,435283.8114,5.4857,324571.869,4.8004,242436.5395,4.5452,220687.6222
20180612,002607.SZ,11.5758,12.6735,11.1792,12.6735,11.5205,1.1530000000000005,10.0082,1721656.27,2227117.684,24.4097,1.42,10.5668,1255380.626,9.2081,1006192.457,8.3539,779637.0423,6.6411,513252.4562,5.7799,379060.449,4.9415,269514.8877,4.6178,234170.2118
20180613,002607.SZ,13.9371,13.9371,13.3837,13.9371,12.6735,1.2635999999999985,9.9704,1631853.97,2454607.315,23.1365,1.3,11.6238,1181069.59,9.9368,1167170.879,9.0421,902921.8592,7.1326,588185.0452,6.1154,431158.6747,5.1043,294736.6105,4.7017,247144.0809
20180619,002607.SZ,13.1992,13.808,12.5443,12.5443,13.9371,-1.3927999999999994,-9.9935,635322.74,908694.297,9.0076,0.54,12.2289,1034242.388,10.4598,1227015.139,9.5849,950139.76,7.553,611525.7952,6.405,450311.643,5.246,302631.2808,4.7737,252037.3562
20180620,002607.SZ,11.2899,13.7434,11.2899,12.037,12.5443,-0.507299999999999,-4.0441,2189871.56,2809111.216,31.0481,2.12,12.5425,1350151.5,10.8591,1427379.821,10.0461,1116844.0646,7.9487,708578.5552,6.6783,521258.621,5.3795,337375.1068,4.8416,269882.3705
20180621,002607.SZ,11.3452,11.4836,10.8379,10.8379,12.037,-1.1991000000000014,-9.9618,1377236.69,1654312.88,19.5265,1.02,12.406,1511188.246,11.0584,1362920.218,10.3682,1221087.6754,8.29,769731.5119,6.912,565571.0877,5.4923,358795.5708,4.8995,280861.8573
20180622,002607.SZ,10.3583,11.253,9.9709,10.3306,10.8379,-0.507299999999999,-4.6808,1356305.65,1544965.251,19.2298,0.9,11.9374,1438118.122,11.2521,1346749.374,10.6002,1322581.9454,8.6045,830471.1805,7.1284,609352.4263,5.5962,379330.9687,4.9532,291699.5959
20180625,002607.SZ,10.386,10.7457,9.6942,10.5704,10.3306,0.2397999999999989,2.3213,1420764.25,1586681.2,20.1437,0.99,11.264,1395900.178,11.4439,1288484.884,10.7946,1417546.5231,8.9295,893701.9748,7.356,654158.3423,5.6974,397214.1598,5.0084,302898.0112
20180626,002607.SZ,10.2292,10.9486,10.1461,10.5059,10.5704,-0.06449999999999889,-0.6102,1212449.05,1377289.366,17.1902,0.87,10.8564,1511325.44,11.5426,1272783.914,10.9224,1355286.2408,9.2334,951032.411,7.5832,691205.0807,5.7945,406234.6658,5.0631,312030.7211
20180627,002607.SZ,10.3398,10.9671,10.2661,10.6166,10.5059,0.11069999999999958,1.0537,1208150.33,1393330.338,17.1292,0.8,10.5723,1314981.194,11.5574,1332566.347,11.0934,1331450.5669,9.5229,1007963.609,7.8141,729819.0183,5.8961,421068.3335,5.1195,321456.7828
20180628,002607.SZ,10.4136,10.4413,9.5558,9.5558,10.6166,-1.0608000000000004,-9.9919,1213519.06,1315261.409,17.2053,0.92,10.3159,1282237.668,11.3609,1396712.957,11.1629,1270689.7908,9.7403,1064362.0714,8.0133,767459.1627,5.9812,437006.4758,5.1662,330893.7863
20180629,002607.SZ,9.3621,9.7772,9.2883,9.6665,9.5558,0.11069999999999958,1.1585,988096.64,1022279.096,14.0093,0.77,10.183,1208595.866,11.0602,1323356.994,11.1742,1241354.2438,9.9393,1110390.9576,8.215,798453.3973,6.0691,450483.6365,5.2139,338437.9503
20180702,002607.SZ,9.5927,9.9893,9.4544,9.6573,9.6665,-0.009199999999999875,-0.0952,924779.97,973272.327,13.1116,0.77,10.0004,1109399.01,10.6322,1252649.594,11.1118,1265543.0108,10.1114,1153346.4038,8.413,824440.4967,6.1543,461334.3962,5.261,344990.6293
20180703,002607.SZ,9.5466,9.8233,9.3621,9.4082,9.6573,-0.24909999999999854,-2.5794,822473.88,854587.663,11.6611,0.74,9.7809,1031403.976,10.3186,1271364.708,10.9493,1284806.1585,10.2428,1191460.8862,8.6024,846797.506,6.2379,471342.472,5.3057,351112.6072
20180704,002607.SZ,9.2791,10.1461,9.2791,9.5835,9.4082,0.1753,1.8633,1168712.66,1238851.225,16.5701,1.13,9.5743,1023516.442,10.0733,1169248.818,10.7116,1242272.0346,10.3508,1245357.6729,8.7995,882653.7747,6.3295,486859.2537,5.3521,360371.4948
20180705,002607.SZ,9.2238,9.3806,8.6242,8.6888,9.5835,-0.8947000000000003,-9.3358,1164366.74,1132971.995,16.5085,1.14,9.4009,1013685.978,9.8584,1147961.823,10.3079,1206311.4785,10.3816,1291935.8633,8.9649,918773.579,6.405,504159.2445,5.3901,368900.8706
20180706,002607.SZ,8.855,9.0306,8.5315,8.7903,8.6886,0.10170000000000101,1.1705,767983.91,730291.921,10.8885,0.76,9.2256,969663.432,9.7043,1089129.649,10.0191,1216516.1838,10.3789,1232228.7771,9.1331,941275.7903,6.4828,515208.6348,5.4297,374658.0328
20180709,002607.SZ,8.7995,9.0768,8.6978,9.0768,8.7903,0.2865000000000002,3.2593,692696.19,667023.344,9.8211,0.71,9.1095,923246.676,9.555,1016322.843,9.7914,1101348.8477,10.4115,1192927.9248,9.2982,964082.0003,6.5666,525017.4637,5.472,379740.2594
20180710,002607.SZ,8.9751,9.2247,8.9012,9.0953,9.0768,0.018499999999999517,0.2038,709385.54,695124.035,10.0577,0.77,9.0469,900629.008,9.4139,966016.492,9.6574,1049975.6823,10.4326,1131307.7529,9.4501,987308.346,6.6533,534561.64,5.5144,385114.1386
20180711,002607.SZ,8.7903,9.3171,8.4205,9.197,9.0953,0.10169999999999924,1.1182,961926.22,927991.518,13.6382,1.07,8.9696,859271.72,9.272,941394.081,9.5702,1019638.8031,10.4173,1111901.4419,9.5903,1018400.8417,6.7415,549291.611,5.5574,392630.5034
20180712,002607.SZ,9.0583,9.6961,9.0121,9.3633,9.197,0.16630000000000145,1.8082,966442.78,980375.739,13.7023,1.12,9.1045,819686.928,9.2527,916686.453,9.4773,984690.9977,10.3646,1128859.3838,9.7195,1049899.2667,6.8326,564405.624,5.6017,400028.3731
20180713,002607.SZ,9.2339,9.5205,8.818,8.9751,9.3633,-0.3882000000000012,-4.146,862888.99,854022.806,12.2341,1.05,9.1415,838667.944,9.1836,904165.688,9.3596,957801.7623,10.2434,1142708.7186,9.8173,1077905.0463,6.9154,577496.2502,5.6426,406490.3854
20180716,002607.SZ,8.8735,9.6314,8.7995,9.4373,8.9751,0.46220000000000105,5.1498,893133.19,894840.221,12.6629,1.06,9.2136,878755.344,9.1616,901001.01,9.2689,933569.6746,10.0893,1103255.2386,9.9102,1106940.4943,7.0054,590205.8282,5.6876,413192.8472
20180717,002607.SZ,9.2986,9.6037,9.1785,9.465,9.4373,0.027699999999999392,0.2935,808532.22,821970.218,11.4634,0.92,9.2875,898584.68,9.1672,899606.844,9.2619,902416.8408,9.8763,1064049.441,9.9819,1132662.2303,7.0976,602090.2333,5.7329,418969.0066
20180718,002607.SZ,9.4835,9.5667,8.9844,8.9936,9.465,-0.47139999999999915,-4.9805,671927.42,668994.762,9.5266,0.75,9.2469,840584.92,9.1083,849928.32,9.2101,878096.1315,9.7072,1065792.521,10.0136,1148852.3197,7.1804,611564.7667,5.7744,424008.5762
20180719,002607.SZ,8.8919,9.197,8.8919,9.1507,8.9936,0.1570999999999998,1.7468,516042.72,506397.496,7.3165,0.61,9.2043,750504.908,9.1544,785095.918,9.1711,846654.8046,9.5698,986086.3857,10.0237,1098659.3197,7.2671,618758.3663,5.8173,427608.6208
20180720,002607.SZ,9.1138,9.1692,8.8457,9.0306,9.1507,-0.12010000000000076,-1.3125,427721.48,416468.189,6.0643,0.57,9.2154,663471.406,9.1785,751069.675,9.1421,816289.2354,9.4837,940871.3757,10.045,1062316.2327,7.3538,624173.276,5.859,430605.6545
20180723,002607.SZ,8.9197,8.9751,8.6054,8.6886,9.0306,-0.3420000000000005,-3.7871,490454.74,465208.363,6.9537,0.74,9.0657,582935.716,9.1397,730845.53,9.0733,764115.5492,9.4056,899640.38,10.0462,1011884.419,7.435,630565.536,5.898,434126.4665
20180724,002607.SZ,8.7348,9.1323,8.5962,8.9659,8.6886,0.2773000000000003,3.1915,566036.93,544933.076,8.0253,0.97,8.9659,534436.658,9.1267,716510.669,9.0946,718090.1792,9.3291,858939.079,10.0277,985103.6917,7.5206,638879.8468,5.9393,438335.9992
20180725,002607.SZ,8.818,9.123,8.7163,9.0121,8.9659,0.046200000000000685,0.5153,581994.9,560391.073,8.2516,1.09,8.9696,516450.154,9.1082,678517.537,9.1116,703783.3323,9.258,828917.4529,9.9792,984159.3217,7.6061,647001.3382,5.9782,439629.1126
20180726,002607.SZ,8.9751,9.9179,8.8087,9.2617,9.0121,0.24959999999999916,2.7696,1331706.15,1356687.626,18.881,2.58,8.9918,679582.84,9.0981,715043.874,9.1259,752937.9446,9.1935,834801.0633,9.9039,1009481.0947,7.6948,667026.4818,6.0187,446715.9409
20180727,002607.SZ,9.1045,9.1692,8.4852,8.6239,9.2617,-0.6377999999999986,-6.8864,804163.88,764837.779,11.4015,1.18,8.9104,754871.32,9.0629,709171.363,9.0896,760228.5862,9.1491,815307.9595,9.7689,978898.015,7.7744,678979.232,6.0531,449102.9982
20180730,002607.SZ,8.4852,8.7256,7.8382,8.0416,8.6239,-0.5823,-6.7522,634205.3,563176.636,8.9918,0.84,8.781,783621.432,8.9234,683278.574,9.0007,735019.2846,9.0717,798455.991,9.5724,945643.0593,7.8439,688400.867,6.0834,452438.2849
20180731,002607.SZ,8.0416,8.1895,7.7181,8.1063,8.0416,0.06469999999999843,0.8046,496438.9,426785.792,7.0385,0.63,8.6091,769701.826,8.7875,652069.242,8.904,698865.14,8.9979,778058.7971,9.4245,941013.598,7.9147,695662.6205,6.1146,454691.7277
20180801,002607.SZ,8.0046,8.2634,7.8012,7.8567,8.1063,-0.24959999999999916,-3.0791,388516.85,337965.588,5.5084,0.5,8.378,731006.216,8.6738,623728.185,8.818,662374.9754,8.924,757394.1767,9.2851,880968.441,7.9817,701113.531,6.1444,456550.4841
20180802,002607.SZ,7.755,7.9306,7.145,7.487,7.8567,-0.3696999999999999,-4.7055,544048.9,441092.336,7.7136,0.74,8.0231,573474.766,8.5074,626528.803,8.668,635522.3377,8.8242,727648.2833,9.1734,853195.5147,8.0427,709383.3012,6.1684,457668.7933
20180803,002607.SZ,7.4223,7.6534,7.2374,7.3114,7.487,-0.1756000000000002,-2.3454,382739.62,307581.619,5.4265,0.67,7.7606,489189.914,8.3355,622030.617,8.5023,602769.0608,8.7586,690427.9443,9.0728,820743.3137,8.1006,715047.87,6.1921,458715.6194
20180806,002607.SZ,7.2744,7.4408,6.8122,6.9416,7.3114,-0.3697999999999997,-5.0579,456965.44,351479.696,6.4789,0.93,7.5406,453741.942,8.1608,618681.687,8.3445,586233.5238,8.6705,675617.541,8.9518,788616.6867,8.1539,721387.5145,6.2125,460725.1672
20180807,002607.SZ,7.0618,7.2004,6.8307,7.1265,6.9416,0.18489999999999984,2.6637,412586.68,314791.487,5.8497,0.91,7.3446,436971.498,7.9769,603336.662,8.1888,578275.3669,8.5777,662278.9929,8.8392,761954.6077,8.2112,726579.8442,6.2349,462739.9512
20180808,002607.SZ,7.1357,7.4685,6.8954,6.9324,7.1265,-0.19409999999999972,-2.7236,619689.55,483205.442,8.786,1.42,7.1598,483206.038,7.7689,607106.127,8.0274,593042.1415,8.4747,658007.7552,8.7164,742339.2483,8.2652,736079.1333,6.2563,466651.1462
20180809,002607.SZ,6.5257,7.2004,6.4517,7.0803,6.9324,0.14789999999999992,2.1335,697579.01,512058.382,9.8903,1.44,7.0784,513912.06,7.5508,543693.413,7.9036,608974.7777,8.3739,645419.7929,8.6338,725141.2467,8.3236,746300.2047,6.2796,471482.9253
20180810,002607.SZ,6.9971,7.0895,6.84,6.9694,7.0803,-0.1109,-1.5663,396823.36,298939.994,5.6262,0.77,7.01,516728.808,7.3853,502959.361,7.7501,595958.3492,8.2599,618295.0586,8.5439,705432.1373,8.3795,751942.7673,6.3015,473878.4373
20180813,002607.SZ,6.9139,7.1357,6.8307,7.0248,6.9694,0.05539999999999967,0.7949,387930.75,293564.377,5.5001,0.75,7.0267,502921.87,7.2836,478331.906,7.5972,581030.3377,8.167,595677.9995,8.4562,687537.1633,8.4346,755988.83,6.3238,476186.4228
20180814,002607.SZ,7.0248,7.4592,6.9601,7.3021,7.0248,0.2773000000000003,3.9474,729173.14,571619.934,10.3383,1.45,7.0618,566239.162,7.2032,501605.33,7.4465,534681.6446,8.0653,587870.3781,8.386,684427.1387,8.4942,765612.3223,6.3483,481151.8559
20180815,002607.SZ,7.2004,7.2651,6.8307,6.8307,7.3021,-0.47140000000000004,-6.4557,491413.5,375178.911,6.9673,0.87,7.0415,540583.952,7.1006,511894.995,7.3085,510623.9231,7.9399,572769.4867,8.2942,661850.5,8.5468,772252.1373,6.3687,484379.3437
20180816,002607.SZ,6.6551,6.7845,6.5164,6.6551,6.8307,-0.1756000000000002,-2.5707,349402.79,252010.348,4.9539,0.65,6.9564,470948.708,7.0174,492430.384,7.2019,488716.0377,7.8285,557411.171,8.2264,634685.035,8.5957,776729.307,6.3839,485009.3018
20180817,002607.SZ,6.7475,6.8122,6.5164,6.5442,6.6551,-0.1109,-1.6664,299632.8,215663.938,4.2482,0.64,6.8714,451510.596,6.9407,484119.702,7.0817,473577.1069,7.7044,547105.9367,8.1516,619073.3313,8.6423,780174.5608,6.3941,483857.5321
20180820,002607.SZ,6.5442,6.6274,6.3501,6.6089,6.5442,0.0647000000000002,0.9887,290812.38,204858.65,4.1232,0.64,6.7882,432086.922,6.9074,467504.396,6.9857,466061.3785,7.5891,540586.4557,8.0693,605677.2043,8.6837,784879.6023,6.4053,474146.3057
20180821,002607.SZ,6.5719,6.7013,6.5349,6.6458,6.6089,0.036900000000000155,0.5583,264976.58,190167.26,3.7569,0.61,6.6569,339247.61,6.8594,452743.386,6.921,444594.2769,7.4918,529849.4005,7.9877,590863.5723,8.7189,789085.9592,6.4178,470238.578
20180822,002607.SZ,6.7937,7.2282,6.7198,6.7568,6.6458,0.11099999999999977,1.6702,631822.12,475703.892,8.958,1.86,6.6422,367329.334,6.8418,453956.643,6.8784,463754.4692,7.3866,532982.0286,7.9063,579860.1023,8.7483,799130.472,6.4332,471295.64
20180823,002607.SZ,6.7845,6.8584,6.6458,6.7198,6.7568,-0.03699999999999992,-0.5476,352636.12,257113.946,4.9997,0.96,6.6551,367976.0,6.8058,419462.354,6.8613,455729.1369,7.2775,522060.1819,7.8182,559399.8803,8.7688,804649.5735,6.4499,470616.1767
20180824,002607.SZ,6.7013,6.7568,6.5257,6.5442,6.7198,-0.1756000000000002,-2.6132,288637.0,206944.794,4.0923,0.78,6.6551,365776.84,6.7632,408643.718,6.8165,446194.5462,7.1481,472390.2224,7.7372,540258.1473,8.7772,809081.5968,6.4653,471053.8728
20180827,002607.SZ,6.7752,7.1635,6.7013,6.9878,6.5442,0.4436,6.7785,573567.47,429490.889,8.1321,1.57,6.7309,422327.858,6.7595,427207.39,6.8208,442646.6938,7.0702,461409.441,7.6555,529605.9567,8.7829,818273.2255,6.4858,473272.9701
20180828,002607.SZ,6.9509,6.9509,6.8307,6.8769,6.9878,-0.1109,-1.5871,304705.67,226677.599,4.3196,0.72,6.7771,430273.676,6.717,384760.643,6.8051,412425.6677,7.0147,445718.9824,7.5692,512811.7383,8.7756,822736.9843,6.5053,474143.1585
20180829,002607.SZ,6.8584,6.9971,6.729,6.9971,6.8769,0.12019999999999964,1.7479,351510.54,261202.094,4.9831,0.82,6.8252,374211.36,6.7337,370770.347,6.8072,408940.0662,6.9619,438817.6319,7.5027,502131.1757,8.7581,825491.7477,6.5245,474707.8046
20180830,002607.SZ,6.9509,7.108,6.7752,6.8215,6.9971,-0.1755999999999993,-2.5096,360643.59,271155.619,5.1126,0.96,6.8455,375812.854,6.7503,371894.427,6.7916,406841.0538,6.9126,437490.3338,7.4251,496951.2047,8.7244,797805.2622,6.5429,476114.4062
20180831,002607.SZ,6.729,6.7845,6.6274,6.7013,6.8215,-0.12020000000000053,-1.7621,233461.77,169009.526,3.3096,0.62,6.8769,364777.808,6.766,365277.324,6.7454,368709.41,6.8752,422700.4705,7.3474,490475.881,8.6962,776396.0568,6.5611,476594.1716
20180903,002607.SZ,6.6366,6.6736,6.387,6.5904,6.7013,-0.1109,-1.6549,241488.94,170678.337,3.4234,0.66,6.7974,298362.102,6.7642,360344.98,6.7269,349484.4438,6.8408,415974.2476,7.2775,482177.021,8.6618,747030.72,6.5782,477432.3176
20180904,002607.SZ,6.5627,6.7383,6.5442,6.6828,6.5904,0.09240000000000048,1.402,231315.14,166271.744,3.2792,0.78,6.7586,283683.996,6.7679,356978.836,6.729,340400.7785,6.8285,405228.9952,7.2014,471019.628,8.6146,728061.6598,6.5963,478220.5543
20180905,002607.SZ,6.6274,6.7475,6.5257,6.5257,6.6828,-0.15710000000000068,-2.3508,230688.58,165477.149,3.2703,0.81,6.6643,259519.604,6.7448,316865.482,6.7276,335097.3769,6.7999,396567.181,7.1185,459309.4173,8.5488,721734.3695,6.6135,478987.0252
20180906,002607.SZ,6.5164,6.5996,6.4333,6.4887,6.5257,-0.03699999999999992,-0.567,186590.6,131442.016,2.6452,0.72,6.5978,224709.006,6.7216,300260.93,6.7184,327080.3169,6.7788,375943.4214,7.0261,421138.899,8.465,715309.9968,6.6327,478873.2682
20180907,002607.SZ,6.4887,7.1357,6.4055,6.8215,6.4887,0.33280000000000065,5.1289,545723.38,402598.597,7.7363,2.43,6.6218,287161.328,6.7494,325969.568,6.7319,348676.2246,6.7665,368712.201,6.966,412524.2157,8.3674,695711.1153,6.6545,482613.0015
20180910,002607.SZ,6.729,7.1172,6.6736,7.0156,6.8215,0.19409999999999972,2.8454,525848.98,393974.96,7.4546,1.83,6.7069,344033.336,6.7522,321197.719,6.7518,340524.4446,6.7687,374856.2781,6.9318,408912.3383,8.2521,677277.6988,6.6782,486007.1547
20180911,002607.SZ,6.8769,7.0156,6.803,6.8862,7.0156,-0.1294000000000004,-1.8445,320842.2,239375.98,4.5484,0.93,6.7475,361938.748,6.7531,322811.372,6.7646,338078.7585,6.7621,371661.5852,6.8911,403059.115,8.1578,672036.3565,6.7019,487333.8187
20180912,002607.SZ,6.8307,7.0803,6.803,6.9231,6.8862,0.036900000000000155,0.5359,313337.54,235575.144,4.442,0.87,6.827,378468.54,6.7457,318994.072,6.7937,339978.8,6.744,351859.89,6.86,400553.138,8.0725,640760.7895,6.726,489067.9482
20180913,002607.SZ,6.9878,7.0248,6.8122,6.9509,6.9231,0.027800000000000047,0.4016,252992.8,188841.606,3.5865,0.67,6.9195,391748.98,6.7586,308228.993,6.7909,315319.21,6.7497,340506.5233,6.8421,390851.268,8.0078,622023.3913,6.75,490409.4811
20180914,002607.SZ,7.0433,7.2744,6.5627,6.6828,6.9509,-0.26809999999999956,-3.8571,455901.53,343483.238,6.463,1.16,6.8917,373784.61,6.7568,330472.969,6.776,326949.6608,6.751,345577.8919,6.8212,393289.9983,7.947,607016.656,6.7716,493173.8123
20180917,002607.SZ,6.4517,6.5164,6.1467,6.2022,6.6828,-0.4805999999999999,-7.1916,362435.86,249559.207,5.138,0.97,6.729,341101.986,6.718,342567.661,6.7148,327790.07,6.7348,348568.5138,6.7965,390139.0123,7.8742,589377.8495,6.7858,493296.0047
20180918,002607.SZ,6.1005,6.3408,6.1005,6.3408,6.2022,0.1385999999999994,2.2347,231359.99,156497.405,3.2798,0.68,6.62,323205.544,6.6838,342572.146,6.6778,317845.1777,6.722,345737.4476,6.7703,384098.1227,7.8047,573026.3652,6.7996,489630.5155
20180919,002607.SZ,6.2946,6.9786,6.2391,6.9786,6.3408,0.6378000000000004,10.0587,610322.96,445509.2,8.6521,1.89,6.6311,382602.628,6.729,380535.584,6.6992,346834.5,6.7378,362182.5133,6.7719,383785.903,7.7441,563062.5757,6.8201,492065.4546
20180920,002607.SZ,7.0433,7.3853,6.8769,7.0803,6.9786,0.10170000000000012,1.4573,723129.13,555651.37,10.2513,1.89,6.6569,476629.894,6.7882,434189.437,6.7369,383883.7454,6.7532,366530.4662,6.7719,384637.5737,7.7029,554889.4102,6.842,495947.943
20180921,002607.SZ,7.2467,7.3576,7.0341,7.1819,7.0803,0.10159999999999947,1.435,590190.91,460885.916,8.3667,1.24,6.7568,503487.77,6.8242,438636.19,6.7753,411489.5738,6.7753,377842.599,6.7789,391083.1587,7.6614,548257.648,6.8653,499370.6422
20180925,002607.SZ,7.2559,7.8844,7.0803,7.6718,7.1819,0.48990000000000045,6.8213,714722.81,581961.607,10.1321,1.42,7.0507,573945.16,6.8899,457523.573,6.8634,448722.9762,6.8289,398132.3995,6.8005,401976.2273,7.6284,544756.6953,6.8913,503045.5457
20180926,002607.SZ,7.6164,7.7458,7.487,7.5609,7.6718,-0.1109,-1.4456,489200.49,401809.039,6.9351,0.85,7.2947,625513.26,6.9573,474359.402,6.9459,472000.66,6.8562,394114.9243,6.8091,393977.139,7.5976,539202.1388,6.9177,505272.3054
20180927,002607.SZ,7.4038,7.4777,7.0803,7.0803,7.5609,-0.4805999999999999,-6.3564,492572.77,385542.38,6.9829,0.79,7.315,601963.222,6.9731,492282.925,6.9658,467912.1515,6.8659,403060.9767,6.8175,394015.7813,7.5558,527933.1407,6.9427,507396.1972
20180928,002607.SZ,7.1912,7.3483,7.0618,7.1727,7.0803,0.0923999999999996,1.305,341083.73,265937.835,4.8353,0.57,7.3335,525554.142,6.9952,501092.018,6.9779,453699.44,6.8743,402564.4619,6.8347,393738.4793,7.5306,514211.7572,6.9678,509185.5008
20181008,002607.SZ,7.0248,7.0895,6.766,6.9324,7.1727,-0.24029999999999951,-3.3502,241484.23,181447.42,3.4234,0.46,7.2836,455812.806,7.0202,479650.288,6.9814,447594.9808,6.8796,396890.2067,6.8477,391800.1937,7.4996,505436.7625,6.9912,510322.6987
20181009,002607.SZ,6.9231,7.0895,6.8492,6.9694,6.9324,0.03699999999999992,0.5337,197506.3,148784.811,2.7999,0.43,7.1431,352369.504,7.0969,463157.332,6.985,438684.8854,6.8923,395178.0414,6.8597,388689.991,7.4645,497183.5977,7.0155,511100.5307
20181010,002607.SZ,6.9786,7.6626,6.8677,7.45,6.9694,0.4805999999999999,6.8959,418111.17,328110.577,5.9273,1.19,7.121,338151.64,7.2078,481832.45,7.0234,451386.2985,6.9333,403588.6238,6.8865,393794.4773,7.4371,492329.0248,7.0452,513445.3324
20181011,002607.SZ,7.0988,7.2097,6.7013,6.7013,7.45,-0.7487000000000004,-10.0497,367554.53,277432.885,5.2106,1.09,7.0452,313147.992,7.1801,457555.607,7.0248,444590.3754,6.9341,410076.2138,6.8846,384985.5577,7.3955,482422.83,7.0685,515857.2205
20181012,002607.SZ,6.461,6.6921,6.1652,6.6089,6.7013,-0.0923999999999996,-1.3788,336681.17,235041.354,4.7729,1.08,6.9324,312267.48,7.133,418910.811,7.0561,442609.2454,6.9381,415123.48,6.8809,384453.726,7.3496,471926.8032,7.0911,518166.2136
20181015,002607.SZ,6.6828,6.7383,6.5442,6.5534,6.6089,-0.05550000000000033,-0.8398,185885.03,133463.941,2.6352,0.6,6.8566,301147.64,7.0701,378480.223,7.0725,439111.1715,6.9412,415089.8814,6.8812,381028.6603,7.3092,460643.4038,7.1123,519069.827
20181016,002607.SZ,6.5442,6.84,6.3778,6.5719,6.5534,0.018500000000000405,0.2823,238856.48,170811.309,3.3861,0.79,6.7771,309417.676,6.9601,330893.59,7.0412,410536.8269,6.9293,400477.1719,6.8674,369871.6273,7.2614,449738.792,7.1334,519972.3101
20181017,002607.SZ,6.6551,6.7383,6.498,6.7198,6.5719,0.14789999999999992,2.2505,241255.51,173729.476,3.4201,0.78,6.6311,274046.544,6.876,306099.092,7.0134,373469.6254,6.9152,386925.1019,6.8621,367756.622,7.2157,440284.1802,7.1567,521187.2067
20181018,002607.SZ,6.6828,6.6828,6.4333,6.4887,6.7198,-0.23110000000000053,-3.4391,209321.54,147926.879,2.9674,0.76,6.5885,242399.946,6.8169,277773.969,6.9601,344171.9815,6.8963,381614.5943,6.8452,363016.9887,7.1739,432574.0822,7.1772,522069.4244
20181019,002607.SZ,6.2761,6.6551,6.156,6.5904,6.4887,0.10170000000000012,1.5673,229145.2,160313.63,3.2484,0.95,6.5848,220892.752,6.7586,266580.116,6.8769,306819.8577,6.8804,377605.4352,6.8375,358633.709,7.1313,427792.4568,7.1992,523275.4116
20181022,002607.SZ,6.8954,7.2467,6.7937,7.2467,6.5904,0.6562999999999999,9.9584,560939.49,430251.29,7.952,2.54,6.7235,295903.644,6.7901,298525.642,6.8528,312338.2423,6.8945,392269.5633,6.8557,369549.633,7.1015,430012.757,7.2277,527093.0165
20181023,002607.SZ,7.3021,7.8197,7.1265,7.4223,7.2467,0.1756000000000002,2.4232,816996.75,661460.588,11.582,2.76,6.8936,411531.698,6.8353,360474.687,6.8791,337293.9331,6.9297,409464.5738,6.8834,388733.2267,7.0804,435455.1238,7.2577,533010.3299
20181024,002607.SZ,7.3668,7.7458,7.3298,7.487,7.4223,0.0647000000000002,0.8717,461861.39,377046.027,6.5475,1.12,7.047,455652.874,6.839,364849.709,6.9032,346584.5223,6.9909,414199.1229,6.9102,396418.1017,7.0558,433718.8648,7.2882,536299.3558
20181025,002607.SZ,7.1172,7.5609,7.108,7.5332,7.487,0.0461999999999998,0.6171,424606.65,337622.889,6.0194,0.93,7.2559,498709.896,6.9222,370554.921,6.9495,360670.8623,7.0477,423401.3448,6.9438,402882.0373,7.0311,431095.7273,7.3186,539048.5327
20181105,002607.SZ,8.2911,8.2911,8.2911,8.2911,7.5332,0.7579000000000002,10.0608,11234.4,10077.256,0.1593,0.02,7.5961,455127.736,7.0905,338010.244,7.0511,346342.2546,7.1102,394873.3181,7.0039,397036.8307,7.015,409087.8648,7.3549,538057.1733
20181106,002607.SZ,9.123,9.123,9.123,9.123,8.2911,0.8318999999999992,10.0337,21723.0,21440.601,0.308,0.05,7.9713,347284.438,7.3474,321594.041,7.1798,315850.8569,7.2075,361473.0262,7.0806,379570.1513,7.0233,396047.1835,7.3988,537513.2077
20181107,002607.SZ,9.844,9.844,8.2357,8.8457,9.123,-0.27729999999999855,-3.0396,1476021.58,1443580.962,20.9245,4.25,8.256,479089.404,7.5748,445310.551,7.3448,401117.5531,7.2867,403655.439,7.1416,411242.5713,7.0367,410077.4548,7.4403,549239.1609
20181108,002607.SZ,8.6424,9.3633,8.476,9.0768,8.8457,0.23109999999999964,2.6126,925339.66,898213.337,13.1179,1.93,8.574,571785.058,7.8105,513718.966,7.5346,446398.9754,7.3536,413684.8129,7.2146,431392.4867,7.0529,417225.8008,7.4838,556444.2107
20181109,002607.SZ,8.9012,9.0029,8.2357,8.2634,9.0768,-0.8133999999999997,-8.9613,676784.78,627007.795,9.5943,1.18,8.72,622220.684,7.988,560465.29,7.6662,484160.4946,7.3871,422617.3981,7.2593,443507.3947,7.0596,422030.2663,7.5207,561571.8987
20181112,002607.SZ,8.1525,8.4852,7.8567,8.2542,8.2634,-0.009199999999999875,-0.1113,518461.76,458901.437,7.3499,0.83,8.7126,723666.156,8.1543,589396.946,7.7956,505668.5931,7.443,423850.2071,7.3027,452356.36,7.0724,421603.814,7.5576,565493.5576
20181113,002607.SZ,8.0138,8.439,7.9584,8.2911,8.2542,0.03689999999999927,0.447,527187.14,469862.65,7.4736,0.73,8.5462,824758.984,8.2588,586021.711,7.9164,527663.3338,7.4962,432712.2743,7.3563,454732.547,7.0888,424011.2727,7.5947,569529.5713
20181114,002607.SZ,8.2264,8.3836,8.0878,8.171,8.2911,-0.12010000000000076,-1.4485,432944.79,385855.256,6.1376,0.52,8.4113,616143.626,8.3337,547616.515,8.0458,544865.1223,7.5552,441829.4438,7.422,457082.8447,7.1092,423610.9285,7.6316,572499.2215
20181115,002607.SZ,8.2172,8.3281,8.0878,8.2264,8.171,0.05540000000000056,0.678,352288.39,312678.649,4.9941,0.57,8.2412,501533.372,8.4076,536659.215,8.1717,554337.6754,7.6151,449200.0195,7.4848,461113.7913,7.1276,422605.957,7.6694,574592.9006
20181116,002607.SZ,8.097,8.3928,8.0046,8.2542,8.2264,0.027800000000000935,0.3379,440168.84,389442.471,6.24,0.88,8.2394,454210.184,8.4797,538215.434,8.2492,545047.6254,7.6534,450250.3848,7.5273,455441.9873,7.1496,419613.9452,7.7074,577846.5392
20181119,002607.SZ,8.2172,8.2542,8.0231,8.0508,8.2542,-0.20340000000000025,-2.4642,338384.02,297235.748,4.797,0.74,8.1987,418194.636,8.4557,570930.396,8.2975,508231.2615,7.7176,448861.3129,7.5597,442617.1503,7.1658,413627.362,7.7447,579963.7833
20181120,002607.SZ,7.9399,7.9399,7.6626,7.755,8.0508,-0.29580000000000073,-3.6742,356839.71,301814.033,5.0587,0.85,8.0915,384125.15,8.3189,604442.067,8.3181,500152.6708,7.7722,449821.2433,7.5788,434838.777,7.1789,412960.9678,7.7792,582451.8676
20181121,002607.SZ,7.6256,7.9306,7.5332,7.8659,7.755,0.1109,1.43,256618.15,215285.45,3.6379,0.67,8.0305,348859.822,8.2209,482501.724,8.3437,487230.4785,7.8347,453189.4871,7.5853,419568.6217,7.1929,410772.4245,7.8137,583380.6272
20181122,002607.SZ,7.8659,7.9399,7.7828,7.829,7.8659,-0.036900000000000155,-0.4691,198132.99,168526.693,2.8088,0.57,7.951,318028.742,8.0961,409781.057,8.3082,501607.2931,7.8946,451250.2733,7.5942,409866.3717,7.2017,401921.7553,7.8479,583767.0388
20181123,002607.SZ,7.8197,8.2819,7.8012,8.1155,7.829,0.2865000000000011,3.6595,547232.57,481074.238,7.7577,1.72,7.9232,339441.488,8.0813,396825.836,8.2307,542031.1062,7.961,465820.6095,7.6287,411688.365,7.2231,402852.0732,7.885,587552.1052
20181126,002607.SZ,8.097,8.097,7.7735,7.9306,8.1155,-0.18490000000000073,-2.2784,267685.6,229884.576,3.7948,0.79,7.8992,325301.804,8.049,371748.22,8.1603,449082.1846,8.0297,468599.8505,7.654,409241.7607,7.2443,401490.12,7.92,589109.7135
20181127,002607.SZ,7.9676,8.0231,7.3853,7.6164,7.9306,-0.3142000000000005,-3.9619,354147.4,295163.099,5.0205,1.09,7.8715,324763.342,7.9815,354444.246,8.048,405144.3185,8.0785,474552.3362,7.6768,412997.1997,7.2622,402398.6967,7.9523,591286.6287
20181128,002607.SZ,7.5794,7.8382,7.4685,7.792,7.6164,0.1756000000000002,2.3056,258656.15,214994.305,3.6668,0.8,7.8567,325170.942,7.9436,337015.382,8.0117,372980.5777,8.1045,460157.8914,7.7042,415035.528,7.2819,401862.7595,7.9828,593371.1809
20181129,002607.SZ,7.8197,7.8567,7.487,7.5886,7.792,-0.20340000000000025,-2.6104,216029.79,178979.732,3.0625,0.66,7.8086,328750.302,7.8798,323389.522,7.9605,349716.58,8.1124,431540.4171,7.7088,408299.482,7.2976,401046.9797,8.0083,595066.4694
20181130,002607.SZ,7.5147,7.5702,7.2189,7.4962,7.5886,-0.0923999999999996,-1.2176,182967.32,147027.637,2.5938,0.56,7.6848,255897.252,7.804,297669.37,7.8994,323238.1323,8.1129,418259.7471,7.7353,402146.575,7.31,393566.0663,8.0291,596348.2692
20181203,002607.SZ,7.8012,7.8937,7.5239,7.6256,7.4962,0.1294000000000004,1.7262,333311.22,278353.032,4.7251,1.3,7.6238,269022.376,7.7615,297162.09,7.8574,315574.0115,8.1173,413912.3457,7.7692,402034.2433,7.3251,393243.9847,8.047,598946.7791
20181204,002607.SZ,7.5517,7.7365,7.5147,7.5702,7.6256,-0.05540000000000056,-0.7265,227177.2,186586.49,3.2205,0.84,7.6145,243628.336,7.743,284195.839,7.8069,305950.0738,8.0829,424195.3362,7.8031,403410.649,7.3422,392219.6547,8.0597,600650.6257
20181205,002607.SZ,7.3853,7.45,7.2836,7.3206,7.5702,-0.24960000000000004,-3.2971,215467.43,171530.482,3.0545,0.88,7.5202,234990.592,7.6885,280080.767,7.7351,288665.35,7.9971,433421.2614,7.828,402631.014,7.3477,386251.3207,8.0653,602262.2731
20181206,002607.SZ,7.2651,7.413,7.0063,7.145,7.3206,-0.1756000000000002,-2.3987,240496.0,186763.88,3.4093,1.02,7.4315,239883.834,7.6201,284317.068,7.6654,281135.5023,7.9161,374586.71,7.8422,402605.697,7.3522,385181.1595,8.0639,603959.0719
20181207,002607.SZ,7.1265,7.1912,6.9971,7.108,7.145,-0.03699999999999992,-0.5178,171744.8,132136.649,2.4347,0.72,7.3539,237639.33,7.5193,246768.291,7.6157,266897.4323,7.8224,338701.2405,7.8629,401353.139,7.354,382185.0638,8.0561,603838.4057
20181210,002607.SZ,6.9971,7.0433,6.7198,6.803,7.108,-0.3049999999999997,-4.2909,220913.39,163879.483,3.1317,0.93,7.1894,215159.764,7.4066,242091.07,7.5339,264150.9123,7.7528,316993.079,7.8699,401078.7453,7.3537,379856.2272,8.0391,588830.7447
20181211,002607.SZ,6.8307,6.8862,6.7845,6.8769,6.803,0.07390000000000008,1.0863,121772.69,90063.949,1.7263,0.57,7.0507,194078.862,7.3326,218853.599,7.4607,258277.0431,7.6872,298103.1233,7.8576,386439.852,7.3566,377994.7425,8.0264,577195.3997
20181212,002607.SZ,6.9047,7.2744,6.8492,6.9786,6.8769,0.10170000000000012,1.4789,284846.09,217224.678,4.0381,1.47,6.9823,207954.594,7.2513,221472.593,7.3732,238093.4677,7.6247,286563.0733,7.8428,368701.4967,7.3631,378717.3617,8.0125,562874.0408
20181213,002607.SZ,6.9416,7.0063,6.8215,6.8769,6.9786,-0.10170000000000012,-1.4573,193247.02,144382.373,2.7395,0.93,6.9287,198504.798,7.1801,219194.316,7.2922,232367.4231,7.5631,275148.8938,7.8225,359747.6843,7.3664,378082.893,7.9905,553072.2764
20181214,002607.SZ,6.8307,6.8769,6.5349,6.5904,6.8769,-0.2865000000000002,-4.1661,233448.23,168746.262,3.3094,1.18,6.8252,210845.484,7.0895,224242.407,7.2132,223082.8715,7.4852,269489.8386,7.7911,353375.737,7.3674,378128.8872,7.9581,549931.6283
20181217,002607.SZ,6.5349,6.6551,6.4887,6.6274,6.5904,0.03699999999999992,0.5614,121456.59,86449.743,1.7218,0.58,6.79,190954.124,6.9897,203056.944,7.1236,212529.0592,7.4077,254313.0648,7.7356,357049.81,7.3697,377043.3203,7.9174,546176.6586
20181218,002607.SZ,6.5719,6.766,6.5534,6.6366,6.6274,0.009199999999999875,0.1388,202433.51,145716.947,2.8698,1.06,6.742,207086.288,6.8963,200582.575,7.0504,211483.1915,7.3404,247839.231,7.6527,363073.4937,7.3667,371321.8225,7.8671,533516.4689
20181219,002607.SZ,6.6643,6.7752,6.5164,6.6551,6.6366,0.018500000000000405,0.2788,166022.58,119872.061,2.3536,0.8,6.6773,183321.586,6.8298,195638.09,6.9857,210179.75,7.288,238752.701,7.5797,319406.8603,7.3607,365324.7158,7.8064,521301.2073
20181220,002607.SZ,6.6181,6.7013,6.5349,6.5996,6.6551,-0.05550000000000033,-0.8339,142374.0,102027.944,2.0183,0.78,6.6218,173146.982,6.7753,185825.89,6.9068,195492.2715,7.2277,233312.5033,7.4971,293308.005,7.3559,362350.2458,7.7568,517193.3012
20181221,002607.SZ,6.5719,6.6551,6.5349,6.5811,6.5996,-0.018499999999999517,-0.2803,136844.4,97649.575,1.9399,0.79,6.62,153826.216,6.7226,182335.85,6.8307,188543.5946,7.1683,230393.999,7.4411,275309.9923,7.3502,359408.6935,7.7114,500084.7415
20181224,002607.SZ,6.5072,6.6551,6.4148,6.6274,6.5811,0.046299999999999564,0.7035,162830.0,115827.261,2.3083,1.06,6.62,162100.898,6.705,176527.511,6.7774,184494.5615,7.0974,212089.1148,7.3868,263455.6003,7.3448,357905.9802,7.6763,489964.6857
20181225,002607.SZ,6.5534,6.6089,6.424,6.5349,6.6274,-0.09249999999999936,-1.3957,215766.33,151921.592,3.0588,1.33,6.5996,164767.462,6.6708,185926.875,6.7305,182592.2792,7.031,209616.7686,7.3283,253074.9067,7.3423,353903.7268,7.6446,480460.1914
20181226,002607.SZ,6.5627,6.8862,6.5534,6.7937,6.5349,0.2587999999999999,3.9603,328096.77,239974.508,4.6512,1.99,6.6273,197182.3,6.6523,190251.943,6.7063,194619.3538,6.9918,208376.2624,7.2824,249579.9727,7.3522,353331.4087,7.6132,471354.6291
20181227,002607.SZ,6.8677,6.9047,6.4702,6.5349,6.7937,-0.2587999999999999,-3.8094,244806.6,177649.283,3.4705,1.24,6.6144,217668.82,6.6181,195407.901,6.6857,196457.2931,6.9319,207716.76,7.226,245997.2463,7.3554,353555.5188,7.5801,463290.942
20181228,002607.SZ,6.5904,6.7845,6.5442,6.6551,6.5349,0.12019999999999964,1.8394,182271.78,131788.839,2.5839,0.84,6.6292,226754.296,6.6246,190290.256,6.6686,201111.0692,6.8875,206109.2357,7.1727,237400.6777,7.35,346421.3325,7.5471,454741.9541
20190102,002607.SZ,6.7013,6.7845,6.6274,6.7752,6.6551,0.12009999999999987,1.8046,173719.07,126150.667,2.4627,0.77,6.6588,228932.11,6.6394,195516.504,6.6529,192562.8369,6.8532,205668.8429,7.1302,231911.846,7.3449,337264.4982,7.5239,446076.9542
20190103,002607.SZ,6.7752,7.0803,6.7013,6.9786,6.7752,0.20340000000000025,3.0021,290400.51,217546.706,4.1168,1.27,6.7475,243858.946,6.6736,204313.204,6.6608,200036.1823,6.8223,203625.4757,7.1043,229697.206,7.3415,332267.9915,7.5015,440262.8197
20190104,002607.SZ,6.8862,7.2929,6.7937,7.2189,6.9786,0.24029999999999951,3.4434,292155.43,225138.674,4.1417,1.2,6.8325,236670.678,6.7299,216926.489,6.7091,204552.1208,6.8056,206719.6771,7.0827,230881.782,7.334,325225.2018,7.4812,434990.9486
20190107,002607.SZ,7.3298,7.3761,7.071,7.2189,7.2189,0.0,0.0,319052.38,249950.144,4.523,1.35,6.9693,251519.834,6.7919,234594.327,6.7546,219751.7969,6.8008,211652.2938,7.0624,234912.4283,7.3283,322389.4,7.4629,430795.7694
20190108,002607.SZ,7.2485,7.2485,6.9663,6.9858,7.2193,-0.23349999999999937,-3.2344,247408.18,179470.693,3.5073,0.98,7.0355,264547.114,6.8323,245650.705,6.7815,223211.3869,6.7932,211981.4452,7.0247,224918.282,7.3267,318303.3235,7.4413,423118.2321
20190109,002607.SZ,7.0345,7.1415,6.9955,7.0636,6.9858,0.07779999999999987,1.1137,245743.17,178816.511,3.4837,0.93,7.0932,278951.934,6.876,253942.022,6.8129,229343.74,6.7911,215505.1771,6.9958,224186.8677,7.3249,316714.3142,7.4277,415463.0357
20190110,002607.SZ,7.015,7.0442,6.8788,6.908,7.0636,-0.15559999999999974,-2.2028,176071.6,125993.083,2.496,0.63,7.079,256086.152,6.9133,249972.549,6.8366,231935.8631,6.7961,213369.8538,6.9722,218251.0077,7.3245,315624.1037,7.4121,410530.4331
20190111,002607.SZ,6.9469,6.9761,6.8301,6.9761,6.908,0.06809999999999938,0.9858,147551.24,104674.389,2.0917,0.58,7.0305,227165.314,6.9315,231917.996,6.867,232759.4662,6.8008,214597.4038,6.945,214547.5107,7.3246,314791.5193,7.3945,405987.5585
20190114,002607.SZ,6.9566,7.0734,6.8982,6.9955,6.9761,0.019400000000000084,0.2781,133229.8,95913.993,1.8887,0.59,6.9858,190000.798,6.9776,220760.316,6.8953,230482.5277,6.8016,207377.5805,6.9253,211787.511,7.317,310043.4965,7.3771,401186.2607
20190115,002607.SZ,7.0053,7.0734,6.9566,7.0345,6.9955,0.03900000000000059,0.5575,122396.35,88386.226,1.7351,0.64,6.9955,164998.432,7.0155,214772.773,6.9338,223300.2215,6.8091,204003.739,6.9099,209768.4787,7.3226,305957.5268,7.359,394190.1784
20190116,002607.SZ,7.2582,7.735,7.2582,7.3263,7.0345,0.2917999999999994,4.1481,617158.24,480749.593,8.749,3.74,7.0481,239281.446,7.0706,259116.69,6.9747,245535.7192,6.8442,222275.6443,6.8999,219230.046,7.3345,310632.1447,7.3421,391279.4739
20190117,002607.SZ,7.1123,7.5501,7.0539,7.3458,7.3263,0.01949999999999985,0.2662,398661.32,298521.029,5.6515,1.67,7.1356,283799.39,7.1073,269942.771,7.0371,257370.6977,6.8784,235475.8695,6.8924,224946.1833,7.3478,314178.4162,7.3285,387410.91
20190118,002607.SZ,7.2485,7.5988,7.1804,7.4917,7.3458,0.14590000000000014,1.9862,391778.77,299072.428,5.554,1.38,7.2388,332644.896,7.1346,279905.105,7.1015,273486.62,6.9191,244492.3105,6.8981,230823.228,7.3631,316727.121,7.3123,383232.9565
20190121,002607.SZ,7.5209,7.949,7.4431,7.8225,7.4917,0.3308,4.4156,435247.52,347088.339,6.1702,1.31,7.4042,393048.44,7.195,291524.619,7.182,293604.1931,6.9747,257312.5457,6.9207,237314.9453,7.3815,319960.3212,7.2986,380122.2507
20190122,002607.SZ,7.9101,7.9101,7.6085,7.6766,7.8225,-0.14590000000000014,-1.8651,283105.77,224621.171,4.0134,0.72,7.5326,425190.324,7.2641,295094.378,7.2357,293043.0592,7.026,264014.0586,6.9397,241026.9777,7.4013,321190.0583,7.2876,376882.0702
20190123,002607.SZ,7.6377,7.7058,7.4626,7.6669,7.6766,-0.009699999999999598,-0.1264,224686.2,175065.57,3.1852,0.53,7.6007,346695.916,7.3244,292988.681,7.2702,287853.1185,7.0777,268197.0014,6.9684,241152.738,7.4192,321115.7417,7.2752,374454.0992
20190124,002607.SZ,7.7544,7.8712,7.5598,7.6669,7.6669,0.0,0.0,238459.67,189157.332,3.3805,0.69,7.6649,314655.586,7.4003,299227.488,7.3046,281653.6792,7.1272,271798.4143,6.9948,245042.304,7.4262,315741.078,7.2639,372876.9175
20190125,002607.SZ,7.6182,7.7544,7.482,7.5307,7.6669,-0.13619999999999965,-1.7765,236712.83,185635.263,3.3557,0.75,7.6727,283642.398,7.4557,308143.647,7.3465,280830.96,7.1746,272795.8667,7.0132,243437.862,7.428,306069.6793,7.2542,370762.4016
20190128,002607.SZ,7.6085,7.6766,7.5209,7.6766,7.5307,0.14589999999999925,1.9374,159085.09,124099.591,2.2552,0.56,7.6435,228409.912,7.5239,310729.176,7.3937,274164.9538,7.2166,264747.6914,7.0398,242299.131,7.4312,301023.4077,7.2435,367371.1363
20190129,002607.SZ,7.8809,8.4258,7.8809,8.1923,7.6766,0.5156999999999998,6.7178,586760.72,494126.312,7.1527,2.57,7.7467,289140.902,7.6396,357165.613,7.4925,305756.4246,7.2955,281031.221,7.0932,254076.214,7.4422,303725.9755,7.2366,367410.8514
20190130,002607.SZ,8.1047,8.3285,8.0755,8.1728,8.1923,-0.019499999999998963,-0.238,300885.09,253188.407,3.6678,1.04,7.8479,304380.68,7.7243,325538.298,7.5845,317551.3362,7.3678,286679.4738,7.1448,260057.164,7.4402,308553.487,7.2276,358820.6759
20190131,002607.SZ,8.1631,8.202,7.9101,7.9393,8.1728,-0.23350000000000026,-2.857,226098.22,186652.232,2.7562,0.74,7.9023,301908.39,7.7836,308281.988,7.6571,324695.0608,7.4233,289173.719,7.1882,260845.9877,7.4205,311959.7407,7.2219,354003.4621
20190201,002607.SZ,8.0269,8.2117,7.9004,8.1533,7.9393,0.21399999999999952,2.6955,183582.96,152945.884,2.2379,0.61,8.0269,291282.416,7.8498,287462.407,7.7432,329401.7231,7.4792,284087.169,7.2381,261431.3337,7.4089,290419.097,7.2228,350248.2759
20190211,002607.SZ,8.1923,8.416,8.0755,8.3869,8.1533,0.23360000000000092,2.8651,254810.8,216284.348,3.1062,0.87,8.1689,310427.558,7.9062,269418.735,7.8248,301528.8431,7.5348,282308.8533,7.2977,265179.227,7.3974,279243.616,7.2251,348234.7084
20190212,002607.SZ,8.2701,8.5912,8.2117,8.3382,8.3869,-0.04870000000000019,-0.5807,278371.58,240234.042,3.3934,0.9,8.1981,248749.73,7.9724,268945.316,7.9011,292275.7862,7.5881,280371.6724,7.3563,269896.7997,7.3987,272603.396,7.2292,347316.8312
20190213,002607.SZ,8.3188,8.4063,8.2117,8.3382,8.3382,0.0,0.0,195721.37,167159.407,2.3859,0.79,8.2312,227716.986,8.0395,266048.833,7.9662,277194.4477,7.6525,277910.3957,7.4133,270993.1787,7.4001,267224.3895,7.2362,344414.1018
20190214,002607.SZ,8.6593,9.1749,8.5036,8.6593,8.3382,0.3210999999999995,3.851,405681.99,365758.546,4.9453,1.78,8.3752,263633.74,8.1388,282771.065,8.0306,274920.1762,7.7285,285526.53,7.4841,277323.7007,7.4062,265199.3037,7.2475,344605.2882
20190215,002607.SZ,8.669,8.8441,8.4744,8.7371,8.6593,0.07779999999999987,0.8985,233817.1,207660.008,2.8503,0.89,8.4919,273680.568,8.2594,282481.492,8.1122,271128.74,7.8156,288276.3157,7.5489,274181.045,7.4156,261880.5088,7.2624,342745.7187
20190218,002607.SZ,8.7177,9.029,8.6593,8.9609,8.7371,0.22380000000000067,2.5615,255984.66,233811.445,3.1205,0.94,8.6067,273915.34,8.3878,292171.449,8.2117,273536.3138,7.9101,293439.8119,7.6297,274553.647,7.4279,260275.4467,7.2777,341440.7018
20190219,002607.SZ,8.9706,9.5252,8.8733,9.4376,8.9609,0.47669999999999924,5.3198,408911.91,389472.515,4.9847,1.49,8.8266,300023.406,8.5124,274386.568,8.3479,286648.0246,8.0264,306567.5314,7.7225,282108.318,7.4476,259754.4978,7.2986,339684.2215
20190220,002607.SZ,9.4863,9.5739,9.2528,9.4571,9.4376,0.01950000000000074,0.2066,239414.22,231256.442,2.9185,0.8,9.0504,308761.976,8.6408,268239.481,8.4961,286855.8238,8.1418,312139.811,7.8119,284298.1563,7.471,258105.0012,7.3184,335866.1816
20190221,002607.SZ,9.5155,9.6712,8.6593,8.9414,9.4571,-0.5157000000000007,-5.453,699696.05,667777.06,8.5294,2.27,9.1068,367564.788,8.741,315599.264,8.5934,328441.2823,8.2187,316070.1829,7.8773,297941.341,7.4908,263819.2735,7.3348,338390.1207
20190222,002607.SZ,8.776,9.8366,8.7566,9.8366,8.9414,0.8952000000000009,10.0119,711313.93,694827.798,8.671,1.94,9.3267,463064.154,8.9093,368372.361,8.7199,338022.2985,8.3373,330958.4024,7.9646,311913.291,7.5237,271397.5365,7.3583,341084.9805
20190225,002607.SZ,10.3717,10.8192,10.2257,10.8192,9.8366,0.9825999999999997,9.9892,250255.37,274806.181,3.0506,0.54,9.6984,461918.296,9.1526,367916.818,8.9235,334127.7046,8.4957,324219.1929,8.0846,309620.0573,7.5735,272266.2428,7.3876,337093.9991
20190226,002607.SZ,11.6754,11.6949,10.323,10.4301,10.8192,-0.3891000000000009,-3.5964,712487.39,803660.774,8.6853,1.54,9.8969,522633.392,9.3618,411328.399,9.1151,371542.2562,8.6199,337421.0914,8.1994,325122.6977,7.6121,275020.4898,7.4176,338936.2815
20190227,002607.SZ,10.323,11.4614,10.0701,10.9944,10.4301,0.5643000000000011,5.4103,649586.7,720627.43,7.9185,1.24,10.2043,604667.888,9.6274,456714.932,9.3336,407388.6977,8.7779,354872.5643,8.3304,338584.1487,7.6631,281385.5082,7.4537,341437.8141
20190228,002607.SZ,10.8971,12.0257,10.7901,11.87,10.9944,0.8755999999999986,7.9641,624558.85,743755.494,7.6135,1.03,10.7901,589640.448,9.9484,478602.618,9.6015,435830.8554,8.978,373914.119,8.4958,353533.7237,7.734,285892.3657,7.4981,344145.5312
20190301,002607.SZ,11.8798,12.5024,11.3933,11.7922,11.87,-0.07779999999999987,-0.6554,461769.45,564720.654,5.629,0.78,11.1812,539731.552,10.254,501397.853,9.8672,449938.3838,9.1745,384547.9181,8.6564,364007.664,7.8007,289277.5873,7.5413,345570.1734
20190304,002607.SZ,11.8019,12.5316,11.5295,11.9673,11.7922,0.17510000000000048,1.4849,461761.07,571089.551,5.6289,0.86,11.4108,582032.692,10.5546,521975.494,10.1464,470402.9762,9.3858,395264.501,8.8221,374958.7063,7.8737,293373.1087,7.5857,347210.0442
20190305,002607.SZ,11.9673,12.0938,11.6852,11.9965,11.9673,0.02919999999999945,0.244,318373.85,389174.695,3.881,0.55,11.7241,503209.984,10.8105,512921.688,10.4031,463686.9654,9.5915,402849.68,8.9875,381491.2897,7.9487,295629.8842,7.6293,344597.9753
20190306,002607.SZ,11.9965,12.1133,11.6365,11.763,11.9965,-0.23349999999999937,-1.9464,305279.16,369737.224,3.7214,0.61,11.8778,434348.476,11.0411,519508.182,10.6359,469184.0469,9.7615,389445.7962,9.1354,371095.3203,8.0176,295162.6832,7.6714,344203.3339
20190307,002607.SZ,11.6852,11.7046,11.296,11.4127,11.763,-0.3503000000000007,-2.978,399665.11,471274.84,4.872,0.92,11.7863,389369.728,11.2882,489505.088,10.8245,480236.3892,9.9158,394149.6067,9.2709,371128.78,8.0817,298037.4817,7.7119,345128.5682
20190308,002607.SZ,10.9944,11.8895,10.8971,11.2571,11.4127,-0.15559999999999974,-1.3634,348583.17,409495.452,4.2493,0.9,11.6793,366732.472,11.4303,453232.012,10.9644,475595.7169,10.0738,399982.2233,9.3965,369688.9267,8.1473,300256.0773,7.7475,343253.699
20190311,002607.SZ,11.3057,11.8506,11.3057,11.8214,11.2571,0.5643000000000011,5.0128,316767.11,380181.901,3.8614,0.86,11.6501,337733.68,11.5305,459883.186,11.1463,481545.9392,10.2484,406324.3257,9.5298,365739.5797,8.2252,301527.2625,7.7887,343354.211
20190312,002607.SZ,11.8214,11.9089,11.4808,11.7533,11.8214,-0.06810000000000116,-0.5761,289399.15,347878.699,3.5278,0.86,11.6015,331938.74,11.6628,417574.362,11.3626,449984.6392,10.4087,407971.39,9.6656,365949.359,8.3026,303488.1683,7.8283,342836.6161
20190313,002607.SZ,11.656,11.7144,11.296,11.3349,11.7533,-0.4184000000000001,-3.5599,249348.7,293828.402,3.0396,0.75,11.5159,320752.648,11.6968,377550.562,11.4779,414448.8523,10.5514,406589.3481,9.7879,366771.4423,8.3782,303962.0902,7.866,341909.1587
20190314,002607.SZ,11.3641,11.7046,11.0333,11.2376,11.3349,-0.09729999999999883,-0.8584,221669.17,260358.123,2.7022,0.69,11.4809,285153.46,11.6336,337261.594,11.51,412249.9138,10.6895,407824.9576,9.9069,366211.759,8.4509,305627.0315,7.9038,341810.887
20190315,002607.SZ,11.2863,11.5587,11.1403,11.3252,11.2376,0.08760000000000012,0.7795,172291.49,201456.129,2.1003,0.6,11.4945,249895.124,11.5869,308313.798,11.5789,370696.3831,10.8165,396711.1243,10.0334,364064.381,8.5233,303751.1215,7.9432,341234.2416
20190318,002607.SZ,11.3836,11.8019,11.3544,11.763,11.3252,0.4377999999999993,3.8657,234985.83,281865.202,2.8645,0.94,11.4828,233538.868,11.5665,285636.274,11.638,338804.0085,10.9605,396766.7781,10.1696,366594.4057,8.6047,304446.7683,7.9855,341264.8307
20190319,002607.SZ,11.7435,12.1619,11.5781,12.0452,11.763,0.28219999999999956,2.399,230069.97,282433.735,2.8046,0.99,11.5412,221673.032,11.5713,276805.886,11.6515,308458.71,11.1074,395532.7452,10.2981,354704.714,8.6956,304390.464,8.0315,341259.6756
20190320,002607.SZ,12.0354,12.2495,11.8214,11.9576,12.0452,-0.08760000000000012,-0.7273,259348.9,319293.702,3.1615,1.17,11.6657,223673.072,11.5908,272212.86,11.6642,292887.8985,11.2274,388410.6971,10.4242,353320.1743,8.7845,306688.6692,8.0771,341865.9948
20190321,002607.SZ,11.9673,12.0646,11.6754,11.7241,11.9576,-0.23349999999999937,-1.9527,226563.73,275836.366,2.7618,1.01,11.763,224651.984,11.6219,254902.722,11.6455,274795.7954,11.3354,387798.769,10.5504,353335.6913,8.8693,307090.8395,8.118,339206.331
20190322,002607.SZ,11.7727,11.8214,11.5295,11.7046,11.7241,-0.01950000000000074,-0.1663,117561.3,141128.221,1.4331,0.52,11.8389,213705.946,11.6667,231800.535,11.6231,259348.6762,11.467,360078.0667,10.6688,351134.9693,8.9534,306283.1515,8.157,335803.9337
20190325,002607.SZ,11.5976,11.9089,11.4808,11.656,11.7046,-0.048599999999998644,-0.4152,124427.88,150283.938,1.5168,0.58,11.8175,191594.356,11.6502,212566.612,11.6148,245437.0392,11.5536,332131.1119,10.7777,346788.872,9.0377,305984.0495,8.1968,334167.1477
20190326,002607.SZ,11.8117,11.8214,10.8582,10.8971,11.656,-0.7589000000000006,-6.5108,199209.13,229520.043,2.4284,1.04,11.5879,185422.188,11.5645,203547.61,11.5752,230017.3485,11.5573,329700.3386,10.863,344150.1237,9.1096,307023.4617,8.2299,333216.0776
20190327,002607.SZ,10.9263,11.9868,10.9263,11.9868,10.8971,1.0897000000000006,9.9999,415880.04,497199.528,5.0696,2.24,11.5937,216728.416,11.6297,220200.744,11.6313,235194.0308,11.6314,315576.179,10.9846,351488.746,9.199,311240.9623,8.2719,334573.4713
20190328,002607.SZ,12.0646,12.1716,11.3544,11.5587,11.9868,-0.4281000000000006,-3.5714,249363.54,299684.46,3.0398,1.15,11.5606,221288.378,11.6618,222970.181,11.6111,230009.1408,11.6583,296517.9333,11.0813,346278.131,9.2827,311800.9158,8.3125,332852.3213
20190329,002607.SZ,11.5392,12.6776,11.4419,12.5316,11.5587,0.9728999999999992,8.417,396813.54,499350.769,4.8372,1.79,11.726,277138.826,11.7825,245422.386,11.671,238271.7862,11.6898,285672.9186,11.2078,351711.3457,9.3783,312946.1953,8.3653,333138.802
20190401,002607.SZ,12.843,13.6116,12.736,13.1738,12.5316,0.6422000000000008,5.1246,341425.94,464990.795,4.162,1.23,12.0296,320538.438,11.9236,256066.397,11.8124,245354.6508,11.7556,279942.2752,11.3482,354559.3883,9.489,314556.5177,8.4222,334056.0183
20190402,002607.SZ,13.1251,13.4754,12.843,12.8819,13.1738,-0.29190000000000005,-2.2158,230223.22,309903.122,2.8065,0.72,12.4266,326741.256,12.0072,256081.722,11.9389,246012.6546,11.7991,268916.6633,11.463,348603.0987,9.5928,315355.7083,8.4714,330888.5204
20190403,002607.SZ,12.843,13.096,12.6484,12.9111,12.8819,0.02919999999999945,0.2267,163400.17,215408.798,1.9919,0.5,12.6114,276245.282,12.1026,246486.849,12.0609,245328.7069,11.8427,261536.9643,11.5781,346069.297,9.695,315183.7267,8.52,326224.1124
20190404,002607.SZ,12.9111,12.9208,12.4538,12.5997,12.9111,-0.311399999999999,-2.4119,158681.91,205591.892,1.9344,0.57,12.8196,258108.956,12.1901,239698.667,12.1252,239459.1746,11.8825,254556.1429,11.7001,328035.4923,9.7887,312988.4167,8.5651,322628.2041
20190408,002607.SZ,12.7554,12.8235,12.0062,12.4246,12.5997,-0.17510000000000048,-1.3897,181682.26,231744.261,2.2147,0.7,12.7982,215082.7,12.2621,246110.763,12.1544,235737.0431,11.9307,244176.0071,11.7864,310381.1033,9.8755,311147.1972,8.6047,318186.1995
20190409,002607.SZ,12.5608,12.7457,12.2106,12.5122,12.4246,0.08760000000000012,0.7051,197011.65,251589.802,2.4016,0.92,12.6659,186199.842,12.3478,253369.14,12.1971,230941.87,11.9905,236958.3157,11.8428,308606.3127,9.9637,309113.185,8.646,315751.2925
20190410,002607.SZ,12.5219,13.2127,12.3857,12.8138,12.5122,0.30160000000000053,2.4104,239679.9,316945.387,2.9217,1.29,12.6523,188091.178,12.5394,257416.217,12.2809,231950.8062,12.0378,233287.4962,11.9222,292846.063,10.0608,308984.3803,8.6938,313643.8519
20190411,002607.SZ,12.7749,13.0473,12.3468,12.3662,12.8138,-0.44760000000000133,-3.4931,186441.9,242867.042,2.2728,0.99,12.5433,192699.524,12.5774,234472.403,12.3318,237249.3138,12.0669,228384.77,11.968,277407.903,10.1492,307996.0258,8.7371,312355.17
20190412,002607.SZ,12.2398,12.6192,12.1716,12.4927,12.3662,0.12650000000000006,1.0229,118754.1,151838.005,1.4476,0.62,12.5219,184713.962,12.6708,221411.459,12.3962,236812.8692,12.1221,222165.9795,11.9887,260547.7447,10.2423,307040.7342,8.7834,311332.4189
20190415,002607.SZ,12.6192,12.7165,12.0549,12.0744,12.4927,-0.41829999999999856,-3.3484,143577.51,182355.594,1.7502,0.78,12.4519,177093.012,12.625,196087.856,12.4867,232533.5138,12.1619,218447.329,11.9981,249941.3467,10.3272,306974.5053,8.8259,310883.0123
20190416,002607.SZ,12.0744,12.2884,11.8603,12.1814,12.0744,0.10699999999999932,0.8862,122898.86,152205.538,1.4982,0.69,12.3857,162270.454,12.5258,174235.148,12.5017,209996.5,12.2027,216095.299,12.0053,238645.9397,10.4137,306802.323,8.8654,308422.9097
20190417,002607.SZ,12.1814,12.2008,11.9673,12.0744,12.1814,-0.10699999999999932,-0.8784,100023.3,124194.028,1.2193,0.62,12.2378,134339.134,12.4451,161215.156,12.5414,198508.7892,12.2175,209668.5119,12.0079,231367.588,10.4977,306429.4388,8.9101,306193.4828
20190418,002607.SZ,12.0744,12.123,11.7435,11.8798,12.0744,-0.19460000000000122,-1.6117,105506.02,129004.591,1.2861,0.79,12.1405,118151.958,12.3419,155425.741,12.4912,176100.5185,12.2096,203736.8952,12.0118,224708.4833,10.5736,297901.9018,8.9541,304267.0232
20190419,002607.SZ,11.9479,12.3176,11.8895,12.2592,11.8798,0.3794000000000004,3.1937,140398.18,175272.288,1.7115,1.19,12.0938,122480.774,12.3079,153597.368,12.4209,160636.8446,12.224,198072.5752,12.04,216066.2523,10.6555,293597.5162,9.0016,303887.9662
20190422,002607.SZ,12.2592,12.9403,12.1619,12.9305,12.2592,0.6713000000000005,5.4759,229004.71,298159.338,2.7916,1.87,12.2651,139566.214,12.3585,158329.613,12.4246,160543.1131,12.2815,198188.8124,12.0958,212080.3037,10.7461,290884.6152,9.0546,303805.8681
20190423,002607.SZ,12.9403,13.0084,12.5024,12.7068,12.9305,-0.2237000000000009,-1.73,156151.64,204776.191,1.9035,1.12,12.3701,146216.77,12.3779,154243.612,12.4089,159985.5338,12.3292,200026.4476,12.1253,206726.4547,10.8275,286233.0172,9.1045,303096.6692
20190424,002607.SZ,12.7943,12.9014,12.2884,12.4635,12.7068,-0.24329999999999963,-1.9147,83454.76,107007.853,1.0173,0.57,12.448,142903.062,12.3429,138621.098,12.3984,154198.83,12.3676,198075.3467,12.1489,199861.6417,10.9073,282905.5003,9.1543,302047.7793
20190425,002607.SZ,12.4733,12.7457,12.1425,12.1911,12.4635,-0.2723999999999993,-2.1856,94034.48,120251.534,1.1463,0.66,12.5102,140608.754,12.3254,129380.356,12.3805,147456.6931,12.4292,193067.03,12.1775,194684.501,10.9827,280727.9717,9.2009,300921.8567
20190426,002607.SZ,12.0646,12.4733,11.87,12.2203,12.1911,0.02919999999999945,0.2395,110989.64,138696.386,1.353,0.79,12.5024,134727.046,12.2981,128603.91,12.358,140839.6154,12.4404,178548.4395,12.2102,190995.1833,11.0586,278603.4712,9.2424,297172.2746
20190429,002607.SZ,12.4052,12.5122,11.8506,12.0646,12.2203,-0.1556999999999995,-1.2741,103829.93,129170.105,1.2657,0.77,12.3293,109692.09,12.2972,124629.152,12.3004,130389.6177,12.4645,171618.2676,12.2349,188713.1313,11.1342,276388.7562,9.2811,291229.2177
20190430,002607.SZ,12.2008,12.2008,11.7922,11.9868,12.0646,-0.07779999999999987,-0.6449,81658.29,99898.318,0.9954,0.74,12.1853,94793.42,12.2777,120505.095,12.2712,122329.34,12.4385,156610.8748,12.2423,183602.2133,11.206,275098.3095,9.3186,288060.8586
20190506,002607.SZ,11.6171,11.6268,10.7901,10.8484,11.9868,-1.1384000000000007,-9.4971,179825.61,205789.943,2.1921,1.9,11.8622,114067.59,12.1551,128485.326,12.1447,127027.1485,12.3278,148915.621,12.2025,181927.4013,11.2503,268316.0577,9.3462,286021.0166
20190507,002607.SZ,10.9652,11.9089,10.9652,11.7727,10.8484,0.9243000000000006,8.5202,153129.98,179523.715,1.8667,1.34,11.7786,125886.69,12.1444,133247.722,12.1215,127761.9538,12.275,145244.5143,12.1963,178386.7707,11.3103,265853.4725,9.3752,287203.4797
20190508,002607.SZ,11.4127,11.9381,11.2571,11.7922,11.7727,0.019499999999998963,0.1656,100365.42,120183.14,1.2235,0.8,11.6929,123761.846,12.0977,129244.446,12.0916,126028.6123,12.2217,142242.8595,12.1986,174180.1603,11.3745,263757.9258,9.3975,287858.8332
20190509,002607.SZ,11.6268,11.8311,11.3349,11.4517,11.7922,-0.3404999999999987,-2.8875,77542.43,91907.586,0.9453,0.63,11.5704,118504.346,11.9498,114098.218,12.0437,124299.3146,12.167,138379.0748,12.1901,172846.198,11.4294,261990.5837,9.4192,276204.8403
20190510,002607.SZ,11.5295,11.9284,11.189,11.8895,11.4517,0.4377999999999993,3.823,111122.99,133535.811,1.3546,0.94,11.5509,124397.286,11.8681,109595.353,12.0444,124731.3892,12.1415,135019.1095,12.1979,172402.7017,11.4878,259595.7868,9.4426,269419.7014
20190513,002607.SZ,11.8202,11.9888,11.5228,11.8103,11.8897,-0.07939999999999969,-0.6678,64318.86,76583.383,0.7841,0.52,11.7433,101295.936,11.8028,107681.763,12.0099,118879.1338,12.1081,128700.4052,12.2284,167906.3593,11.5457,256028.2415,9.4722,264315.8187
20190514,002607.SZ,11.6616,11.9392,11.5723,11.8004,11.8103,-0.00990000000000002,-0.0838,67402.43,79948.847,0.8216,0.67,11.7488,84150.426,11.7637,105018.558,11.9229,106448.1892,12.0599,120496.7162,12.2221,156290.439,11.6034,253889.5925,9.5017,260556.991
20190515,002607.SZ,11.8897,12.0087,11.7607,11.9293,11.8004,0.1288999999999998,1.0923,86888.17,104189.625,1.0592,1.03,11.7762,81454.976,11.7346,102608.411,11.8631,101120.23,12.039,115756.0624,12.2345,150874.5933,11.6579,248576.3622,9.532,256887.8329
20190516,002607.SZ,11.9591,12.1376,11.7707,12.1376,11.9293,0.20830000000000126,1.7461,74601.99,89797.789,0.9094,0.92,11.9134,80866.888,11.7419,99685.617,11.8381,100439.2477,12.0221,113653.581,12.2214,140134.2083,11.7146,245922.777,9.5651,253901.6429
20190517,002607.SZ,12.1376,12.4946,11.8797,11.8897,12.1376,-0.24790000000000134,-2.0424,121226.23,149005.216,1.4778,1.5,11.9135,82887.536,11.7322,103642.411,11.8149,102530.9208,12.0133,112589.2343,12.1786,132794.218,11.7634,243676.8032,9.5956,251976.1249
20190520,002607.SZ,11.7707,11.8996,11.1459,11.5723,11.8897,-0.31739999999999924,-2.6695,67250.21,78233.03,0.8198,0.81,11.8659,83473.806,11.8046,92384.871,11.765,99166.3492,11.9843,109939.2986,12.1349,127361.7843,11.799,237982.4415,9.6233,248868.4697
20190521,002607.SZ,11.5624,11.7409,11.5228,11.5922,11.5723,0.019899999999999807,0.172,63822.92,74735.838,0.778,0.76,11.8242,82757.904,11.7865,83454.165,11.7287,96088.8869,11.9614,108215.471,12.0909,124042.5427,11.8345,235055.9198,9.6528,246580.4605
20190522,002607.SZ,11.6517,11.6715,11.2947,11.4038,11.5922,-0.18839999999999968,-1.6252,59588.24,68834.122,0.7264,0.72,11.7191,77297.918,11.7477,79376.447,11.6839,94391.1908,11.9387,106028.91,12.0511,120739.4203,11.8756,224387.4563,9.6832,244103.3649
20190523,002607.SZ,11.3046,11.4633,11.1459,11.2054,11.4038,-0.19840000000000124,-1.7398,42535.31,48319.352,0.5185,0.55,11.5327,70884.582,11.7231,75875.735,11.7113,83830.3985,11.8885,101368.7733,12.0104,116101.1887,11.8984,213241.146,9.711,242319.3412
20190524,002607.SZ,11.2054,11.4137,11.1856,11.2748,11.2054,0.06940000000000168,0.6193,52189.47,59386.398,0.6362,0.74,11.4097,57077.23,11.6616,69982.383,11.673,76065.7438,11.8097,92949.0,11.9692,111273.7827,11.906,209940.0477,9.7397,241103.1452
20190527,002607.SZ,11.3443,11.4633,11.2253,11.4533,11.2748,0.17849999999999966,1.5832,52558.03,60318.202,0.6407,0.92,11.3859,54138.794,11.6259,68806.3,11.6469,72388.2523,11.75,88015.971,11.9238,105036.387,11.923,198941.225,9.7676,236980.8574
20190528,002607.SZ,11.4533,12.0979,11.3938,11.8698,11.4533,0.4164999999999992,3.6365,135029.77,161979.028,1.646,2.49,11.4414,68380.164,11.6328,75569.034,11.6791,76810.3554,11.7217,90471.9238,11.9073,103322.6493,11.9376,190365.2762,9.8004,235875.3922
20190529,002607.SZ,11.7607,12.1971,11.7607,11.85,11.8698,-0.01980000000000004,-0.1668,80230.78,96860.296,0.978,1.17,11.5307,72508.672,11.6249,74903.295,11.6761,74434.0315,11.7055,89814.6048,11.8859,102038.5387,11.9373,181293.1417,9.8357,233592.7537
20190530,002607.SZ,11.8698,11.9591,11.6616,11.7012,11.85,-0.1487999999999996,-1.2557,51523.13,60954.861,0.6281,0.71,11.6298,74306.236,11.5813,72595.409,11.6677,73449.7446,11.6808,86982.8662,11.8734,98970.0593,11.9358,174455.703,9.8682,231866.6452
20190531,002607.SZ,11.6715,12.1772,11.6616,12.0285,11.7012,0.32729999999999926,2.7971,107110.7,129880.755,1.3057,1.44,11.7806,85290.482,11.5951,71183.856,11.6852,76504.2269,11.679,87139.0933,11.8683,98443.7873,11.9368,168544.8635,9.9052,230958.9861
20190603,002607.SZ,12.0781,12.1177,11.8202,12.0285,12.0285,0.0,0.0,82943.19,100148.904,1.0111,0.97,11.8956,91367.514,11.6408,72753.154,11.6929,76200.7669,11.681,87200.279,11.8668,97874.4503,11.9373,164621.0192,9.943,230125.4517
20190604,002607.SZ,11.969,12.2566,11.9293,12.1177,12.0285,0.08919999999999995,0.7416,96570.38,118146.272,1.1772,1.06,11.9452,83675.636,11.6933,76027.9,11.6913,77890.6431,11.7415,83235.7443,11.8747,97576.5957,11.9432,161142.5395,9.9804,228152.6113
20190605,002607.SZ,12.3458,12.7425,12.1475,12.5243,12.1177,0.40660000000000096,3.3554,131974.78,166058.494,1.6088,1.58,12.08,94024.436,11.8054,83266.554,11.7401,78717.4546,11.7773,82228.3538,11.8836,97295.8157,11.9618,156681.034,10.0217,227359.2578
20190606,002607.SZ,12.6036,12.6036,11.9888,12.1177,12.5243,-0.40660000000000096,-3.2465,113075.17,139555.457,1.3784,1.2,12.1633,106334.844,11.8966,90320.54,11.7821,82242.4515,11.7928,82833.58,11.8565,93431.4977,11.9761,152755.9007,10.0617,226505.989
20190610,002607.SZ,12.1177,12.445,11.9987,12.2962,12.1177,0.17850000000000144,1.4731,67620.94,83916.509,0.8243,0.64,12.2169,98436.892,11.9987,91863.687,11.8362,82534.6069,11.833,82361.1281,11.8428,90480.4743,11.984,148603.4645,10.1046,225065.3635
20190611,002607.SZ,12.1971,12.7722,12.1971,12.7325,12.2962,0.43629999999999924,3.5483,101948.39,129455.515,1.2428,1.04,12.3577,102237.932,12.1266,96802.723,11.9385,85793.08,11.8731,81924.2424,11.8518,91096.9287,12.0004,145479.2852,10.1515,224483.7267
20190612,002607.SZ,12.6929,12.9705,12.4648,12.7623,12.7325,0.029799999999999827,0.234,85475.43,109687.503,1.042,0.84,12.4866,100018.942,12.2159,91847.289,12.0582,89096.1662,11.9185,82931.6981,11.8708,90811.627,12.0241,142748.064,10.2012,223355.0771
20190613,002607.SZ,12.7623,13.0499,12.673,12.8416,12.7623,0.07929999999999993,0.6214,81636.6,105727.014,0.9952,0.82,12.5501,89951.306,12.3151,91987.871,12.1787,91361.33,11.968,83609.5157,11.8915,89833.1923,12.0509,140414.1878,10.2509,223020.6097
20190614,002607.SZ,12.9408,13.3474,12.4549,12.4549,12.8416,-0.3866999999999994,-3.0113,186176.99,244659.55,2.2695,2.07,12.6175,104571.67,12.3904,105453.257,12.2558,101639.7115,11.9931,88337.5548,11.9045,92578.0943,12.0697,140645.6128,10.2965,222198.3672
20190617,002607.SZ,12.8218,13.5457,12.6929,13.1887,12.4549,0.7338000000000005,5.8917,197645.12,264096.044,2.4093,1.89,12.796,130576.506,12.5064,114506.699,12.3572,106456.2769,12.0431,94196.7514,11.9446,96444.322,12.0935,140023.2677,10.3491,222235.018
20190618,002607.SZ,13.2085,13.3077,12.8912,13.1094,13.1887,-0.07929999999999993,-0.6013,118545.27,156018.443,1.4451,0.91,12.8714,133895.882,12.6145,118066.907,12.4541,109403.5454,12.1012,94069.0867,12.0199,94401.644,12.1112,138164.5227,10.4034,221277.4933
20190619,002607.SZ,13.3176,13.5457,13.1193,13.1788,13.1094,0.0693999999999999,0.5294,91464.99,122708.243,1.115,0.68,12.9547,135093.794,12.7206,117556.368,12.5678,112475.9962,12.1777,95222.1714,12.0668,92346.1443,12.1316,135366.4575,10.458,221027.5633
20190620,002607.SZ,13.0598,13.6746,13.0598,13.4763,13.1788,0.29749999999999943,2.2574,119606.36,162233.514,1.458,0.89,13.0816,142687.746,12.8158,116319.526,12.6791,113437.2008,12.2674,97878.5257,12.123,92987.509,12.1608,133583.8347,10.515,220337.3371
20190621,002607.SZ,13.4168,13.7638,13.387,13.5358,13.4763,0.059499999999999886,0.4415,88629.99,121359.347,1.0804,0.62,13.2978,123178.346,12.9577,113875.008,12.7951,113874.6469,12.3689,99261.4662,12.1924,93357.0943,12.1913,133101.6462,10.5724,219692.3988
20190624,002607.SZ,13.5457,14.0812,13.3672,13.9027,13.5358,0.36689999999999934,2.7106,115385.01,160268.431,1.4066,0.94,13.4406,106726.324,13.1183,118651.415,12.9324,115321.9262,12.4974,102730.4995,12.2595,93499.1617,12.2287,132950.9317,10.6332,219467.4906
20190625,002607.SZ,13.9423,14.0217,13.5655,13.9721,13.9027,0.0693999999999999,0.4992,83240.53,115628.557,1.0147,0.78,13.6131,99665.376,13.2423,116780.629,13.0438,111573.1377,12.6258,104209.1214,12.3316,94129.884,12.28,131018.1217,10.6948,219020.7917
20190626,002607.SZ,13.9027,14.2101,13.5853,13.9919,13.9721,0.01980000000000004,0.1417,94192.21,132005.6,1.1482,0.95,13.7758,100210.82,13.3652,117652.307,13.1879,110120.6023,12.7467,106191.7014,12.4046,95022.8767,12.3134,125656.6578,10.7562,218448.8101
20190627,002607.SZ,13.982,13.9919,13.6845,13.7936,13.9919,-0.1982999999999997,-1.4172,83808.88,117165.011,1.0216,0.84,13.8392,93051.324,13.4604,117869.535,13.3031,111365.8285,12.8383,103752.6114,12.4668,94920.2337,12.3506,122897.4135,10.8167,217349.1647
20190628,002607.SZ,13.744,13.9423,13.5358,13.6151,13.7936,-0.17849999999999966,-1.2941,116757.69,161002.776,1.4233,1.25,13.8551,98676.864,13.5764,110927.605,13.371,112505.0054,12.9224,105491.9881,12.516,96325.4237,12.3687,118229.816,10.8735,215588.0057
20190701,002607.SZ,13.8233,14.1803,13.6845,13.982,13.6151,0.36689999999999934,2.6948,133821.31,188201.796,1.6313,1.36,13.8709,102364.124,13.6558,104545.224,13.4648,116223.9192,13.031,109410.949,12.5858,96745.2597,12.3822,114769.7388,10.9356,214663.1282
20190702,002607.SZ,13.9919,15.172,13.9919,14.5076,13.982,0.5256000000000007,3.7591,206228.44,301985.329,2.514,2.01,13.978,126961.706,13.7956,113313.541,13.593,125807.9069,13.149,114130.8414,12.6836,101377.8673,12.4093,114369.8258,11.001,214862.7671
20190703,002607.SZ,14.4877,14.7753,13.9523,14.1208,14.5076,-0.3868000000000009,-2.6662,110988.04,160199.207,1.353,0.87,14.0038,130320.872,13.8898,115265.846,13.7211,120024.1415,13.2487,115466.3105,12.7679,102950.038,12.4294,113496.2903,11.0622,214340.0085
20190704,002607.SZ,14.2597,14.2597,13.387,13.5754,14.1208,-0.545399999999999,-3.8624,179990.62,246867.044,2.1941,1.38,13.9602,149557.22,13.8997,121304.272,13.7509,118666.1031,13.3181,119438.7029,12.8403,106963.4507,12.4457,113851.4355,11.1172,213419.9261
20190705,002607.SZ,13.6052,13.6647,12.7623,13.0201,13.5754,-0.5553000000000008,-4.0905,302160.31,398195.586,3.6834,2.02,13.8412,186637.744,13.8481,142657.304,13.744,132790.3369,13.3417,127542.7757,12.9008,115617.6173,12.4556,115859.403,11.1655,213503.3001
20190708,002607.SZ,13.4069,13.4168,12.6532,12.8515,13.0201,-0.16859999999999964,-1.2949,199625.99,261900.249,2.4335,1.07,13.6151,199798.68,13.743,151081.402,13.7188,141110.4138,13.3766,131664.2433,12.9533,120532.168,12.4613,115902.9753,11.2125,212508.0802
20190709,002607.SZ,12.9408,12.9904,12.2466,12.6036,12.8515,-0.24789999999999957,-1.929,199028.91,252993.635,2.4262,1.0,13.2343,198358.774,13.6062,162660.24,13.6517,147219.8408,13.3913,137921.7657,12.9917,125414.5307,12.4578,115225.4588,11.2593,212104.9196
20190710,002607.SZ,12.7722,12.9805,12.6136,12.802,12.6036,0.19839999999999947,1.5742,108637.9,140338.135,1.3243,0.55,12.9705,197888.746,13.4872,164104.809,13.5953,148758.9108,13.3946,138240.3138,13.0228,124534.8017,12.465,113928.7255,11.3071,210962.3757
20190711,002607.SZ,12.8714,13.0598,12.6235,12.7226,12.802,-0.07939999999999969,-0.6202,83785.07,108127.214,1.0214,0.42,12.8,178647.636,13.3801,164102.428,13.5045,146328.1462,13.3927,138159.8205,13.0518,124653.278,12.4689,113345.9083,11.3556,210193.3212
20190712,002607.SZ,12.5045,12.7127,12.4053,12.5739,12.7226,-0.14869999999999983,-1.1688,140943.24,178514.626,1.7181,0.79,12.7107,146404.222,13.276,166520.983,13.3969,150766.8162,13.3799,140983.9462,13.0809,127633.9483,12.4772,113302.0038,11.4022,210138.2546
20190715,002607.SZ,12.6136,13.0201,12.3458,13.0201,12.5739,0.44619999999999926,3.5486,120206.73,154598.748,1.4653,0.82,12.7444,130520.37,13.1798,165159.525,13.3222,152767.9331,13.4069,137842.5052,13.114,128070.4827,12.4912,113257.135,11.4524,210029.729
20190716,002607.SZ,12.8615,13.149,12.8615,13.03,13.0201,0.00990000000000002,0.076,84540.52,110979.064,1.0306,0.65,12.8297,107622.692,13.032,152990.733,13.2634,152824.2131,13.3993,132456.5719,13.1474,128123.727,12.5071,112999.0887,11.5024,209714.2637
20190717,002607.SZ,13.0102,13.0895,12.8119,13.0003,13.03,-0.02970000000000006,-0.2279,64056.1,83897.682,0.7809,0.6,12.8694,98706.332,12.92,148297.539,13.2161,148770.2446,13.3941,129861.8495,13.1768,127039.9177,12.5258,112308.2567,11.5497,205105.0792
20190718,002607.SZ,12.921,13.3374,12.8416,13.1094,13.0003,0.10910000000000153,0.8392,92463.67,122855.914,1.1271,0.94,12.9467,100442.052,12.8734,139544.844,13.149,145588.8877,13.3908,129909.4057,13.1963,125722.8807,12.5399,111509.3482,11.5977,202553.4322
20190719,002607.SZ,13.0895,13.7143,13.0895,13.4763,13.1094,0.36689999999999934,2.7988,83660.51,113767.685,1.0198,0.83,13.1272,88985.506,12.919,117694.864,13.0697,136160.5854,13.3908,128197.6986,13.2416,124742.392,12.549,109086.9448,11.6476,199985.78
20190722,002607.SZ,13.6349,13.6845,13.3077,13.506,13.4763,0.02970000000000006,0.2204,90257.06,123410.473,1.1002,1.01,13.2244,82995.572,12.9844,106757.971,13.0224,134565.8946,13.3894,128275.1781,13.2819,125496.9293,12.5624,107988.7018,11.6949,197110.8595
20190723,002607.SZ,13.6151,14.1506,13.4366,13.9423,13.506,0.43629999999999924,3.2304,98606.45,137362.278,1.202,1.19,13.4069,85808.758,13.1183,96715.725,13.0506,128305.5738,13.3913,127476.199,13.3222,125385.5313,12.587,108241.23,11.7471,195573.3652
20190724,002607.SZ,13.982,14.1803,13.6151,13.8531,13.9423,-0.08919999999999995,-0.6398,93231.41,130286.682,1.1365,1.09,13.5774,91643.82,13.2234,95175.076,13.1147,112234.12,13.3856,127951.9552,13.3586,125644.064,12.6147,108227.8455,11.7987,194477.9086
20190725,002607.SZ,13.8432,13.9225,13.5457,13.863,13.8531,0.00990000000000002,0.0715,81418.7,112545.349,0.9925,0.89,13.7281,89434.826,13.3374,94938.439,13.1925,103141.2515,13.3795,127343.6929,13.3926,125636.8007,12.6421,107734.9965,11.8503,193169.2338
20190726,002607.SZ,13.8828,13.8828,13.6052,13.744,13.863,-0.11899999999999977,-0.8584,64171.99,88997.158,0.7823,0.72,13.7817,85537.122,13.4545,87261.314,13.2802,92767.6423,13.3771,126408.6029,13.4356,121569.9673,12.6701,107074.0308,11.9021,191731.3935
20190729,002607.SZ,13.9523,13.9721,13.6746,13.7143,13.744,-0.02970000000000006,-0.2161,55810.22,77426.654,0.6803,0.65,13.8233,78647.754,13.5239,80821.663,13.3504,88703.9746,13.3818,123506.3424,13.4531,116842.1373,12.6989,106643.2297,11.9524,190870.7696
20190730,002607.SZ,13.7837,13.982,13.7738,13.8035,13.7143,0.08919999999999995,0.6504,77231.6,108253.527,0.9415,0.98,13.7956,74372.784,13.6012,80090.771,13.4336,88199.8615,13.3733,120811.5943,13.4763,115465.015,12.7481,104933.3295,11.9992,186624.6936
20190731,002607.SZ,13.8134,14.0316,13.6845,13.8035,13.8035,0.0,0.0,84618.5,118334.109,1.0315,1.14,13.7857,72650.202,13.6815,82147.011,13.5281,83867.1892,13.3398,115020.6448,13.4971,115236.7987,12.782,103791.4715,12.0461,184822.472
20190801,002607.SZ,13.7341,13.9523,13.625,13.863,13.8035,0.059499999999999886,0.4311,60644.95,84652.894,0.7393,0.83,13.7857,68495.452,13.7569,78965.139,13.593,79285.5138,13.3275,112623.3548,13.51,113271.4183,12.8165,103129.4637,12.0955,183443.6947
20190802,002607.SZ,13.7043,14.0712,13.6349,13.9622,13.863,0.09919999999999973,0.7156,88768.58,124389.377,1.0821,1.3,13.8293,73414.77,13.8055,79475.946,13.6647,79610.7492,13.3459,108279.4481,13.5242,113276.038,12.8583,103316.5662,12.1439,182653.5749
20190805,002607.SZ,13.863,13.9919,13.4069,13.5259,13.9622,-0.43629999999999924,-3.1249,72197.02,99636.103,0.8801,0.98,13.7916,76692.13,13.8075,77669.942,13.7051,80236.9738,13.37,97328.8152,13.5116,111836.4383,12.8856,102667.8,12.1867,181131.7934
20190806,002607.SZ,13.387,13.4862,12.4053,13.3176,13.5259,-0.20829999999999949,-1.54,86516.53,114890.024,1.0546,1.13,13.6944,78549.116,13.745,76460.95,13.7211,79779.5015,13.3922,91942.6505,13.4898,111945.6383,12.9107,103037.7612,12.2282,179533.0013
20190807,002607.SZ,13.3275,13.5159,13.0994,13.1094,13.3176,-0.20819999999999972,-1.5633,40534.49,54245.588,0.4941,0.52,13.5556,69732.314,13.6706,71191.258,13.6929,76462.1154,13.4163,84395.2971,13.4604,110157.0477,12.9325,102589.9622,12.268,178239.7773
20190808,002607.SZ,13.1391,13.5754,13.0201,13.3969,13.1094,0.28749999999999964,2.1931,53975.94,72853.628,0.658,0.77,13.4624,68398.512,13.624,68446.982,13.6845,73671.26,13.4446,81792.3467,13.4472,109162.6163,12.957,102041.425,12.3074,175308.8936
20190809,002607.SZ,13.5655,13.7738,13.4069,13.4862,13.3969,0.08929999999999971,0.6666,74182.93,101680.4,0.9043,1.08,13.3672,65481.382,13.5983,69448.076,13.6494,71792.5277,13.481,81335.1019,13.4429,107743.4577,12.9795,102034.4407,12.347,173978.6088
20190812,002607.SZ,13.5358,13.6349,13.3474,13.5159,13.4862,0.02970000000000006,0.2202,65942.03,89590.666,0.8038,1.01,13.3652,64230.384,13.5784,70461.257,13.6235,69693.3446,13.5259,77763.6157,13.4273,105480.815,13.0066,101113.0373,12.385,172394.9202
20190813,002607.SZ,13.4069,13.5754,13.2184,13.4069,13.5159,-0.10899999999999999,-0.8065,42842.7,57846.412,0.5223,0.67,13.3831,55495.618,13.5388,67022.367,13.5884,66725.96,13.5443,74079.6143,13.3907,100034.6237,13.0371,100706.2455,12.4181,169344.3435
20190814,002607.SZ,13.5853,13.8729,13.5556,13.8233,13.4069,0.41639999999999944,3.1059,77467.78,107307.346,0.9443,1.4,13.5258,62882.276,13.5407,66307.295,13.5945,67748.7131,13.582,73742.8171,13.3807,98917.2817,13.0743,100933.6598,12.4544,167994.7898
20190815,002607.SZ,13.6151,14.1605,13.506,14.1506,13.8233,0.32730000000000103,2.3677,97790.34,137053.344,1.1921,1.56,13.6766,71645.156,13.5695,70021.834,13.6281,70977.9531,13.6368,75349.2095,13.3999,96177.2723,13.1201,101570.3615,12.4978,162978.9089
20190816,002607.SZ,14.0712,14.7753,13.9919,14.5968,14.1506,0.44619999999999926,3.1532,121842.18,178203.254,1.4853,1.7,13.8987,81177.006,13.633,73329.194,13.6891,74409.5362,13.7077,76748.1862,13.4525,90166.668,13.1766,102892.1427,12.5375,158066.6443
20190819,002607.SZ,14.6067,14.9538,14.4084,14.577,14.5968,-0.01980000000000004,-0.1356,107874.32,159535.101,1.315,1.33,14.1109,89563.464,13.7381,76896.924,13.7486,76198.4454,13.7601,77901.2248,13.51,87108.279,13.2317,103820.2235,12.5688,156880.1356
20190820,002607.SZ,14.8546,15.1422,14.6266,14.7555,14.577,0.17849999999999966,1.2245,132346.07,198223.784,1.9835,1.48,14.3806,107464.138,13.8819,81479.878,13.8172,81713.9162,13.8196,79905.4633,13.5817,84885.5177,13.2867,105150.0242,12.6049,152045.6246
20190821,002607.SZ,14.8745,15.8661,14.6464,14.7356,14.7555,-0.019899999999999807,-0.1349,243490.32,370545.808,3.6492,2.27,14.5631,140668.646,14.0445,101775.461,13.8767,93615.5885,13.8573,86804.6952,13.6462,89380.5983,13.3345,106957.7,12.6361,148661.4881
20190822,002607.SZ,14.6662,14.9538,14.4084,14.7753,14.7356,0.039699999999999847,0.2694,130442.68,194481.757,1.9549,0.93,14.688,147199.114,14.1823,109422.135,13.9728,98096.0238,13.9013,88576.6605,13.7146,90935.852,13.3832,107794.565,12.6603,144543.8533
20190823,002607.SZ,14.8646,15.172,14.5274,14.8943,14.7753,0.11899999999999977,0.8054,79641.98,119561.373,1.1936,0.54,14.7475,138759.074,14.3231,109968.04,14.0941,97567.2123,13.9504,88492.0548,13.7919,88892.4767,13.4364,108263.2125,12.6861,141359.4577
20190826,002607.SZ,14.5968,14.8745,14.5274,14.7356,14.8943,-0.15869999999999962,-1.0655,73498.56,109162.714,1.1015,0.53,14.7793,131883.922,14.4451,110723.693,14.2192,100102.91,13.9976,88936.1771,13.8491,87335.5377,13.4816,107703.0102,12.7092,138123.9368
20190827,002607.SZ,14.8745,15.4397,14.7654,15.1025,14.7356,0.36689999999999934,2.4899,104114.6,159465.614,1.5604,0.79,14.8487,126237.628,14.6147,116850.883,14.3504,103959.73,14.0637,91236.3857,13.9182,87988.007,13.5328,108055.867,12.7351,136338.4431
20190828,002607.SZ,15.0331,15.4397,14.9736,15.3207,15.1025,0.21820000000000128,1.4448,92732.99,142266.79,1.3898,0.73,14.9657,96086.162,14.7644,118377.404,14.4915,105386.6577,14.1359,91974.5471,13.9956,88943.9033,13.5862,107991.9105,12.7647,134567.225
20190829,002607.SZ,15.3604,15.4298,14.9835,15.0133,15.3207,-0.30740000000000123,-2.0064,64571.82,98634.044,0.9677,0.67,15.0133,82911.99,14.8507,115055.552,14.6067,105281.2569,14.1935,91019.9433,14.059,88014.175,13.6277,106868.5278,12.7947,131774.7809
20190830,002607.SZ,15.1125,15.6083,15.0133,15.2315,15.0133,0.21820000000000128,1.4534,87842.81,136013.123,1.3165,1.06,15.0807,84552.156,14.9141,111655.615,14.7471,108742.8038,14.2587,92315.0795,14.1175,88153.585,13.6796,106447.9885,12.8278,129601.9446
20190902,002607.SZ,15.2315,15.8264,15.1521,15.6777,15.2315,0.44619999999999926,2.9295,100781.5,158590.53,1.5104,1.19,15.2691,90008.744,15.0242,110946.333,14.8897,110536.1669,14.3404,92887.1233,14.1899,88504.3997,13.7359,107000.6645,12.86,127802.0645
20190903,002607.SZ,15.7669,15.9355,15.4893,15.8463,15.6777,0.16859999999999964,1.0754,68017.16,107792.967,1.0194,0.76,15.4179,82789.256,15.1333,104513.442,15.0202,108245.9223,14.4509,92688.0824,14.2534,87484.7567,13.7878,106435.144,12.8941,125957.2146
20190904,002607.SZ,15.7372,16.0644,15.638,15.8364,15.8463,-0.00990000000000002,-0.0625,96587.11,154135.091,1.4476,1.17,15.521,83560.08,15.2434,89823.121,15.1155,106303.2246,14.5708,93167.6338,14.3195,87596.6133,13.839,106620.3387,12.9316,124684.2013
20190905,002607.SZ,15.9256,16.1636,15.757,16.0347,15.8364,0.19830000000000148,1.2522,94964.19,153365.05,1.4232,1.14,15.7253,89638.554,15.3693,86275.272,15.2276,105310.1377,14.7101,95759.5243,14.3919,88048.1297,13.8923,106842.4652,12.9716,123628.3265
20190906,002607.SZ,16.0248,16.0644,15.519,15.7967,16.0347,-0.23800000000000132,-1.4843,87868.56,139636.035,1.3169,0.98,15.8384,89643.704,15.4595,87097.93,15.3077,101888.7908,14.8244,97373.4586,14.4603,88838.0153,13.948,105203.9913,13.0088,122924.8021
20190909,002607.SZ,15.9157,16.1636,15.5984,15.9653,15.7967,0.16859999999999964,1.0673,91231.55,146719.03,1.3673,1.02,15.8959,87733.714,15.5825,88871.229,15.4023,90176.5777,14.9425,98185.2976,14.5353,90018.7263,13.9942,103430.4318,13.0439,121726.8497
20190910,002607.SZ,15.995,16.1338,15.8066,15.8661,15.9653,-0.09919999999999973,-0.6213,67259.89,107851.577,1.008,0.77,15.8998,87582.26,15.6589,85185.758,15.4862,85316.3631,15.0544,98248.0529,14.6041,89686.336,14.0402,102575.6755,13.0757,120370.0991
20190911,002607.SZ,16.0148,16.0942,15.3703,15.8364,15.8661,-0.02970000000000006,-0.1872,83994.24,132983.081,1.2588,0.96,15.8998,85063.686,15.7104,84311.883,15.5587,85651.1523,15.1701,100207.65,14.6719,89665.5273,14.0845,102451.163,13.108,118908.8102
20190912,002607.SZ,15.8066,15.8066,15.4298,15.519,15.8364,-0.31739999999999924,-2.0042,64845.48,101465.535,0.9718,0.76,15.7967,79039.944,15.761,84339.249,15.619,84985.5308,15.2508,99606.5881,14.7271,89805.545,14.1185,101538.4817,13.1396,117561.1582
20190916,002607.SZ,15.5091,15.7273,15.3802,15.5091,15.519,-0.00990000000000002,-0.0638,62552.81,98259.311,0.9375,0.79,15.7392,73976.794,15.7888,81810.249,15.6502,81788.47,15.3155,97928.6105,14.7786,88931.686,14.1514,101103.862,13.1713,117102.7541
20190917,002607.SZ,15.6479,15.6678,15.41,15.5389,15.5091,0.029799999999999827,0.1921,54204.26,84862.508,0.8124,0.73,15.6539,66571.336,15.7749,77152.525,15.667,78824.7215,15.3604,94707.7571,14.8457,88331.9273,14.1787,100084.1828,13.2037,116517.5572
20190918,002607.SZ,15.4694,15.9851,15.4694,15.8859,15.5389,0.34699999999999953,2.2331,79476.24,126308.281,1.1911,1.19,15.6579,69014.606,15.7789,78298.433,15.7342,79971.2154,15.4227,93355.4676,14.9313,88097.251,14.2106,100021.4447,13.2453,115519.7832
20190919,002607.SZ,15.995,16.114,15.6479,16.0644,15.8859,0.17849999999999966,1.1236,75046.22,120573.791,1.1247,1.09,15.7035,67225.002,15.8017,76144.344,15.7982,78986.8623,15.485,90626.9033,15.0298,89247.642,14.2451,99702.3448,13.2793,112679.5013
20190920,002607.SZ,16.0644,16.233,15.7669,15.8661,16.0644,-0.1982999999999997,-1.2344,58492.99,94249.022,0.8766,0.87,15.7729,65954.504,15.7848,72497.224,15.8127,75733.9,15.5389,81817.5067,15.1121,89398.2103,14.2797,99280.4133,13.3151,111088.9134
20190923,002607.SZ,15.9653,16.0148,15.5984,15.9058,15.8661,0.039699999999999847,0.2502,67894.25,108621.566,1.0175,1.03,15.8522,67022.792,15.7957,70499.793,15.8173,75724.4454,15.5927,78839.01,15.1928,89188.5877,14.3178,98466.0227,13.3433,108347.9193
20190924,002607.SZ,16.0446,16.7883,15.8661,16.5404,15.9058,0.6346000000000025,3.9897,154389.04,256008.565,2.3138,2.3,16.0525,87059.748,15.8532,76815.542,15.8714,80170.7477,15.6711,82398.3938,15.2936,92136.8213,14.3605,98808.8182,13.3713,106789.2785
20190925,002607.SZ,16.6495,16.6495,16.0942,16.1338,16.5404,-0.40660000000000096,-2.4582,101569.1,166830.455,1.5222,1.17,16.1021,91478.32,15.88,80246.463,15.8791,80678.8177,15.7377,83735.0862,15.3845,94094.368,14.3876,97064.4958,13.3984,105717.1608
20190926,002607.SZ,16.3223,16.5602,16.1338,16.2429,16.1338,0.10909999999999798,0.6762,101199.78,166984.745,1.5167,1.11,16.1378,96709.032,15.9206,81967.017,15.9134,81704.2962,15.792,83596.2852,15.4652,94885.4347,14.4229,96901.3582,13.4262,105198.8242
20190927,002607.SZ,16.3718,16.7586,15.8661,16.4412,16.2429,0.1982999999999997,1.2208,78937.45,130590.545,1.183,0.82,16.2528,100797.924,16.0129,83376.214,15.95,80758.5962,15.8453,82939.3548,15.5415,94257.005,14.4707,95217.1387,13.4582,104534.2871
20190930,002607.SZ,16.5602,16.5602,15.9256,16.1338,16.4412,-0.3073999999999977,-1.8697,68016.16,110885.209,1.0194,0.67,16.2984,100822.306,16.0753,83922.549,15.9706,80816.7708,15.8987,83103.371,15.5927,92462.8043,14.5226,91314.7362,13.4891,103587.0696
20191008,002607.SZ,16.0843,16.2528,15.7471,16.0545,16.1338,-0.07929999999999993,-0.4915,60182.11,97239.776,0.902,0.6,16.2012,81980.92,16.1269,84520.334,15.9874,78985.0685,15.9379,81786.1948,15.642,90873.064,14.576,88990.6715,13.5186,102446.8234
20191009,002607.SZ,16.1239,16.8082,15.7868,16.8082,16.0545,0.7536999999999985,4.6946,103855.88,172009.611,1.5565,1.27,16.3361,82438.276,16.2191,86958.298,16.0865,81985.8685,15.9917,81932.5938,15.7104,89923.391,14.6461,87404.4543,13.5519,101314.9566
20191010,002607.SZ,16.7685,16.7685,16.4115,16.6892,16.8082,-0.11899999999999977,-0.708,81624.28,136196.884,1.2233,0.99,16.4254,78523.176,16.2816,87616.104,16.1773,83452.9046,16.0318,82580.5519,15.7755,84527.8563,14.7109,86954.2273,13.5879,100441.4764
20191011,002607.SZ,16.6892,16.947,16.5702,16.947,16.6892,0.2577999999999996,1.5447,60461.23,102348.92,0.9061,0.77,16.5265,74827.932,16.3897,87812.928,16.2856,83934.21,16.0847,80860.2719,15.8479,82195.1413,14.7813,86565.4967,13.6251,99955.7025
20191014,002607.SZ,17.1552,18.2857,16.8577,17.7304,16.947,0.7834000000000003,4.6226,119748.23,212084.289,1.7947,1.6,16.8459,85174.346,16.5721,92998.326,16.4275,87032.0554,16.1655,82040.4643,15.9425,83532.0163,14.8672,86212.2465,13.6722,99757.1252
20191015,002607.SZ,17.8494,18.1667,17.0957,17.4329,17.7304,-0.29749999999999943,-1.6779,128266.74,225986.222,1.9223,1.51,17.1215,98791.272,16.6614,90386.096,16.5328,91125.9415,16.2434,83964.1871,16.0324,85357.6223,14.9407,86346.58,13.716,99801.8575
20191016,002607.SZ,17.413,18.1865,17.2643,18.0477,17.4329,0.6147999999999989,3.5267,109889.61,197611.927,1.6469,1.11,17.3694,99998.018,16.8528,91218.147,16.7006,95079.5277,16.3426,84852.6662,16.1305,85550.1227,15.0244,86769.0648,13.7657,99884.0767
20191017,002607.SZ,18.0874,18.7319,17.8692,18.722,18.0477,0.6743000000000023,3.7362,122355.03,225860.738,1.8337,1.22,17.776,108144.168,17.1007,93333.672,16.9172,99268.8185,16.4786,87476.2443,16.2439,86537.524,15.1197,87740.7137,13.8228,100024.4852
20191018,002607.SZ,18.7319,19.7136,18.5435,18.722,18.722,0.0,0.0,162160.18,312011.035,2.4303,1.5,18.131,128483.958,17.3288,101655.945,17.085,99866.5985,16.616,91198.4319,16.3675,89790.4693,15.2133,88902.3222,13.8766,100205.8352
20191021,002607.SZ,18.9402,19.0393,18.3055,18.6823,18.722,-0.039699999999999847,-0.212,78804.87,148414.254,1.1811,0.61,18.3214,120295.286,17.5836,102734.816,17.2811,98115.5038,16.7666,91863.1648,16.4826,89489.2047,15.3,88821.3948,13.9245,98954.1698
20191022,002607.SZ,18.5633,18.7815,18.2361,18.4047,18.6823,-0.2776000000000032,-1.4859,117068.97,217613.593,1.7545,0.97,18.5157,118055.732,17.8186,108423.502,17.4474,99336.2108,16.9045,94459.1724,16.5735,90032.1203,15.3817,89268.26,13.972,98628.4809
20191023,002607.SZ,18.6328,18.6427,18.0279,18.0973,18.4047,-0.3073999999999977,-1.6702,77157.27,142178.399,1.1564,0.65,18.5257,111509.264,17.9476,105753.641,17.5748,99199.2738,17.0263,95552.1729,16.6485,90336.7907,15.4509,88910.7737,14.019,98576.0018
20191024,002607.SZ,18.0576,18.4047,17.9684,18.1667,18.0973,0.06939999999999813,0.3835,56926.34,104483.211,0.8532,0.51,18.4146,98423.526,18.0953,103283.847,17.7311,98346.2108,17.1349,94478.3681,16.7262,89014.765,15.5228,88305.6892,14.0688,98266.7673
20191025,002607.SZ,18.2064,18.9402,18.1766,18.5435,18.1667,0.3768000000000029,2.0741,95742.31,179094.934,1.4349,0.97,18.3789,85139.952,18.255,106811.955,17.9226,101081.6108,17.253,95463.8962,16.8098,89040.7023,15.6008,88544.416,14.1215,98139.7062
20191028,002607.SZ,18.5931,19.0195,18.246,18.4443,18.5435,-0.09920000000000329,-0.535,85494.79,159060.006,1.2813,1.0,18.3313,86477.936,18.3263,103386.611,18.0485,99669.2192,17.3757,96749.6962,16.8981,88961.5767,15.6792,88899.796,14.1746,97986.9134
20191029,002607.SZ,18.2758,18.6823,18.0477,18.5633,18.4443,0.11900000000000333,0.6452,74128.67,137737.486,1.111,0.86,18.363,77889.876,18.4394,97972.804,18.1926,99092.6338,17.5023,97046.5733,16.9847,88391.4807,15.76,89205.1035,14.2294,97924.1666
20191030,002607.SZ,18.6724,18.9104,18.365,18.8906,18.5633,0.3272999999999975,1.7632,82305.36,154679.731,1.2335,1.06,18.5217,78919.494,18.5237,95214.379,18.3421,100772.9515,17.6142,93614.0171,17.0855,88892.9963,15.8448,89289.6662,14.2964,97111.4978
20191031,002607.SZ,18.9402,19.9814,18.6724,19.8326,18.8906,0.9420000000000002,4.9866,145499.5,285370.039,2.1806,1.84,18.8549,96634.126,18.6347,97528.826,18.5038,102753.8185,17.7903,95705.941,17.2187,90943.1717,15.9453,90304.3495,14.3636,97047.9105
20191101,002607.SZ,19.8326,20.6953,19.3963,19.783,19.8326,-0.04959999999999809,-0.2501,182132.45,366760.728,2.7296,1.88,19.1028,113912.154,18.7408,99526.053,18.6846,106897.3346,17.9589,99559.8776,17.3608,94852.7373,16.0439,92329.1412,14.4302,97729.3024
20191104,002607.SZ,19.7533,20.3086,19.5351,19.8227,19.783,0.039699999999999847,0.2007,103262.33,206719.228,1.5476,0.91,19.3784,117465.662,18.8549,101971.799,18.8212,106387.5438,18.1199,100718.2052,17.5046,96209.7213,16.1416,92570.7037,14.5,97943.6349
20191105,002607.SZ,19.8326,19.9615,19.6343,19.8525,19.8227,0.02979999999999805,0.1503,62471.63,124794.767,0.9363,0.53,19.6363,115134.254,18.9997,96512.065,18.9081,101781.1285,18.297,100454.18,17.6484,96485.3003,16.2471,92408.6138,14.5663,97538.2069
20191106,002607.SZ,19.8029,20.1103,19.674,19.7235,19.8525,-0.12899999999999778,-0.6498,67090.19,134171.402,1.0055,0.58,19.8029,112091.22,19.1623,95505.357,18.9852,94468.0523,18.4717,100783.1362,17.7763,96072.432,16.3538,92084.8415,14.6323,97561.3013
20191107,002607.SZ,19.7731,20.0111,19.5748,19.9516,19.7235,0.22809999999999775,1.1565,81945.82,163860.392,1.2281,0.73,19.8267,99380.484,19.3408,98007.305,19.0828,94709.6638,18.6214,99739.8,17.9059,96302.4187,16.4679,92775.0303,14.7002,97682.4962
20191108,002607.SZ,20.1599,20.2293,19.5351,19.6343,19.9516,-0.31729999999999947,-1.5903,72852.91,145229.897,1.0918,0.73,19.7969,77524.576,19.4498,95718.365,19.1774,91308.4285,18.7617,99322.1157,18.0315,96781.0827,16.5718,93089.6465,14.7644,97565.5357
20191111,002607.SZ,19.5649,19.8128,18.9402,19.6244,19.6343,-0.009899999999998244,-0.0504,104880.31,205413.153,1.5718,1.35,19.7573,77848.172,19.5679,97656.917,19.2948,93440.97,18.8892,101437.31,18.1554,98013.9513,16.6741,93601.2695,14.8268,97817.8551
20191112,002607.SZ,19.4062,19.6244,19.0492,19.4955,19.6244,-0.12890000000000157,-0.6568,71609.64,139890.564,1.0732,0.92,19.6859,79675.774,19.6611,97405.014,19.3971,94570.4546,18.9732,99144.9962,18.2539,95254.638,16.7738,93695.7297,14.8902,97404.3835
20191113,002607.SZ,19.6343,20.1896,19.3765,20.0805,19.4955,0.5850000000000009,3.0007,122233.46,245294.936,1.8319,1.53,19.7573,90704.428,19.7801,101397.824,19.5153,96608.2354,19.0993,98857.6971,18.3855,95943.45,16.885,95018.909,14.9611,97862.5772
20191114,002607.SZ,20.1004,20.2293,19.8822,20.1797,20.0805,0.09919999999999973,0.494,70556.35,142565.912,1.0574,0.78,19.8029,88426.534,19.8148,93903.509,19.6488,95459.1246,19.2008,96984.6848,18.5167,94922.0023,16.9909,94903.7185,15.0326,97918.6892
20191115,002607.SZ,20.1004,20.5962,20.0607,20.2888,20.1797,0.10909999999999798,0.5406,90764.08,186484.566,1.3603,1.03,19.9338,92008.768,19.8654,84766.672,19.7815,96738.7715,19.2754,95480.3538,18.645,95316.2233,17.0932,94786.6142,15.1067,98178.4878
20191118,002607.SZ,20.3185,20.4078,19.9318,20.1004,20.2888,-0.1883999999999979,-0.9286,60419.12,122443.714,0.9055,0.66,20.029,83116.53,19.8931,80482.351,19.8746,95055.2146,19.3411,90635.5414,18.7772,95062.9887,17.185,93762.8965,15.1808,98327.5196
20191119,002607.SZ,20.2194,20.7251,20.1499,20.7251,20.1004,0.6247000000000007,3.1079,85874.53,177356.93,1.287,1.03,20.2749,85969.508,19.9804,82822.641,19.9432,90468.6785,19.4383,90972.1919,18.9329,95919.4027,17.2874,93396.2333,15.2596,98608.2284
20191120,002607.SZ,20.735,20.9433,20.5565,20.7449,20.7251,0.01980000000000004,0.0955,68017.82,142049.784,1.0194,0.79,20.4078,75126.38,20.0825,82915.404,20.0172,81690.63,19.5498,88636.4229,19.0641,94724.8007,17.3873,92324.0958,15.337,98737.06
20191121,002607.SZ,20.7747,20.8143,20.4772,20.6358,20.7449,-0.10910000000000153,-0.5259,55846.88,116117.101,0.837,0.74,20.499,72184.486,20.1509,80305.51,20.0798,78043.2877,19.6707,87621.6424,19.1957,93865.554,17.4856,89196.7052,15.41,98077.2026
20191122,002607.SZ,20.6458,21.0821,18.5733,18.6526,20.6358,-1.9832,-9.6105,240313.28,473245.15,3.6016,3.33,20.1718,102094.326,20.0528,97051.547,19.9875,91723.4146,19.6938,96354.3538,19.2525,99860.6223,17.5502,91027.8818,15.4667,99411.2234
20191125,002607.SZ,18.365,19.0195,17.2246,17.6411,18.6526,-1.011499999999998,-5.4228,255229.57,463357.783,3.8251,2.5,19.6799,141056.416,19.8544,112086.473,19.8273,106195.6746,19.6508,103948.9852,19.2495,104376.667,17.596,93954.3417,15.5162,101108.7771
20191126,002607.SZ,18.0279,18.5336,17.5618,18.1865,17.6411,0.5453999999999972,3.0916,188563.38,345137.575,2.826,1.34,19.1722,161594.186,19.7235,123781.847,19.6915,114397.0254,19.6385,108857.0133,19.2747,106386.555,17.6535,95872.0887,15.5675,101787.5494
20191127,002607.SZ,18.1667,18.3848,17.8692,18.1171,18.1865,-0.06939999999999813,-0.3816,86891.87,158757.965,1.3023,0.54,18.6466,165368.996,19.5272,120247.688,19.5748,115476.9454,19.6173,109464.7848,19.277,105619.9637,17.7038,95585.0432,15.6183,101820.4551
20191128,002607.SZ,18.0774,18.2658,17.8097,17.889,18.1171,-0.2281000000000013,-1.259,61127.18,110764.409,0.9161,0.37,18.0973,166425.056,19.2981,119304.771,19.4413,112111.32,19.5696,108456.3,19.2492,103579.0353,17.7466,95058.2797,15.6664,101525.0951
20191129,002607.SZ,17.889,18.2163,17.6213,18.127,17.889,0.23799999999999955,1.3304,106223.85,191891.534,1.592,0.64,17.9921,139607.17,19.082,120850.748,19.336,114773.9515,19.4884,106586.031,19.2294,101714.491,17.7985,95752.4802,15.7131,101310.504
20191202,002607.SZ,17.9485,18.2956,17.8394,17.9188,18.127,-0.20819999999999794,-1.1486,92261.5,167676.819,1.3827,0.66,18.0477,107013.556,18.8638,124034.986,19.1698,112468.4162,19.3996,102306.4619,19.2039,102163.0453,17.8432,95826.125,15.7614,101137.0567
20191203,002607.SZ,17.9386,18.0477,17.3535,17.9882,17.9188,0.06939999999999813,0.3873,98983.69,177807.404,1.4835,0.92,18.008,89097.618,18.5901,125345.902,19.0012,114655.1346,19.3123,102102.7171,19.19,101560.2027,17.8818,95796.1615,15.8088,101398.413
20191204,002607.SZ,17.9386,18.6823,17.8593,18.5237,17.9882,0.5355000000000025,2.977,108353.08,200700.986,1.6239,1.22,18.0893,93389.86,18.368,129379.428,18.8654,116008.1346,19.249,104287.5481,19.2043,102600.063,17.9264,96468.4268,15.8571,101451.7854
20191205,002607.SZ,18.5336,18.7319,18.4245,18.722,18.5237,0.1982999999999997,1.0705,62517.07,117283.589,0.9369,0.67,18.2559,93667.838,18.1766,130046.447,18.7594,116169.5154,19.2013,104069.7805,19.2228,102786.4207,17.9745,95900.5928,15.9068,101260.4657
20191206,002607.SZ,18.841,19.1385,18.6625,19.1286,18.722,0.4065999999999974,2.1718,83892.41,160622.138,1.2573,0.9,18.4563,89201.55,18.2242,114404.36,18.6366,116017.0446,19.1621,104162.4752,19.2423,102391.424,18.026,95716.0632,15.9592,101279.2642
20191209,002607.SZ,18.8807,19.1385,18.7022,18.841,19.1286,-0.28759999999999764,-1.5035,90251.07,172127.126,1.3526,1.01,18.6407,88799.464,18.3442,97906.51,18.4901,117727.2946,19.1243,104990.959,19.2555,102549.9667,18.0768,95755.7717,16.0124,100479.8815
20191210,002607.SZ,18.7914,19.0195,18.3253,18.5435,18.841,-0.29749999999999943,-1.579,106818.15,199270.3,1.6009,1.2,18.7518,90366.356,18.3799,89731.987,18.3292,121648.1615,19.0728,105083.2371,19.2548,103639.616,18.1197,96015.5483,16.057,99722.9901
20191211,002607.SZ,18.5832,18.6427,17.9981,18.1568,18.5435,-0.38670000000000115,-2.0854,106013.55,195086.617,1.5888,1.17,18.6784,89898.45,18.3839,91644.155,18.291,111317.4131,19.0091,106721.5186,19.2304,104429.889,18.1579,96661.4427,16.0991,99618.5591
20191212,002607.SZ,18.3452,18.5931,18.1568,18.3848,18.1568,0.22799999999999798,1.2557,108288.41,201116.781,1.6229,1.2,18.6109,99052.718,18.4334,96360.278,18.3482,100014.2469,18.9284,106057.4686,19.1821,103189.5193,18.2004,97066.3455,16.1424,99758.7542
20191213,002607.SZ,18.3848,18.9798,18.3253,18.3948,18.3848,0.010000000000001563,0.0544,165051.61,310132.047,2.4736,1.67,18.4642,115284.558,18.4602,102243.054,18.3643,98205.6492,18.8434,110557.2429,19.1358,102620.158,18.2483,98736.4477,16.1834,100137.4647
20191216,002607.SZ,18.4642,18.7319,17.9089,18.1667,18.3948,-0.2281000000000013,-1.24,137288.9,251497.081,2.0576,1.19,18.3293,124692.124,18.485,106745.794,18.3681,102082.3438,18.7423,112772.7105,19.0806,103754.377,18.2926,99982.0492,16.222,100542.9556
20191217,002607.SZ,18.1865,18.2262,17.7205,17.7998,18.1667,-0.36689999999999756,-2.0196,210919.5,380762.821,3.1611,1.69,18.1806,145512.394,18.4662,117939.375,18.3612,113604.83,18.6328,119939.3952,19.0122,108702.6393,18.3303,102593.9698,16.2545,101339.0763
20191218,002607.SZ,17.8989,18.008,17.4031,17.889,17.7998,0.08919999999999817,0.5011,125282.51,223829.185,1.8776,0.86,18.127,149366.186,18.4027,119632.318,18.3429,115070.8808,18.4977,121815.9657,18.9511,110642.3833,18.3637,103357.4077,16.2871,101689.4262
20191219,002607.SZ,17.9287,17.9584,17.4428,17.4626,17.889,-0.426400000000001,-2.3836,110818.12,196254.073,1.6608,0.74,17.9426,149872.128,18.2768,124462.423,18.3078,116498.3131,18.3414,123854.0752,18.8681,111604.7933,18.387,103953.606,16.3161,101827.9754
20191220,002607.SZ,17.5221,17.8196,16.8875,17.413,17.4626,-0.04959999999999809,-0.284,210463.24,367719.644,3.1542,1.4,17.7462,158954.454,18.1052,137119.506,18.2636,125073.6631,18.1879,131216.759,18.7941,116191.8043,18.4128,106486.4435,16.3462,102883.4284
20191223,002607.SZ,17.4825,17.5122,16.8676,16.9371,17.413,-0.4758999999999993,-2.733,116350.13,200543.256,1.7437,0.73,17.5003,154766.7,17.9148,139729.412,18.1415,125688.8208,18.1062,125313.7519,18.7045,116574.1317,18.43,107294.0415,16.3739,102880.0321
20191224,002607.SZ,17.0561,17.2643,16.6495,17.2445,16.9371,0.3073999999999977,1.815,110421.54,190404.768,1.6549,0.71,17.3892,134667.108,17.7849,140089.751,18.0279,129373.78,18.0874,118418.1314,18.6294,117867.8617,18.4417,106561.2498,16.4011,102685.034
20191225,002607.SZ,17.294,17.5023,17.1354,17.4031,17.2445,0.15859999999999985,0.9197,101758.22,178202.594,1.5251,0.76,17.2921,129962.25,17.7095,139664.218,17.8951,130748.0731,18.0501,114284.5524,18.5402,117185.3537,18.4629,106564.4018,16.4252,101814.4488
20191226,002607.SZ,17.413,17.532,17.185,17.3734,17.4031,-0.029699999999998283,-0.1707,50401.16,88073.895,0.7554,0.39,17.2742,117878.858,17.6084,133875.493,17.7822,127682.6954,18.0146,112546.8995,18.4467,116513.514,18.4817,105717.7582,16.4523,101309.5582
20191227,002607.SZ,17.3635,17.4428,17.1056,17.1156,17.3734,-0.2577999999999996,-1.4839,86125.84,150092.07,1.2908,0.73,17.2147,93011.378,17.4805,125982.916,17.6724,126090.9792,17.9778,113737.3119,18.3409,116358.906,18.4929,105837.5647,16.4818,100527.3517
20191230,002607.SZ,17.1056,17.5221,16.9668,17.3932,17.1156,0.2775999999999996,1.6219,90754.72,158724.526,1.3601,0.98,17.306,87892.296,17.4031,121329.498,17.6137,124917.2231,17.9429,113000.6867,18.2506,117370.0927,18.5139,106216.5407,16.5183,98765.6384
20191231,002607.SZ,17.3535,17.8791,17.3535,17.7304,17.3932,0.3371999999999993,1.9387,115956.24,207330.001,1.7378,1.32,17.4031,88999.236,17.3962,111833.172,17.5633,125507.0562,17.9339,114129.0076,18.1508,118372.8163,18.5419,107146.1095,16.5589,98068.3905
20200102,002607.SZ,17.7304,18.2163,17.6709,18.1171,17.7304,0.38670000000000115,2.181,133586.99,242342.557,2.0021,1.5,17.5459,95364.99,17.419,112663.62,17.542,123086.7008,17.94,115776.7838,18.0632,120558.4553,18.5637,107641.628,16.6049,97523.0412
20200103,002607.SZ,18.1568,18.4939,18.0279,18.246,18.1171,0.12889999999999802,0.7115,135104.59,249593.321,2.0248,1.42,17.7205,112305.676,17.4973,115092.267,17.5481,122918.6769,17.9268,117050.6652,17.9836,123200.379,18.5896,108532.9665,16.6502,97743.5969
20200106,002607.SZ,18.3253,18.4443,17.6411,17.7998,18.246,-0.4461999999999975,-2.4455,167051.73,303732.936,2.5036,1.49,17.8573,128490.854,17.536,110751.116,17.5481,119544.2331,17.8829,122028.5062,17.9551,120758.3273,18.6038,110309.4748,16.6925,98437.4857
20200107,002607.SZ,17.8196,17.9485,17.6709,17.889,17.7998,0.08919999999999817,0.5011,86585.26,155693.087,1.2977,0.67,17.9565,127656.962,17.6312,107774.629,17.5481,116567.5215,17.8239,122156.7371,17.9634,115136.8503,18.6065,109756.7587,16.7368,97984.5026
20200108,002607.SZ,17.7998,17.9386,17.5519,17.6312,17.889,-0.2577999999999996,-1.4411,62009.09,111013.475,0.9293,0.49,17.9366,116867.532,17.6699,102933.384,17.561,112812.9808,17.7663,120811.881,17.9449,110918.374,18.6098,108652.4645,16.7753,97499.5222
20200109,002607.SZ,17.8494,18.4443,17.8097,18.4443,17.6312,0.8130999999999986,4.6117,133620.01,245890.245,2.0026,1.14,18.0021,116874.136,17.774,106119.563,17.6404,106901.9631,17.7615,122088.16,17.9558,112475.9787,18.6164,109047.9712,16.8204,97908.518
20200110,002607.SZ,18.7319,19.1087,18.484,18.9402,18.4443,0.49590000000000245,2.6886,151682.07,288262.848,2.2733,1.3,18.1409,120189.632,17.9307,116247.654,17.7944,109619.8046,17.7988,124262.8514,17.9908,115494.475,18.62,109536.7552,16.8699,98638.7344
20200113,002607.SZ,18.8906,18.9104,18.3055,18.5534,18.9402,-0.3868000000000009,-2.0422,123835.65,231189.397,1.8559,1.03,18.2916,111546.416,18.0745,120018.635,17.8951,110651.6592,17.8069,125003.1962,18.0051,116081.535,18.6172,108898.013,16.9152,98900.1676
20200114,002607.SZ,18.5633,18.6427,18.246,18.365,18.5534,-0.18840000000000146,-1.0154,75921.72,141184.462,1.1378,0.68,18.3868,109413.708,18.1716,118535.335,17.9691,108664.2362,17.8054,120758.9157,18.0199,115536.8757,18.6119,108849.9605,16.956,98835.6777
20200115,002607.SZ,18.3749,18.5435,18.1568,18.3948,18.365,0.029800000000001603,0.1623,70080.04,129726.209,1.0503,0.64,18.5395,111027.898,18.2381,113947.715,18.0477,110177.9962,17.8163,117558.4938,18.0335,114573.4207,18.6118,108066.8117,16.9967,98667.5358
20200116,002607.SZ,18.4344,18.6922,18.2758,18.4443,18.3948,0.04949999999999832,0.2691,84383.75,157600.471,1.2647,0.76,18.5395,101180.646,18.2708,109027.391,18.1499,110043.9892,17.847,111532.9819,18.0308,113774.443,18.6175,108187.253,17.0342,98549.0133
20200117,002607.SZ,18.5832,18.6328,18.1568,18.2262,18.4443,-0.21809999999999974,-1.1825,61004.28,112898.88,0.9143,0.6,18.3967,83045.088,18.2688,101617.36,18.214,107755.4938,17.8631,108472.1138,18.0143,113724.0167,18.6185,108255.2187,17.0707,98280.4539
20200120,002607.SZ,18.246,18.4543,17.5618,18.3253,18.2262,0.09909999999999997,0.5437,125653.01,227849.696,1.8832,1.51,18.3511,83408.56,18.3214,97477.488,18.2597,108501.3992,17.9041,109178.5371,17.9875,115116.0367,18.6149,108753.7303,17.1079,98649.0732
20200121,002607.SZ,18.2064,18.4443,17.6411,17.7105,18.3253,-0.6147999999999989,-3.3549,95482.95,172445.898,1.431,1.14,18.2202,87320.806,18.3035,98367.257,18.2285,105570.3192,17.9183,103703.2852,17.9498,115290.4327,18.6027,108920.1997,17.1409,98909.9978
20200122,002607.SZ,17.7799,17.9783,16.6792,17.5023,17.7105,-0.20819999999999794,-1.1756,183988.21,321928.149,2.7574,2.11,18.0417,110102.44,18.2906,110565.169,18.1713,109330.5977,17.9452,106924.1462,17.9151,117862.768,18.585,110751.192,17.1725,99978.1477
20200123,002607.SZ,17.6411,17.7502,16.0644,16.6197,17.5023,-0.8826,-5.0428,174576.36,297035.497,2.6164,1.59,17.6768,128140.962,18.1082,114660.804,18.0805,109909.4154,17.9155,109979.1376,17.8639,120148.195,18.5471,112289.042,17.196,100789.3541
20200203,002607.SZ,14.9538,14.9538,14.9538,14.9538,16.6197,-1.6659000000000024,-10.0236,74193.0,111883.044,1.1119,0.58,17.0223,130778.706,17.7095,106911.897,17.8547,108956.1646,17.7988,108666.5081,17.7495,119011.6813,18.4658,111100.6003,17.2055,100702.4749
20200204,002607.SZ,14.2993,16.4512,14.2993,16.4512,14.9538,1.4974000000000007,10.0135,248537.76,403199.992,3.7248,1.9,16.6475,155355.656,17.4993,119382.108,17.7639,123304.5238,17.7549,118101.5843,17.6847,121794.553,18.4103,112207.3555,17.2271,102268.2483
20200205,002607.SZ,16.9569,17.304,16.3619,16.6098,16.4512,0.15859999999999985,0.9641,273910.96,462962.931,4.1051,1.76,16.4274,191041.258,17.3238,139181.032,17.6228,134096.1354,17.7308,127043.7329,17.6329,126348.6217,18.3567,115051.4993,17.2492,103811.1015
20200206,002607.SZ,16.6594,18.2758,16.6495,17.8494,16.6098,1.2395999999999994,7.4631,353083.28,627509.034,5.2917,1.85,16.4968,224860.272,17.2693,167481.356,17.5389,149588.5362,17.7526,139535.569,17.6345,131087.4143,18.3234,119895.0268,17.2852,106151.8203
20200207,002607.SZ,18.0874,18.246,16.9569,17.185,17.8494,-0.6644000000000005,-3.7223,273200.43,481147.492,4.0945,1.21,16.6098,244585.086,17.1433,186363.024,17.4336,161078.1346,17.7266,147023.3876,17.611,136018.0117,18.2811,123330.1975,17.3174,107707.5195
20200210,002607.SZ,17.2445,17.542,16.8577,17.2643,17.185,0.07929999999999993,0.4614,152629.99,262660.312,2.2875,0.62,17.0719,260272.484,17.0471,195525.595,17.349,166978.7708,17.686,147930.1971,17.6044,137411.7407,18.2363,124508.267,17.3521,108641.6487
20200211,002607.SZ,17.304,17.6411,16.8577,17.4527,17.2643,0.18840000000000146,1.0913,183911.31,319363.298,2.7563,0.71,17.2722,247347.194,16.9599,201351.425,17.2765,175735.0223,17.6482,150254.3267,17.6058,136526.6763,18.1999,126359.2403,17.3859,109724.4434
20200212,002607.SZ,17.304,17.5023,17.066,17.3436,17.4527,-0.10910000000000153,-0.6251,132319.98,230640.706,1.9831,0.53,17.419,219028.998,16.9232,205035.128,17.1918,179422.4246,17.6265,148600.4338,17.6193,137059.0047,18.1619,126816.5682,17.418,110208.9188
20200213,002607.SZ,17.3436,17.5519,17.1056,17.2742,17.3436,-0.06939999999999813,-0.4001,137861.41,241027.758,2.0661,0.63,17.304,175984.624,16.9004,200422.448,17.1186,185334.5115,17.5972,151042.1552,17.6203,137973.667,18.1249,127920.7643,17.4493,110808.247
20200214,002607.SZ,17.2445,17.4527,17.1056,17.2246,17.2742,-0.04960000000000164,-0.2871,82326.64,143457.094,1.2338,0.47,17.3119,137809.866,16.9609,191197.476,17.0339,182001.7138,17.5778,152009.6576,17.6143,137325.9477,18.0773,127255.6507,17.4811,111137.2798
20200217,002607.SZ,17.3535,17.7006,17.2246,17.6411,17.2246,0.41650000000000276,2.4181,175673.53,309559.32,2.6328,1.27,17.3872,142418.574,17.2296,201345.529,17.0286,188170.22,17.5396,154012.2062,17.6233,141501.6933,18.035,129007.6037,17.513,111955.6611
20200218,002607.SZ,17.7502,18.8707,17.7006,18.7517,17.6411,1.110599999999998,6.2955,275311.41,510825.682,4.1261,1.93,17.647,160698.594,17.4596,204022.894,17.1247,195195.0815,17.5306,159899.3176,17.6778,147807.879,18.0093,132083.3925,17.5513,113435.0033
20200219,002607.SZ,18.5237,20.2789,18.3848,19.555,18.7517,0.8033000000000001,4.2839,244046.0,480196.531,3.6575,1.52,18.0893,183043.798,17.7542,201036.398,17.3505,200538.9,17.5783,165623.62,17.7499,152917.5883,18.0003,135143.8405,17.5926,114453.3685
20200220,002607.SZ,19.7136,19.8822,19.0393,19.6343,19.555,0.07929999999999993,0.4055,157463.13,308775.906,2.3599,0.86,18.5613,186964.142,17.9327,181474.383,17.7105,206944.2946,17.6388,169506.5443,17.8133,154301.1513,17.9821,136336.9838,17.6348,114866.6086
20200221,002607.SZ,19.674,19.8227,19.3368,19.5946,19.6343,-0.039699999999999847,-0.2022,102901.92,203669.565,1.5422,0.55,19.0353,191079.198,18.1736,164444.532,17.9523,195741.5377,17.6959,171069.491,17.8626,153278.3157,17.9629,136918.3855,17.6751,114621.2407
20200224,002607.SZ,19.5748,20.0706,19.3566,19.5252,19.5946,-0.06939999999999813,-0.3542,123347.37,244101.629,1.8486,0.65,19.4122,180613.966,18.3997,161516.27,18.1766,184159.7231,17.7474,172924.9014,17.9052,152886.4083,17.9444,138043.3937,17.715,113620.0494
20200225,002607.SZ,19.1385,19.6442,18.9402,19.4756,19.5252,-0.04960000000000164,-0.254,128012.01,249635.334,1.9185,0.71,19.5569,151154.086,18.602,155926.34,18.3017,166846.5485,17.8069,176115.7457,17.9611,151585.0843,17.9581,136171.7058,17.7542,113599.7938
20200226,002607.SZ,19.9417,21.0722,19.8326,20.0409,19.4756,0.5653000000000006,2.9026,223929.02,459945.843,3.356,1.48,19.6541,147130.69,18.8717,165087.244,18.5214,163056.44,17.8885,180795.5557,18.0328,156163.2097,17.9981,135650.03,17.7971,114802.1858
20200227,002607.SZ,20.6259,20.6259,19.7037,20.1202,20.0409,0.07929999999999993,0.3957,163677.5,333027.113,2.453,1.11,19.7513,148373.564,19.1563,167668.853,18.7411,163906.2485,18.0033,184042.9152,18.1158,159552.1567,18.0303,135235.2653,17.8419,115553.677
20200228,002607.SZ,19.8227,21.0226,19.664,20.8243,20.1202,0.7041000000000004,3.4995,218796.95,451683.28,3.2791,1.47,19.9972,171552.57,19.5163,181315.884,19.0004,166589.7592,18.1615,185700.4743,18.1951,162391.388,18.0755,137433.6833,17.8896,116509.3632
20200302,002607.SZ,20.8243,21.8456,20.5268,21.7068,20.8243,0.8825000000000003,4.2378,200603.02,433131.412,3.0064,1.17,20.4336,187003.7,19.9229,183808.833,19.336,171842.3008,18.4037,186939.839,18.2873,164022.0863,18.1391,139758.2807,17.9428,117408.2802
20200303,002607.SZ,21.8456,22.5398,21.4292,22.1927,21.7068,0.48589999999999733,2.2385,190370.71,420656.5,2.8531,1.02,20.977,199475.44,20.267,175314.763,19.7144,175881.4777,18.7484,192472.111,18.4086,166239.9217,18.2068,141160.7283,18.0027,118456.6042
20200304,002607.SZ,21.8952,22.8869,21.8655,22.1431,22.1927,-0.04959999999999809,-0.2235,171063.93,385380.693,2.5637,0.86,21.3974,188902.422,20.5258,168016.556,20.0927,182707.4231,19.0195,188782.881,18.5346,169411.3287,18.2772,142474.1022,18.0602,119150.1136
20200305,002607.SZ,22.2225,22.4604,21.8754,22.3613,22.1431,0.2181999999999995,0.9854,96346.74,215676.392,1.444,0.51,21.8456,175436.27,20.7985,161904.917,20.4558,176605.3623,19.2934,180327.4419,18.6668,170286.8853,18.3501,142430.153,18.1159,119113.1572
20200306,002607.SZ,22.034,22.9563,21.9448,22.391,22.3613,0.029699999999998283,0.1328,73599.82,165907.486,1.103,0.42,22.159,146396.844,21.0781,158974.707,20.7358,161089.0862,19.5096,167018.7057,18.7983,169927.421,18.4146,141850.932,18.1705,119159.6794
20200309,002607.SZ,22.1233,22.1332,21.0722,21.2209,22.391,-1.170099999999998,-5.2258,168119.56,365240.387,2.5196,1.15,22.0618,139900.152,21.2477,163451.926,20.8639,155248.5908,19.7018,162014.8548,18.8982,173497.9303,18.4562,143610.9735,18.2154,119755.7832
20200310,002607.SZ,20.8243,22.9761,20.8243,22.5199,21.2209,1.2989999999999995,6.1213,295401.33,667342.182,3.601,2.11,22.1272,160906.276,21.5521,180190.858,21.0859,165859.2215,19.9521,168813.49,19.038,179156.2077,18.5128,147136.1222,18.2694,121426.0927
20200311,002607.SZ,22.6489,22.9563,22.1431,22.3117,22.5199,-0.2082000000000015,-0.9245,137876.3,312739.276,1.6807,0.86,22.161,154268.75,21.7792,171585.586,21.2949,168549.5585,20.1835,166621.3467,19.1914,180569.3193,18.5706,147929.876,18.3237,121842.8238
20200312,002607.SZ,21.8159,22.2125,21.4192,21.8754,22.3117,-0.43629999999999924,-1.9555,92385.45,202885.326,1.1262,0.6,22.0638,153476.492,21.9547,164456.381,21.4757,166167.8723,20.3993,164719.7024,19.3371,177515.894,18.6261,147689.331,18.3729,121852.4397
20200313,002607.SZ,21.1713,22.5596,20.8441,22.3514,21.8754,0.47600000000000264,2.176,185262.65,409996.687,2.2584,1.21,22.0559,175809.058,22.1074,161102.951,21.6969,170571.7677,20.641,166976.9043,19.5282,177872.1037,18.696,149010.1493,18.427,122835.796
20200316,002607.SZ,22.51,22.8869,21.5878,21.5878,22.3514,-0.7636000000000003,-3.4163,171411.12,383453.411,2.0895,0.97,22.1292,176467.37,22.0955,158183.761,21.8159,166531.9292,20.8488,171219.0224,19.7493,181112.7077,18.7494,150062.1945,18.4749,123564.27
20200317,002607.SZ,21.568,22.2324,21.0226,21.9448,21.5878,0.3569999999999993,1.6537,125607.49,274593.052,1.5312,0.71,22.0142,142508.602,22.0707,151707.439,21.9562,163603.4669,21.0537,168834.9252,19.9324,177015.032,18.8086,149404.7925,18.5285,124070.6201
20200318,002607.SZ,22.153,23.3827,21.8556,22.3117,21.9448,0.36689999999999756,1.6719,204701.78,470679.221,2.4953,1.44,22.0142,155873.698,22.0876,155071.224,22.0707,162519.2231,21.2233,165472.5619,20.1225,174708.0593,18.8777,150528.3405,18.5852,125255.1948
20200319,002607.SZ,22.5894,22.9959,21.5184,22.9463,22.3117,0.6346000000000025,2.8442,165207.22,371487.646,2.0139,1.06,22.2284,170438.052,22.1461,161957.272,22.166,159796.4692,21.3848,161718.3343,20.2924,168445.524,18.9635,149766.4692,18.6469,126180.2195
20200320,002607.SZ,22.8274,24.2652,22.7084,23.819,22.9463,0.8726999999999983,3.8032,189884.69,454098.447,2.3147,1.11,22.5219,171362.46,22.2889,173585.759,22.2911,159759.0831,21.584,163262.2181,20.5135,165668.3327,19.0623,150843.1722,18.713,127100.2899
20200323,002607.SZ,23.462,24.2652,23.2042,23.3133,23.819,-0.5056999999999974,-2.1231,169977.28,404735.623,2.072,0.99,22.867,171075.692,22.4981,173771.531,22.3811,159675.4946,21.7611,166456.2829,20.7152,166246.5757,19.1598,151829.1582,18.7734,127891.3821
20200324,002607.SZ,23.462,23.7595,21.7167,22.3117,23.3133,-1.0016000000000034,-4.2963,222637.19,505859.471,2.714,1.3,22.9404,190481.632,22.4773,166495.117,22.3773,169390.1446,21.8938,171184.3695,20.8771,167537.4383,19.2414,152032.0573,18.8271,129259.2504
20200325,002607.SZ,22.3117,23.4322,22.3117,23.0653,22.3117,0.7536000000000023,3.3776,125026.99,289908.564,1.5241,0.66,23.0911,174546.674,22.5527,165210.186,22.4292,173346.0808,22.0647,171042.2257,21.0679,167294.3387,19.3436,152176.6717,18.8868,129735.3566
20200326,002607.SZ,22.6092,23.4025,22.4604,23.0753,23.0653,0.00999999999999801,0.0434,76871.69,178670.147,0.9371,0.44,23.1169,156879.568,22.6727,163658.81,22.5718,166327.0138,22.2092,164039.4957,21.2612,165261.348,19.4408,151617.5075,18.9412,129089.3787
20200327,002607.SZ,23.2835,23.6504,22.6786,22.8869,23.0753,-0.1883999999999979,-0.8165,67659.18,156880.285,0.8248,0.43,22.9305,132434.466,22.7262,151898.463,22.6,148808.3869,22.341,159467.1948,21.45,164772.4327,19.5322,151049.1902,18.9975,128806.796
20200330,002607.SZ,21.9646,22.7877,21.6771,21.8159,22.8869,-1.0710000000000015,-4.6795,110313.39,244439.105,1.3447,0.83,22.631,120501.688,22.749,145788.69,22.5619,146688.1631,22.3882,154301.311,21.5891,162593.7613,19.6062,152047.7273,19.0439,128882.7427
20200331,002607.SZ,22.0241,22.7282,21.8357,22.5794,21.8159,0.7635000000000005,3.4997,128863.11,290047.68,1.5709,1.07,22.6846,101746.872,22.8125,146114.252,22.6161,149494.1369,22.4298,150885.1248,21.7167,157712.1513,19.6973,152760.0152,19.0951,129298.7899
20200401,002607.SZ,22.5794,22.6092,21.8159,21.9151,22.5794,-0.6643000000000008,-2.9421,88700.76,197718.538,1.0813,0.87,22.4545,94481.626,22.7728,134514.15,22.5825,142066.2992,22.4165,146043.6986,21.7954,152533.9767,19.7726,152725.7825,19.1433,129471.1616
20200402,002607.SZ,21.8159,22.0737,20.3483,21.3399,21.9151,-0.5751999999999988,-2.6247,264887.35,564049.793,3.229,2.8,22.1074,132084.758,22.6122,144482.163,22.5634,149256.7785,22.3783,150511.4805,21.8522,156114.784,19.8328,155207.9677,19.1873,131177.0386
20200403,002607.SZ,21.3994,22.2919,21.3994,21.7068,21.3399,0.3669000000000011,1.7193,131068.12,289421.594,1.5977,0.99,21.8714,144766.546,22.401,138600.506,22.5451,149676.8269,22.3471,152164.8795,21.9227,157053.6573,19.8926,155165.9865,19.2281,131403.8072
20200407,002607.SZ,21.8655,22.6786,21.7762,22.51,21.7068,0.8032000000000004,3.7002,120120.88,269718.71,1.4643,0.83,22.0102,146728.044,22.3206,133614.866,22.5604,143170.6038,22.3528,154380.1681,22.0221,156946.1077,19.9637,154916.258,19.2766,131724.6122
20200408,002607.SZ,22.1729,22.4604,21.7266,21.8754,22.51,-0.6346000000000025,-2.8192,119804.71,265444.161,1.4604,0.82,21.8694,144916.364,22.277,123331.618,22.478,139678.1031,22.384,152079.461,22.1021,156672.531,20.0316,154128.8077,19.3177,132219.1412
20200409,002607.SZ,22.163,23.0058,21.8754,22.8174,21.8754,0.9420000000000002,4.3062,97938.7,223290.408,1.1939,0.68,22.0499,146763.952,22.2522,120622.789,22.401,132605.3346,22.3981,142676.4786,22.1947,152472.8537,20.1137,154318.0317,19.3601,132037.3952
20200410,002607.SZ,22.9166,23.819,22.629,23.0257,22.8174,0.20830000000000126,0.9129,111167.64,259982.4,1.3551,0.76,22.3871,116020.01,22.2473,124052.384,22.3788,128081.5162,22.4321,141404.6376,22.2915,150722.525,20.2037,155137.3408,19.4067,131894.9027
20200413,002607.SZ,23.0852,23.9677,22.8075,23.7992,23.0257,0.7734999999999985,3.3593,142529.44,339639.219,1.7375,1.23,22.8055,118312.274,22.3385,131539.41,22.4933,121919.3815,22.5237,143792.4467,22.3907,148180.2747,20.2929,155285.8313,19.4546,132166.9012
20200414,002607.SZ,23.8686,23.8884,23.0257,23.5116,23.7992,-0.28759999999999764,-1.2084,137128.99,322547.852,1.6716,1.16,23.0059,121713.896,22.5081,134220.97,22.5276,122850.3046,22.579,141500.3676,22.4509,146064.4737,20.3691,155043.28,19.4946,132290.0176
20200415,002607.SZ,23.5116,23.9479,23.2042,23.3033,23.5116,-0.20830000000000126,-0.8859,78565.65,186402.989,0.9577,0.65,23.2914,113466.084,22.5804,129191.224,22.5451,122980.6092,22.6607,137079.1548,22.4879,142337.6383,20.4483,154288.78,19.5327,131593.3965
20200416,002607.SZ,23.0554,24.0471,22.867,23.7793,23.3033,0.4759999999999991,2.0426,98422.7,233974.066,1.1998,0.87,23.4838,113562.884,22.7669,130163.418,22.6138,125347.0338,22.748,135784.641,22.5424,139916.264,20.5385,154663.7963,19.5752,131756.8784
20200417,002607.SZ,23.7892,24.0371,23.3628,23.5017,23.7793,-0.2775999999999996,-1.1674,78645.0,187698.032,0.9587,0.69,23.579,107058.356,22.983,111539.183,22.7434,122911.0038,22.8047,129781.9371,22.5804,139326.206,20.6236,154806.5457,19.6177,131436.6787
20200420,002607.SZ,23.3628,23.7,23.105,23.4917,23.5017,-0.00999999999999801,-0.0426,83989.79,197925.775,1.0238,0.78,23.5175,95350.426,23.1615,106831.35,22.8136,119459.21,22.8307,125914.4405,22.6171,139672.5383,20.7077,154799.9797,19.6626,131493.6163
20200421,002607.SZ,23.5017,24.1165,23.1248,23.9677,23.4917,0.4759999999999991,2.0262,86120.87,205577.479,1.0498,0.9,23.6087,85148.802,23.3073,103431.349,22.9715,119260.7569,22.8377,120973.3062,22.7087,136939.2487,20.8034,155218.5895,19.711,131736.9041
20200422,002607.SZ,23.9578,24.5925,23.6207,24.4437,23.9677,0.4759999999999991,1.986,107618.91,261542.891,1.3119,1.26,23.8368,90959.454,23.5641,102212.769,23.2103,107163.1846,22.8916,118003.86,22.7728,130679.8347,20.9054,154918.0212,19.7602,131835.8757
20200423,002607.SZ,24.295,24.5429,23.9975,24.0669,24.4437,-0.37679999999999936,-1.5415,65487.08,159811.164,0.7983,0.72,23.8943,84372.33,23.6891,98967.607,23.3918,102118.4892,22.9752,110520.5214,22.8313,128266.8607,21.0113,154418.09,19.807,131669.1448
20200424,002607.SZ,24.0371,24.295,23.7892,23.8289,24.0669,-0.23799999999999955,-0.9889,54822.28,132854.236,0.6683,0.65,23.9598,79607.786,23.7694,93333.071,23.4933,97095.52,23.0115,107177.44,22.8964,127014.755,21.1168,152265.3245,19.8509,131508.2582
20200427,002607.SZ,24.1066,24.1859,23.6107,23.819,23.8289,-0.009900000000001796,-0.0415,65104.27,156826.501,0.7936,0.82,24.0252,75830.682,23.7714,85590.554,23.6428,92887.7938,23.0469,106617.0867,22.9454,123009.4757,21.2368,150440.7897,19.892,131364.9158
20200428,002607.SZ,23.9975,24.4933,23.3529,24.1561,23.819,0.3370999999999995,1.4153,87405.31,211893.618,1.0655,1.15,24.0629,76087.57,23.8358,80618.186,23.7458,92077.5331,23.1074,107557.3786,23.031,120209.282,21.3901,150660.9948,19.928,130880.7976
20200429,002607.SZ,24.4933,25.2271,23.7,23.8983,24.1561,-0.2577999999999996,-1.0672,125240.02,307649.88,1.5267,1.65,23.9538,79611.792,23.8953,85285.623,23.8129,93160.0238,23.2065,108268.1705,23.0961,120197.033,21.5143,148606.0325,19.9623,130406.694
20200430,002607.SZ,24.1066,25.6634,24.0471,25.5742,23.8983,1.6759000000000022,7.0126,123658.65,312625.118,1.5074,1.55,24.2553,91246.106,24.0748,87809.218,23.9494,91708.4246,23.3491,108020.339,23.2048,117495.5953,21.6637,146101.8273,20.0102,130576.6633
20200506,002607.SZ,25.1874,25.594,24.5131,25.594,25.5742,0.01980000000000004,0.0774,149980.92,378450.644,1.8283,1.64,24.6083,110277.834,24.2841,94942.81,24.1096,92697.0346,23.5243,110938.4419,23.2931,116988.052,21.7927,142716.788,20.0581,131305.9074
20200507,002607.SZ,25.1974,25.5742,24.9891,25.3362,25.594,-0.2577999999999996,-1.0073,76734.95,195606.941,0.9354,0.7,24.9118,112603.97,24.4685,94217.326,24.266,92556.2115,23.7146,101978.8038,23.3437,113216.394,21.9286,139442.3633,20.1048,131386.2804
20200508,002607.SZ,25.5345,26.4964,25.4849,25.9014,25.3362,0.5651999999999973,2.2308,107435.38,282089.998,1.3097,0.95,25.2608,116609.984,24.6619,96348.777,24.4292,93249.4946,23.9144,100853.4352,23.4299,111131.664,22.0726,138689.1198,20.1544,131598.6934
20200511,002607.SZ,26.2584,26.9228,25.9708,26.0601,25.9014,0.15869999999999962,0.6127,96653.55,256741.294,1.1782,0.83,25.6932,110892.69,24.8235,95252.241,24.626,94634.7677,24.0834,99735.9433,23.5549,106932.2093,22.216,137234.8238,20.208,131797.0321
20200512,002607.SZ,26.3576,27.2203,26.0799,26.9327,26.0601,0.872600000000002,3.3484,126493.57,341871.665,1.542,1.14,25.9649,111459.674,25.1101,101352.89,24.8907,97904.2892,24.3242,100054.4605,23.6838,106981.0953,22.3758,137137.717,20.2689,131977.1426
20200513,002607.SZ,27.1707,27.9938,26.774,27.9739,26.9327,1.0412,3.8659,115484.22,319763.572,1.4078,1.04,26.4409,104560.334,25.5246,107419.084,25.1989,100163.0085,24.5698,100889.9614,23.8471,108268.1797,22.5542,136764.7638,20.3395,132342.7641
20200514,002607.SZ,27.6665,29.0052,27.6467,28.4896,27.9739,0.5156999999999989,1.8435,127762.45,367301.14,1.5574,1.22,27.0715,114765.834,25.9917,113684.902,25.5101,101712.5115,24.83,101680.1905,24.0338,110271.622,22.7419,137522.0273,20.4096,132388.839
20200515,002607.SZ,28.4896,28.7771,27.6764,28.0136,28.4896,-0.4759999999999991,-1.6708,98751.24,279604.436,1.2038,0.86,27.494,113029.006,26.3774,114819.495,25.8137,104271.2931,25.0307,99595.5143,24.2404,109886.217,22.9148,136239.9892,20.4749,132623.7964
20200518,002607.SZ,28.0136,28.3706,27.5971,28.0334,28.0136,0.01980000000000004,0.0707,94328.53,265422.264,1.1499,0.83,27.8886,112564.002,26.7909,111728.346,26.1371,107310.2354,25.246,97557.3971,24.4222,108735.0643,23.0695,133223.6078,20.5394,132653.5002
20200519,002607.SZ,28.0632,28.6185,27.9739,28.4301,28.0334,0.39669999999999916,1.4151,74527.51,212680.523,0.9085,0.66,28.1881,102170.79,27.0765,106815.232,26.4918,108035.1,25.4901,97365.1048,24.6394,108262.6227,23.2174,130398.2997,20.6088,132771.0701
20200520,002607.SZ,28.55,28.64,27.43,27.86,28.43,-0.5700000000000003,-2.0049,100572.68,280748.913,1.226,0.98,28.1653,99188.482,27.3031,101874.408,26.7767,109047.9746,25.6844,97467.4848,24.8567,102785.467,23.3545,129450.1255,20.6683,132893.5547
20200521,002607.SZ,27.61,28.15,27.5,27.62,27.86,-0.23999999999999844,-0.8615,81843.21,227015.228,0.9977,0.83,27.9914,90004.634,27.5315,102385.234,27.063,105709.7585,25.8805,97619.7805,25.0538,101144.6367,23.4882,129099.147,20.7256,133008.7662
20200522,002607.SZ,27.54,27.72,26.0,26.84,27.62,-0.7800000000000011,-2.824,115389.27,311606.476,1.4066,1.28,27.7567,93332.24,27.6253,103180.623,27.1604,105073.6523,26.04,99114.9938,25.1982,100986.9163,23.6102,128966.512,20.7773,133504.9528
20200525,002607.SZ,26.8,27.32,26.05,27.02,26.84,0.17999999999999972,0.6706,131598.61,353272.02,1.6042,1.41,27.554,100786.256,27.7213,106675.129,27.2701,103659.6285,26.1853,101280.6005,25.3697,101380.0463,23.7359,129026.2887,20.847,132598.9972
20200526,002607.SZ,27.6,28.12,27.1,27.84,27.02,0.8200000000000003,3.0348,85268.78,236576.41,1.0394,0.85,27.436,102934.51,27.8121,102552.65,27.4627,104316.0769,26.3471,100216.3086,25.5371,100957.7157,23.8659,126715.2847,20.932,131182.6573
20200527,002607.SZ,27.9,28.33,27.45,27.61,27.84,-0.23000000000000043,-0.8261,62521.45,174062.93,0.7621,0.61,27.386,95324.264,27.7757,97256.373,27.5941,100861.1592,26.5158,100075.0881,25.6899,99336.176,23.9907,125029.3505,21.0105,130132.3079
20200528,002607.SZ,27.87,28.81,27.61,28.6,27.61,0.990000000000002,3.5857,98103.07,276574.619,1.1959,1.03,27.582,98576.236,27.7867,94290.435,27.7895,100972.6608,26.743,102136.0781,25.8499,97855.297,24.1203,123017.7858,21.0979,130225.7346
20200529,002607.SZ,28.8,30.47,28.32,29.4,28.6,0.7999999999999972,2.7972,170724.41,503347.214,2.0812,1.73,28.094,109643.264,27.9254,101487.752,27.9793,104375.0331,27.0087,107165.6086,26.0462,98975.1443,24.2485,122519.809,21.1938,131139.0448
20200601,002607.SZ,29.86,30.45,28.91,29.67,29.4,0.2700000000000031,0.9184,115161.03,340249.464,1.4038,1.05,28.624,106355.748,28.089,103571.002,28.1097,104350.1723,27.2713,108487.3095,26.2584,100194.9903,24.3731,121266.3143,21.29,131213.5213
20200602,002607.SZ,29.38,29.49,27.75,28.72,29.67,-0.9500000000000028,-3.2019,157557.18,446153.879,1.9206,1.48,28.8,120813.428,28.118,111873.969,28.1275,106642.0746,27.5009,110026.2219,26.4231,102166.1397,24.4828,121041.2018,21.38,131757.652
20200603,002607.SZ,28.4,28.71,28.05,28.27,28.72,-0.4499999999999993,-1.5669,104364.59,295455.995,1.2722,0.86,28.932,129182.056,28.159,112253.16,28.1472,107073.8708,27.6293,109107.4571,26.582,103023.4593,24.5812,121174.8327,21.4657,131802.4928
20200604,002607.SZ,28.15,28.67,27.78,28.45,28.27,0.17999999999999972,0.6367,78105.47,221731.341,0.9521,0.6,28.902,125182.536,28.242,111879.386,28.1792,105825.9431,27.7653,105684.8167,26.7473,102827.3153,24.6822,121249.9268,21.5484,131550.4294
20200605,002607.SZ,28.38,28.79,28.32,28.37,28.45,-0.0799999999999983,-0.2812,60060.3,171325.234,0.7321,0.48,28.696,103049.714,28.395,106346.489,28.1746,104713.0808,27.9098,104890.7857,26.8941,101958.6297,24.8014,119448.9392,21.6288,131529.9563
20200608,002607.SZ,28.7,28.7,26.75,26.84,28.37,-1.5300000000000011,-5.393,179552.57,488187.078,2.1888,1.74,28.13,115928.022,28.377,111141.885,28.0962,110788.4569,27.9544,108324.9376,26.9739,104356.4183,24.8734,117518.1265,21.6931,132327.1243
20200609,002607.SZ,26.96,28.11,26.8,27.9,26.84,1.0599999999999987,3.9493,119012.84,328678.242,1.4508,1.03,27.966,108219.154,28.383,114516.291,28.1177,113647.6592,28.0421,109389.6657,27.1017,106140.6103,24.9665,117203.7355,21.7686,132566.8057
20200610,002607.SZ,27.74,28.38,27.4,28.13,27.9,0.23000000000000043,0.8244,71081.11,199495.695,0.8665,0.66,27.938,101562.458,28.435,115372.257,28.2169,110239.3392,28.0991,106750.9771,27.2451,106682.5713,25.0708,116848.6632,21.8484,132268.9971
20200611,002607.SZ,28.3,28.47,27.88,27.92,28.13,-0.2099999999999973,-0.7465,60912.59,171392.421,0.7425,0.6,27.832,98123.882,28.367,111653.209,28.2862,104801.9531,28.0965,104152.3281,27.3818,106542.8487,25.1636,114776.1622,21.9298,131893.1557
20200612,002607.SZ,27.3,29.3,27.0,28.87,27.92,0.9499999999999993,3.4026,114640.35,327807.365,1.3975,1.17,27.932,109039.892,28.314,106044.803,28.3654,107061.3046,28.1146,103527.4662,27.5389,107450.6833,25.2849,113829.9827,22.0172,131946.0886
20200615,002607.SZ,28.9,29.25,27.94,28.51,28.87,-0.35999999999999943,-1.247,84853.96,241739.909,1.0344,0.78,28.266,90100.17,28.198,103014.096,28.4346,108779.19,28.1383,102865.691,27.6926,106104.4813,25.3944,113150.7572,22.1015,131277.7748
20200616,002607.SZ,28.61,29.65,28.08,29.54,28.51,1.0299999999999976,3.6128,104757.66,305739.544,1.277,1.16,28.594,87249.134,28.28,97734.144,28.5069,109291.0815,28.21,103362.3162,27.8248,105474.4483,25.5148,111485.0218,22.1963,131006.6812
20200617,002607.SZ,29.44,29.45,28.13,28.59,29.54,-0.9499999999999993,-3.216,152718.57,436949.749,1.8617,1.75,28.686,103576.626,28.312,102569.542,28.4446,107906.0169,28.2176,107085.7,27.9247,105565.7033,25.6089,111276.8777,22.2862,130521.6734
20200618,002607.SZ,28.97,28.97,28.21,28.61,28.59,0.019999999999999574,0.07,66956.58,191180.033,0.8162,0.65,28.824,104785.424,28.328,101454.653,28.3631,104197.9823,28.2533,105484.9333,28.0338,105239.7577,25.6887,109228.0758,22.3755,130035.624
20200619,002607.SZ,28.65,29.64,28.4,29.01,28.61,0.40000000000000213,1.3981,135048.64,394178.229,1.6463,1.29,28.852,108867.082,28.392,108953.487,28.3854,102466.5562,28.3195,108018.5252,28.1374,106160.1997,25.7837,108645.9318,22.4717,130237.545
20200622,002607.SZ,29.12,29.28,27.68,28.1,29.01,-0.9100000000000001,-3.1368,158719.75,448928.392,1.9348,1.46,28.77,123640.24,28.518,106870.205,28.3723,106647.7223,28.3795,110081.8814,28.2054,108229.073,25.8802,107580.6412,22.5608,129806.3492
20200623,002607.SZ,28.25,29.0,28.0,28.84,28.1,0.7399999999999984,2.6335,111510.22,318433.213,1.3593,0.9,28.63,124990.752,28.612,106119.943,28.4023,109217.3185,28.4662,109125.2914,28.269,107729.628,25.9764,107355.3617,22.66,129766.0167
20200624,002607.SZ,28.62,29.34,27.7,27.87,28.84,-0.9699999999999989,-3.3634,137541.36,386330.818,1.6766,1.1,28.486,121955.31,28.586,112765.968,28.3638,115177.4,28.4676,111614.4619,28.2656,108464.866,26.0563,108366.5228,22.7485,129992.0152
20200629,002607.SZ,27.75,28.09,27.12,27.88,27.87,0.00999999999999801,0.0359,95492.66,264762.874,1.1641,0.78,28.34,127662.526,28.582,116223.975,28.4438,108711.2531,28.4805,113184.5195,28.2452,107389.2063,26.1395,108830.4142,22.8358,129939.8022
20200630,002607.SZ,27.88,28.29,27.36,27.75,27.88,-0.129999999999999,-0.4663,128689.4,355825.341,1.5687,1.01,28.088,126390.678,28.47,117628.88,28.4323,109455.6038,28.44,114641.0114,28.2365,108387.145,26.2384,109136.681,22.9223,130592.2042
20200701,002607.SZ,27.81,27.98,27.33,27.75,27.75,0.0,0.0,109253.52,301828.442,1.3318,0.86,28.018,116497.432,28.394,120068.836,28.4031,112391.9431,28.3614,111713.8262,28.227,108884.6447,26.3246,108809.8545,23.0109,130784.9348
20200702,002607.SZ,27.85,28.49,27.59,27.8,27.75,0.05000000000000071,0.1802,177389.96,496677.61,2.1624,1.52,27.81,129673.38,28.22,127332.066,28.3938,121351.7408,28.2724,114677.1086,28.206,112313.393,26.4227,110288.0078,23.0977,131506.8952
20200703,002607.SZ,27.8,27.88,26.97,27.65,27.8,-0.15000000000000213,-0.5396,168985.17,461474.536,2.06,1.3,27.766,135962.142,28.126,128958.726,28.3,125532.1115,28.2214,115221.2986,28.199,114593.8093,26.5279,108689.6382,23.1803,131948.8029
20200706,002607.SZ,27.65,27.77,27.1,27.53,27.65,-0.11999999999999744,-0.434,210697.46,575814.356,2.5684,1.55,27.696,159003.102,28.018,143332.814,28.2246,135212.3808,28.1862,120284.7686,28.196,118888.951,26.6249,110016.7938,23.2588,132591.3902
20200707,002607.SZ,27.5,30.28,27.22,30.28,27.53,2.75,9.9891,339490.53,975442.871,4.1384,2.14,28.202,201163.328,28.145,163777.003,28.2815,153268.7554,28.2733,132731.6762,28.3107,126358.993,26.7544,113672.9547,23.3591,134294.6063
20200708,002607.SZ,29.51,29.92,28.23,29.28,30.28,-1.0,-3.3025,292421.41,842926.633,3.5647,1.45,28.508,237796.906,28.263,177147.169,28.3346,164015.1277,28.3167,143796.491,28.386,131719.753,26.8778,116549.8997,23.4547,135339.3537
20200709,002607.SZ,28.69,29.77,28.45,29.2,29.28,-0.08000000000000185,-0.2732,228792.57,660498.058,2.789,0.96,28.788,248077.428,28.299,188875.404,28.38,176464.05,28.429,146141.2529,28.4313,136503.8793,26.9842,118730.7975,23.549,136524.4146
20200710,002607.SZ,29.12,30.22,28.68,29.71,29.2,0.5100000000000016,1.7466,217167.47,644615.423,2.6473,0.88,29.2,257713.888,28.483,196838.015,28.4338,182780.8831,28.5152,150815.2829,28.5013,141658.7467,27.0956,120497.4613,23.6496,137817.4011
20200713,002607.SZ,30.0,32.2,29.71,31.44,29.71,1.7300000000000004,5.823,243096.08,753943.359,2.9634,0.94,29.982,264193.612,28.839,211598.357,28.6908,189271.37,28.6729,159006.4719,28.596,146491.847,27.223,122173.572,23.7579,138729.7017
20200714,002607.SZ,31.21,31.84,30.2,31.56,31.44,0.11999999999999744,0.3817,169436.03,523683.53,2.0654,0.64,30.238,230182.712,29.22,215673.02,28.9,193727.2015,28.8462,164174.2548,28.668,146448.901,27.3571,122712.0227,23.8631,138877.6513
20200715,002607.SZ,30.4,33.0,29.65,31.98,31.56,0.4200000000000017,1.3308,238414.08,753256.679,2.9063,1.04,30.778,219381.246,29.643,228589.076,29.2162,201486.6415,28.9943,170068.2419,28.745,150557.336,27.5017,125376.1632,23.975,139832.4716
20200716,002607.SZ,31.98,32.68,30.73,31.16,31.98,-0.8200000000000003,-2.5641,152061.9,480849.092,1.8537,0.69,31.17,204035.112,29.979,226056.27,29.4685,205838.1215,29.1205,173268.62,28.8263,150374.16,27.6247,126270.1498,24.0816,140466.9731
20200717,002607.SZ,30.8,32.27,30.36,31.95,31.16,0.7899999999999991,2.5353,112093.6,354116.315,1.3664,0.55,31.618,183020.338,30.409,220367.113,29.7915,204561.5215,29.2352,173617.9505,28.949,150631.7937,27.7655,126827.6265,24.1946,140817.0861
20200720,002607.SZ,32.24,33.2,31.47,31.8,31.95,-0.14999999999999858,-0.4695,106285.87,341651.884,1.2956,0.58,31.69,155658.296,30.836,209925.954,30.1031,204333.2408,29.3881,171406.8695,29.0607,151571.1403,27.904,127199.2278,24.3059,140999.6037
20200721,002607.SZ,31.72,33.92,31.3,33.41,31.8,1.6099999999999959,5.0629,130834.71,428868.217,1.5949,0.84,32.06,147938.032,31.149,189060.372,30.5346,200752.0677,29.6167,174448.6852,29.2287,153930.2873,28.0614,127944.4585,24.4324,141581.524
20200722,002607.SZ,33.4,34.15,33.06,33.3,33.41,-0.10999999999999943,-0.3292,89046.97,299073.155,1.0855,0.6,32.324,118064.61,31.551,168722.928,30.9692,194602.9754,29.821,172258.1295,29.444,150913.434,28.209,127634.9262,24.5572,141276.4737
20200723,002607.SZ,33.2,33.9,32.61,33.84,33.3,0.5400000000000063,1.6216,108287.82,360081.438,1.32,0.92,32.86,109309.794,32.015,156672.453,31.4546,186725.3108,30.0943,169856.609,29.642,150555.9333,28.3719,128348.2718,24.6916,141383.1809
20200724,002607.SZ,33.69,33.69,31.3,31.45,33.84,-2.390000000000004,-7.0626,116925.3,376900.251,1.4253,1.07,32.76,110276.134,32.189,146648.236,31.5446,169604.9085,30.2186,170114.47,29.7527,152084.073,28.4989,129383.3222,24.8078,140824.3233
20200727,002607.SZ,31.55,32.4,30.9,31.2,31.45,-0.25,-0.7949,70972.17,224079.227,0.8652,0.64,32.64,103213.394,32.165,129435.845,31.6923,152570.3515,30.3771,166944.5086,29.862,152419.3923,28.6219,129481.1205,24.9293,139960.9551
20200728,002607.SZ,31.5,31.82,30.86,31.24,31.2,0.03999999999999915,0.1282,82323.08,256155.234,1.0035,0.8,32.206,93511.068,32.133,120724.55,31.8492,141303.4677,30.5371,166317.3857,29.941,151342.15,28.74,129396.4167,25.0651,140028.7057
20200729,002607.SZ,31.49,33.0,31.25,32.86,31.24,1.620000000000001,5.1857,100857.53,325232.409,1.2295,1.08,32.118,95873.18,32.221,106968.895,32.0915,132356.5492,30.7805,164992.0586,30.086,151875.6023,28.8893,128990.0418,25.2018,138798.0372
20200730,002607.SZ,32.95,33.44,32.09,32.28,32.86,-0.5799999999999983,-1.7651,96383.41,315285.075,1.1749,1.01,31.806,93492.298,32.333,101401.046,32.1562,121070.9592,30.9962,164379.1962,30.1773,151596.4607,29.0011,128535.4545,25.3324,137318.6409
20200731,002607.SZ,32.28,32.84,31.43,31.96,32.28,-0.3200000000000003,-0.9913,82545.03,264430.677,1.0062,0.88,31.908,86616.244,32.334,98446.189,32.1869,114387.0362,31.1943,159862.771,30.2897,149257.3427,29.1072,127411.523,25.45,135064.1555
20200803,002607.SZ,32.0,32.19,31.58,31.99,31.96,0.029999999999997584,0.0939,99948.73,318597.029,1.2184,1.15,32.066,92411.556,32.353,97812.475,32.1877,103735.8554,31.401,156575.3214,30.4023,150357.081,29.2181,127798.4193,25.5733,133620.3913
20200804,002607.SZ,31.99,33.1,31.92,32.45,31.99,0.4600000000000044,1.4379,100470.71,327816.618,1.2248,1.09,32.308,96041.082,32.257,94776.075,32.2869,99767.3023,31.6352,151326.4286,30.517,149204.4833,29.3272,127682.3415,25.6999,133185.7307
20200805,002607.SZ,32.41,33.0,32.0,32.43,32.45,-0.020000000000003126,-0.0616,76934.85,250884.647,0.9378,0.8,32.222,91256.546,32.17,93564.863,32.3238,97062.7831,31.7376,138823.7771,30.6613,146478.32,29.4334,127353.6965,25.8247,132294.2602
20200806,002607.SZ,32.79,33.95,32.01,33.3,32.43,0.8699999999999974,2.6827,149316.96,494486.081,1.8202,1.64,32.426,101843.256,32.116,97667.777,32.4392,100372.8669,31.929,132009.2795,30.81,147738.5447,29.5395,127734.0863,25.9577,132435.9017
20200807,002607.SZ,33.79,34.96,33.31,34.82,33.3,1.5200000000000031,4.5646,148799.71,512361.062,1.8139,1.46,32.998,115094.192,32.453,100855.218,32.5477,101754.79,32.1967,128200.0957,31.0417,148113.823,29.6536,128289.3445,26.1039,132527.0542
20200810,002607.SZ,34.5,38.0,34.23,37.03,34.82,2.210000000000001,6.3469,159353.91,580157.027,1.9425,1.38,34.006,126975.228,33.036,109693.392,32.8346,107163.0162,32.5452,125447.069,31.3467,150242.5313,29.796,128815.8688,26.2689,133168.9481
20200811,002607.SZ,37.32,38.98,36.8,38.0,37.03,0.9699999999999989,2.6195,128521.79,487192.626,1.5667,1.01,35.116,132585.444,33.712,114313.263,33.1546,108719.4754,32.8576,119991.1505,31.6883,150236.9443,29.9624,129312.0447,26.4386,132776.0169
20200812,002607.SZ,37.95,38.77,34.8,36.19,38.0,-1.8100000000000023,-4.7632,174381.38,633116.574,2.1257,1.32,35.868,152074.75,34.045,121665.648,33.5192,113139.1738,33.0781,120226.6433,31.9697,152407.873,30.0983,130646.2588,26.5839,131934.9333
20200813,002607.SZ,36.73,36.82,35.5,35.77,36.19,-0.4199999999999946,-1.1605,105417.09,379606.572,1.285,0.69,36.362,143294.776,34.394,122569.016,33.8708,115788.7831,33.2586,113893.4533,32.2353,150008.7773,30.2207,131161.0852,26.719,130779.6924
20200814,002607.SZ,35.64,37.33,35.61,36.6,35.77,0.8299999999999983,2.3204,89472.56,324802.31,1.0907,0.62,36.718,131429.346,34.858,123261.769,34.2831,116338.7431,33.5176,110913.0086,32.5337,147358.357,30.3663,130976.0832,26.8604,130213.1043
20200817,002607.SZ,36.61,37.29,36.13,36.7,36.6,0.10000000000000142,0.2732,88590.12,324854.068,1.0799,0.67,36.652,117276.588,35.329,122125.908,34.5785,115395.0962,33.7438,109793.7952,32.8393,143288.1123,30.5177,131088.5317,27.003,130093.8393
20200818,002607.SZ,36.7,37.17,36.45,37.08,36.7,0.37999999999999545,1.0354,64438.75,237301.801,0.7855,0.55,36.468,104459.98,35.792,118522.712,34.9477,112937.8146,33.9952,107801.0752,33.066,134119.7197,30.6883,130239.3563,27.1492,129602.9342
20200819,002607.SZ,37.08,37.55,35.47,35.48,37.08,-1.6000000000000014,-4.315,93283.02,339842.202,1.1371,0.89,36.326,88240.308,36.097,120157.529,35.2185,113763.8138,34.0938,106012.8995,33.2727,127481.7733,30.8293,129600.7632,27.2826,129313.5259
20200820,002607.SZ,35.48,35.77,34.65,34.89,35.48,-0.5899999999999963,-1.6629,95806.97,335647.778,1.1679,1.09,36.15,86318.284,36.256,114806.53,35.4415,113445.2169,34.1695,106334.8043,33.4623,123048.92,30.9468,129776.3997,27.4064,128245.8422
20200821,002607.SZ,35.2,36.66,35.1,35.7,34.89,0.8100000000000023,2.3216,65250.19,233363.191,0.7954,0.76,35.97,81473.81,36.344,106451.578,35.6915,110735.9462,34.2581,104285.3933,33.662,117985.0107,31.0817,129821.8787,27.5362,127425.6146
20200824,002607.SZ,36.0,36.36,35.24,35.86,35.7,0.1599999999999966,0.4482,57657.1,206916.051,0.7028,0.71,35.802,75287.206,36.227,96281.897,35.9554,109253.0423,34.4681,101463.0981,33.8093,111803.7113,31.2027,129147.7792,27.6615,126082.7825
20200825,002607.SZ,35.64,36.55,35.32,36.08,35.86,0.21999999999999886,0.6135,56367.7,202984.018,0.6871,0.75,35.602,73672.996,36.035,89066.488,36.1692,102103.0992,34.7005,100767.6471,33.96,108034.767,31.314,127241.834,27.7813,124880.8215
20200826,002607.SZ,36.21,36.27,34.34,34.84,36.08,-1.2399999999999949,-3.4368,79509.12,278908.094,0.9692,1.08,35.474,70918.216,35.9,79579.262,36.1708,96773.0538,34.8719,100633.649,34.0553,102737.935,31.4002,126647.6355,27.8867,123956.9749
20200827,002607.SZ,34.58,35.19,33.58,35.05,34.84,0.20999999999999375,0.6028,79417.3,273496.118,0.9681,1.12,35.506,67640.282,35.828,76979.283,36.0185,90624.0838,34.9762,99612.6857,34.185,100316.4483,31.5057,125345.3042,27.9942,123193.253
20200828,002607.SZ,34.84,36.42,34.58,36.32,35.05,1.2700000000000031,3.6234,64871.55,232001.959,0.7908,0.96,35.63,67564.554,35.8,74519.182,35.8892,85727.9115,35.1686,98112.121,34.3307,98742.38,31.6398,124687.0868,28.1105,122930.9597
20200831,002607.SZ,36.31,36.31,34.3,35.71,36.32,-0.6099999999999994,-1.6795,145370.67,508556.715,1.8542,2.15,35.6,85107.268,35.701,80197.237,35.8523,83496.3185,35.3471,101103.8181,34.461,100045.2067,31.7608,125808.1735,28.2215,123529.0502
20200901,002607.SZ,35.15,35.63,34.2,34.71,35.71,-1.0,-2.8003,110120.49,382381.477,1.4046,1.29,35.326,95857.826,35.464,84765.411,35.7708,83858.1185,35.4767,101588.1876,34.5043,99354.7327,31.8665,126642.51,28.3339,123045.7246
20200902,002607.SZ,34.95,35.86,34.37,35.7,34.71,0.990000000000002,2.8522,89770.31,316905.971,1.145,0.94,35.498,97910.064,35.486,84414.14,35.7015,83881.0223,35.6314,101078.6448,34.5843,99378.844,32.0142,125146.139,28.4438,121332.1327
20200903,002607.SZ,36.0,37.84,35.72,37.46,35.7,1.759999999999998,4.93,137373.96,510595.883,1.7522,1.4,35.98,109501.396,35.743,88570.839,35.76,87633.6254,35.871,103956.6976,34.705,100348.382,32.1735,125452.1577,28.57,121327.9466
20200904,002607.SZ,36.6,37.49,35.25,37.1,37.46,-0.35999999999999943,-0.961,105572.85,382896.78,1.3466,0.96,36.136,117641.656,35.883,92603.105,35.7615,90797.7869,36.0519,101873.6448,34.8933,99969.967,32.323,126027.02,28.6969,121437.8416
20200907,002607.SZ,36.83,37.98,34.9,35.5,37.1,-1.6000000000000014,-4.3127,96309.6,348808.318,1.2285,0.82,36.094,107829.442,35.847,96468.355,35.7631,91030.6008,36.0843,99374.1157,35.0367,100814.548,32.4493,126616.9702,28.8065,120696.5662
20200908,002607.SZ,35.4,35.4,33.2,34.08,35.5,-1.4200000000000017,-4.0,106946.25,362144.692,1.3641,0.99,35.968,107194.594,35.647,101526.21,35.7008,91887.4685,35.9438,96878.5129,35.1313,101635.3203,32.5362,126488.7352,28.9106,120159.3589
20200909,002607.SZ,33.89,33.89,32.28,33.04,34.08,-1.0399999999999991,-3.0516,82187.9,269846.757,1.0483,0.77,35.436,105678.112,35.467,101794.088,35.4962,93190.3692,35.7076,94672.1371,35.1373,101012.9993,32.6117,126444.3008,29.003,119797.529
20200910,002607.SZ,33.2,34.4,33.04,33.31,33.04,0.2700000000000031,0.8172,59875.85,201587.347,0.7637,0.57,34.606,90178.49,35.293,99839.943,35.3,93361.0423,35.5705,89219.4929,35.1717,99796.0807,32.6745,125696.2707,29.0947,118590.6462
20200911,002607.SZ,33.55,33.85,33.0,33.56,33.31,0.25,0.7505,49707.42,166351.013,0.634,0.55,33.898,79005.404,35.017,98323.53,35.1062,92848.7131,35.4652,86566.6514,35.225,98701.4937,32.7573,123979.4182,29.1831,117628.1479
20200914,002607.SZ,33.66,34.1,32.6,33.25,33.56,-0.3100000000000023,-0.9237,49258.6,163736.401,0.6283,0.62,33.448,69595.204,34.771,88712.323,34.9838,90521.75,35.3057,84651.701,35.267,97011.8227,32.8347,123684.4518,29.2617,116456.2638
20200915,002607.SZ,33.65,34.2,33.22,33.63,33.25,0.38000000000000256,1.1429,71626.32,240549.189,0.9136,1.03,33.358,62531.218,34.663,84862.906,34.8746,89922.4438,35.1595,83843.901,35.3063,96050.343,32.9117,122627.4132,29.3477,115636.6725
20200916,002607.SZ,33.23,34.21,33.15,33.7,33.63,0.07000000000000028,0.2081,56205.57,189551.566,0.7169,0.9,33.49,57334.752,34.463,81506.432,34.6731,89255.83,34.9986,83451.8448,35.3487,95359.367,33.005,120918.8435,29.4426,114249.7423
20200917,002607.SZ,33.7,33.91,32.85,33.47,33.7,-0.23000000000000398,-0.6825,62789.58,208616.224,0.8009,1.1,33.522,57917.498,34.064,74047.994,34.5008,82903.4385,34.9029,81999.7762,35.3543,92475.121,33.0822,120106.8328,29.5293,113731.0972
20200918,002607.SZ,33.2,33.25,30.6,30.99,33.47,-2.4800000000000004,-7.4096,257522.0,803932.394,2.5563,3.46,33.008,99480.414,33.453,89242.909,34.2146,94242.0162,34.7171,89700.4919,35.2267,96099.1973,33.1342,122106.5102,29.5952,115236.5165
20200921,002607.SZ,30.88,31.22,29.8,30.23,30.99,-0.759999999999998,-2.4524,153728.5,464898.091,1.9608,1.55,32.404,120374.394,32.926,94984.799,33.7938,99161.8769,34.4567,93913.7448,35.0,95911.6837,33.1733,123077.1075,29.6564,115953.7608
20200922,002607.SZ,30.23,30.53,29.9,30.04,30.23,-0.19000000000000128,-0.6285,75924.39,229236.075,0.9684,0.63,31.686,121234.008,32.522,91882.613,33.2231,94434.9869,34.1795,94783.6157,34.7347,94158.437,33.2115,122197.6907,29.725,115667.1858
20200923,002607.SZ,30.08,33.04,29.84,33.04,30.04,3.0,9.9867,158368.0,500019.178,2.02,1.31,31.554,141666.494,32.522,99500.623,32.9108,98496.1523,34.0348,99640.7729,34.6297,93624.6577,33.2997,123016.2653,29.8121,115913.0599
20200924,002607.SZ,33.08,33.58,31.66,31.81,33.04,-1.2300000000000004,-3.7228,109931.63,356166.236,1.4022,0.78,31.222,151094.904,32.372,104506.201,32.6269,99544.0008,33.8905,101089.4638,34.4977,93775.1423,33.3665,121891.9598,29.8946,116089.9838
20200925,002607.SZ,32.13,32.76,31.18,31.54,31.81,-0.2699999999999996,-0.8488,65333.15,208233.723,0.8333,0.43,31.332,112657.134,32.17,106068.774,32.4315,96342.9931,33.7233,100418.79,34.329,92970.4953,33.4313,120164.4262,29.9796,114427.0322
20200928,002607.SZ,31.88,32.39,31.3,32.08,31.54,0.5399999999999991,1.7121,53747.45,171378.013,0.6856,0.48,31.702,92660.924,32.053,106517.659,32.3577,94155.2662,33.5214,99889.071,34.175,91809.073,33.5072,117548.5927,30.066,113782.6933
20200929,002607.SZ,32.73,33.45,31.91,32.68,32.08,0.6000000000000014,1.8703,75340.65,247462.294,0.961,0.81,32.23,92544.176,31.958,106889.092,32.3092,95344.8662,33.3771,96554.3081,34.0283,92172.4697,33.5472,113146.0947,30.1508,113409.5247
20200930,002607.SZ,32.8,33.16,32.28,32.63,32.68,-0.04999999999999716,-0.153,55262.56,180968.102,0.7049,0.6,32.148,71923.088,31.851,106794.791,32.2377,95772.1846,33.2781,93942.0257,33.9333,90905.121,33.603,109193.4472,30.2404,112871.6734
20201009,002607.SZ,34.0,34.07,32.43,32.48,32.63,-0.15000000000000568,-0.4597,73051.48,240272.243,0.9318,1.02,32.282,64547.058,31.752,107820.981,32.1785,97602.4062,33.1248,93145.891,33.853,90146.6047,33.6577,106597.7623,30.3209,112664.2799
20201012,002607.SZ,32.65,33.13,31.66,32.07,32.48,-0.4099999999999966,-1.2623,130521.84,418652.668,1.6648,2.02,32.388,77584.796,31.86,95120.965,32.0585,102132.8308,32.8681,92819.5995,33.732,92322.3263,33.697,105153.6685,30.3963,112825.5649
20201013,002607.SZ,32.06,33.0,31.83,32.95,32.07,0.8800000000000026,2.744,79280.21,257301.216,1.0112,1.02,32.562,82691.348,32.132,87676.136,32.0008,103907.8031,32.6705,91567.569,33.635,93043.0967,33.7222,102423.404,30.4726,112298.488
20201014,002607.SZ,34.55,36.25,34.48,36.25,32.95,3.299999999999997,10.0152,197569.2,707282.91,2.52,2.39,33.276,107137.058,32.753,99840.617,32.2146,114275.4662,32.7062,96389.4548,33.6407,97749.8133,33.8003,102892.2902,30.5787,112802.1564
20201015,002607.SZ,36.23,37.1,35.4,36.71,36.25,0.46000000000000085,1.269,159277.06,577939.682,2.0316,1.49,34.092,127939.958,33.12,99931.523,32.6546,106718.1631,32.8314,98881.3981,33.703,100408.7447,33.8792,101573.3398,30.6904,113474.7515
20201016,002607.SZ,36.9,39.05,36.57,38.18,36.71,1.4699999999999989,4.0044,196345.44,747126.823,2.5044,1.53,35.232,152598.75,33.757,108572.904,33.2662,109996.3892,33.0762,104317.4714,33.8073,104306.3493,33.9962,102311.3988,30.8104,114290.7743
20201019,002607.SZ,38.0,38.43,37.23,38.2,38.18,0.020000000000003126,0.0524,93569.67,355085.653,1.1935,0.61,36.458,145208.316,34.423,111396.556,33.8938,111353.7185,33.309,105921.939,33.87,105262.9533,34.1003,102002.6667,30.9329,114415.1466
20201020,002607.SZ,38.05,38.8,37.4,37.66,38.2,-0.5400000000000063,-1.4136,94943.72,359679.399,1.211,0.65,37.4,148341.018,34.981,115516.183,34.2492,106474.9277,33.5043,108076.0486,33.935,103582.055,34.198,101813.6308,31.051,114506.4293
20201021,002607.SZ,38.01,38.58,37.68,38.12,37.66,0.46000000000000085,1.2215,91488.35,348955.833,1.167,0.62,37.774,127124.848,35.525,117130.953,34.7346,105056.2138,33.7362,110086.989,34.0487,102960.9837,34.2765,101157.8582,31.1689,114551.1583
20201022,002607.SZ,38.0,38.72,37.67,38.52,38.12,0.4000000000000057,1.0493,114601.38,438748.828,1.4618,0.9,38.136,118189.712,36.114,123064.835,35.2715,108846.0777,33.969,112133.4205,34.1427,103788.686,34.3635,101583.765,31.2862,114609.3456
20201023,002607.SZ,38.49,39.72,37.5,37.57,38.52,-0.9500000000000028,-2.4663,104174.29,402104.697,1.3288,0.88,38.014,99755.482,36.623,126177.116,35.6938,112725.0654,34.1533,114417.6452,34.1463,102682.0303,34.4257,101515.2062,31.3988,114931.739
20201026,002607.SZ,37.71,37.9,36.39,37.35,37.57,-0.21999999999999886,-0.5856,81929.18,305018.423,1.045,0.82,37.844,97427.384,37.151,121317.85,36.0531,113231.8754,34.3381,115329.0548,34.1547,101893.908,34.524,100931.9375,31.5114,115157.6298
20201027,002607.SZ,37.32,38.24,36.79,38.03,37.35,0.6799999999999997,1.8206,60292.24,227827.1,0.769,0.62,37.918,90497.088,37.659,119419.053,36.4685,113618.7738,34.6733,105937.1614,34.239,100693.3293,34.6378,100753.9387,31.6299,115117.5296
20201028,002607.SZ,38.15,39.59,37.95,38.8,38.03,0.769999999999996,2.0247,88915.92,345935.632,1.1341,0.98,38.054,89982.602,37.914,108553.725,36.9546,114839.1154,35.0814,102850.8481,34.3963,100092.3183,34.7638,100863.8193,31.7519,115130.118
20201029,002607.SZ,38.81,39.98,38.16,39.46,38.8,0.6600000000000037,1.701,87023.14,343207.3,1.11,0.97,38.242,84466.954,38.189,101328.333,37.5231,111493.0615,35.53,103379.36,34.6103,100253.493,34.8738,100633.2462,31.8816,114811.644
20201030,002607.SZ,39.12,40.66,38.74,39.52,39.46,0.060000000000002274,0.1521,81914.66,326732.795,1.0448,0.97,38.632,80015.028,38.323,89885.255,38.0285,111695.7115,35.8386,99738.7248,34.8173,100988.12,34.9945,100392.1003,31.9978,114463.7774
20201102,002607.SZ,39.52,43.47,39.52,43.1,39.52,3.5799999999999983,9.0587,164500.3,684407.401,2.0982,2.06,39.782,96529.252,38.813,96978.318,38.5554,109151.95,36.3762,102337.2329,35.1353,104814.5493,35.1802,101758.0215,32.1437,114584.7723
20201103,002607.SZ,42.87,43.38,41.0,42.5,43.1,-0.6000000000000014,-1.3921,138347.08,586082.998,1.7647,1.43,40.676,112140.22,39.297,101318.654,39.0008,107541.9515,36.8981,105814.0867,35.4437,107784.1653,35.3553,102397.994,32.2867,115098.2067
20201104,002607.SZ,42.46,42.8,41.51,42.52,42.5,0.020000000000003126,0.0471,83428.66,351011.93,1.0642,0.74,41.42,111042.768,39.737,100512.685,39.3346,98856.0454,37.3952,107227.4776,35.74,108177.5767,35.5232,102113.9598,32.4252,114898.1507
20201105,002607.SZ,42.39,43.58,42.1,42.48,42.52,-0.04000000000000625,-0.0941,81839.6,349187.354,1.0439,0.74,42.024,110006.06,40.133,97236.507,39.6638,97953.7323,37.8619,107536.9514,36.0327,109032.0443,35.6907,102195.7057,32.562,114774.7011
20201106,002607.SZ,42.96,43.0,41.42,42.28,42.48,-0.19999999999999574,-0.4708,106398.46,447948.519,1.3571,0.97,42.576,114902.82,40.604,97458.924,40.0192,98834.8662,38.3214,109971.9943,36.3263,110485.6737,35.8403,101480.3973,32.6899,114607.2418
20201109,002607.SZ,41.7,42.42,40.9,42.15,42.28,-0.13000000000000256,-0.3075,104286.82,434849.601,1.3302,0.91,42.386,102860.124,41.084,99694.688,40.3292,99819.3638,38.7819,111459.3914,36.6983,105377.8343,35.9625,100738.5158,32.8081,114513.9302
20201110,002607.SZ,41.62,42.68,41.02,42.2,42.15,0.05000000000000426,0.1186,96717.13,405891.893,1.2337,0.94,42.326,94534.134,41.501,103337.177,40.6123,98443.6523,39.2643,109849.6433,37.0973,103477.4553,36.0487,99694.5695,32.9223,114255.2192
20201111,002607.SZ,41.9,42.77,41.08,41.23,42.2,-0.970000000000006,-2.2986,82975.81,346301.438,1.0584,0.88,42.068,94443.564,41.744,102743.166,40.8938,96813.0,39.6586,110025.6243,37.4703,103712.5027,36.1025,98935.4698,33.0324,114123.7573
20201112,002607.SZ,41.2,42.6,41.03,42.21,41.23,0.980000000000004,2.3769,67575.62,283372.832,0.8619,0.72,42.014,91590.768,42.019,100798.414,41.2677,95708.88,39.9424,103835.4538,37.776,100686.09,36.2028,97155.3738,33.1506,113900.8163
20201113,002607.SZ,42.2,42.38,41.5,42.05,42.21,-0.1600000000000037,-0.3791,53388.94,223522.889,0.681,0.58,41.968,80988.864,42.272,97945.842,41.5769,95177.8569,40.1967,98793.1624,38.1173,98801.3337,36.3075,96288.238,33.2641,113724.6616
20201116,002607.SZ,42.14,42.28,41.15,41.45,42.05,-0.5999999999999943,-1.4269,64606.2,268082.942,0.8241,0.8,41.828,73052.74,42.107,87956.432,41.7808,93307.8785,40.3524,92519.8652,38.4477,98777.102,36.3883,95873.7987,33.3773,113424.9409
20201117,002607.SZ,41.53,41.95,40.4,40.8,41.45,-0.6500000000000057,-1.5682,90588.61,371625.492,1.1555,1.24,41.548,71827.036,41.937,83180.585,41.8838,93582.1454,40.4762,92377.91,38.7383,100005.1407,36.4567,95907.1068,33.4872,113497.8193
20201118,002607.SZ,40.97,41.38,38.22,38.5,40.8,-2.299999999999997,-5.6373,158501.19,619431.207,2.0217,2.21,41.002,86932.112,41.535,90687.838,41.8054,99473.4169,40.5162,95404.4562,38.9323,102777.1587,36.4803,97474.8142,33.5843,113857.0853
20201119,002607.SZ,38.49,38.8,37.5,38.52,38.5,0.020000000000003126,0.0519,106046.81,406609.786,1.3527,1.22,40.264,94626.35,41.139,93108.559,41.4531,94976.9946,40.5352,96097.7162,39.1287,104469.967,36.531,97687.544,33.6802,113644.1536
20201120,002607.SZ,38.98,39.68,38.3,39.35,38.52,0.8299999999999983,2.1547,74259.1,290750.254,0.9472,0.78,39.724,98800.382,40.846,89894.623,41.2108,90047.15,40.5748,94176.6552,39.3577,104510.221,36.6053,97328.4128,33.7761,113552.4063
20201123,002607.SZ,39.49,39.5,38.39,38.7,39.35,-0.6499999999999986,-1.6518,82729.03,321154.379,1.0552,0.84,39.174,102424.948,40.501,87738.844,40.9169,89993.3323,40.6286,93155.4524,39.5787,102917.1273,36.6553,97619.7268,33.8685,113720.8028
20201124,002607.SZ,38.0,38.29,36.17,37.28,38.7,-1.4200000000000017,-3.6693,186670.79,690955.876,2.381,1.82,38.47,121641.384,40.009,96734.21,40.5169,98057.27,40.6252,98143.1481,39.723,106496.8133,36.679,99769.955,33.9408,114458.8671
20201125,002607.SZ,38.0,38.2,36.36,36.55,37.28,-0.730000000000004,-1.9582,93994.18,346481.914,1.1989,0.77,38.08,108739.982,39.541,97836.047,40.0762,97103.0946,40.5548,99748.0024,39.733,103044.3127,36.6868,100397.063,34.0004,113819.4485
20201126,002607.SZ,36.95,37.44,35.65,36.14,36.55,-0.4099999999999966,-1.1218,73519.52,267105.191,0.9378,0.68,37.604,102234.524,38.934,98430.437,39.6138,94736.3792,40.4281,99014.8405,39.714,100185.728,36.7085,100297.2363,34.0543,113472.4359
20201127,002607.SZ,35.84,36.32,35.26,35.9,36.14,-0.240000000000002,-0.6641,78806.74,281770.653,1.0052,0.77,36.914,103144.052,38.319,100972.217,39.1292,93358.6569,40.2586,98623.5833,39.638,96267.7713,36.7227,100287.0603,34.1142,112816.1823
20201130,002607.SZ,36.0,36.18,34.91,36.08,35.9,0.17999999999999972,0.5014,116966.67,414557.364,1.4919,1.13,36.39,109991.58,37.782,106208.264,38.7331,95973.3385,40.0948,100292.7267,39.5673,97047.6713,36.7187,101155.3123,34.1793,112921.1996
