trade_date,ts_code,open,high,low,close,pre_close,change,pct_chg,vol,amount,turnover_rate,volume_ratio,ma5,ma_v_5,ma10,ma_v_10,ma13,ma_v_13,ma21,ma_v_21,ma30,ma_v_30,ma60,ma_v_60,ma120,ma_v_120
20170411,002862.SZ,9.7422,10.6279,9.7422,10.6279,7.3827,3.2452000000000005,43.9568,55.0,88.306,0.0275,,,,,,,,,,,,,,,
20170412,002862.SZ,11.692,11.692,11.692,11.692,10.6279,1.0640999999999998,10.0123,20.0,35.38,0.01,,,,,,,,,,,,,,,
20170413,002862.SZ,12.8619,12.8619,12.8619,12.8619,11.692,1.1699000000000002,10.006,35.0,68.11,0.0175,,,,,,,,,,,,,,,
20170414,002862.SZ,14.1507,14.1507,14.1507,14.1507,12.8619,1.2888000000000002,10.0203,47.0,100.627,0.0235,,,,,,,,,,,,,,,
20170417,002862.SZ,15.5651,15.5651,15.5651,15.5651,14.1507,1.4143999999999988,9.9953,72.0,169.56,0.036,,12.9795,45.8,,,,,,,,,,,,
20170418,002862.SZ,17.1249,17.1249,17.1249,17.1249,15.5651,1.559800000000001,10.0211,71.0,183.961,0.0355,1.55,14.2789,49.0,,,,,,,,,,,,
20170419,002862.SZ,18.8367,18.8367,18.8367,18.8367,17.1249,1.7118000000000002,9.996,164.0,467.4,0.082,3.35,15.7079,77.8,,,,,,,,,,,,
20170420,002862.SZ,20.7204,20.7204,20.7204,20.7204,18.8367,1.883700000000001,10.0002,113.51,355.853,0.0568,1.46,17.2796,93.502,,,,,,,,,,,,
20170421,002862.SZ,22.7958,22.7958,22.7958,22.7958,20.7204,2.0753999999999984,10.0162,1097.0,3783.553,0.5485,11.73,19.0086,303.502,,,,,,,,,,,,
20170424,002862.SZ,25.076,25.076,25.076,25.076,22.7958,2.2802000000000007,10.0027,6068.51,23023.926,3.0343,19.99,20.9108,1502.804,16.9451,774.302,,,,,,,,,,
20170425,002862.SZ,25.7964,26.8738,25.5849,25.8625,25.076,0.7865000000000002,3.1365,114934.83,454913.147,57.4674,76.48,22.6583,24475.57,18.4686,12262.285,,,,,,,,,,
20170426,002862.SZ,25.8956,27.0985,25.2545,25.803,25.8625,-0.059499999999999886,-0.2301,86066.43,341230.992,43.0332,3.52,24.0515,41656.056,19.8797,20866.928,,,,,,,,,,
20170427,002862.SZ,25.7898,28.3807,25.6576,27.9974,25.803,2.194399999999998,8.5044,103280.78,423572.917,51.6404,2.48,25.5069,62289.51,21.3933,31191.506,19.1626,24001.9277,,,,,,,,
20170428,002862.SZ,27.2637,27.7594,26.6689,27.0919,27.9974,-0.9055,-3.2342,72592.04,298726.157,36.296,1.17,26.3662,76588.518,22.6874,38446.01,20.4291,29581.7,,,,,,,,
20170502,002862.SZ,27.0324,27.495,26.2525,26.7944,27.0919,-0.29749999999999943,-1.0981,42518.91,172316.415,21.2595,0.56,26.7098,83878.598,23.8103,42690.701,21.5908,32850.8469,,,,,,,,
20170503,002862.SZ,26.6689,27.4223,26.2657,27.2703,26.7944,0.4758999999999993,1.7761,57942.52,236613.193,28.9713,0.69,26.9914,72480.136,24.8248,48477.853,22.6992,37305.2715,,,,,,,,
20170504,002862.SZ,26.8738,27.4223,25.5122,26.7482,27.2703,-0.5220999999999982,-1.9145,50897.34,204377.728,25.4487,0.7,27.1804,65446.318,25.616,53551.187,23.6682,41216.8362,,,,,,,,
20170505,002862.SZ,26.3714,26.6424,25.466,25.77,26.7482,-0.9782000000000011,-3.6571,31763.2,125704.189,15.8816,0.49,26.735,51142.802,26.121,56716.156,24.4532,43654.6208,,,,,,,,
20170508,002862.SZ,25.4527,26.3054,25.1685,25.6642,25.77,-0.10579999999999856,-0.4106,23367.33,91257.346,11.6837,0.46,26.4494,41297.86,26.4078,58943.189,25.1101,45446.6462,,,,,,,,
20170509,002862.SZ,25.6114,26.3252,25.347,26.1732,25.6642,0.5090000000000003,1.9833,21706.83,85476.425,10.8534,0.53,26.3252,37135.444,26.5175,60507.021,25.6744,47103.7869,,,,,,,,
20170510,002862.SZ,25.9749,26.2921,25.38,25.4329,26.1732,-0.7403000000000013,-2.8285,23393.86,91163.784,11.6969,0.63,25.9577,30225.712,26.4746,51352.924,26.0369,48894.5831,21.9076,30295.5757,,,,,,
20170511,002862.SZ,25.1157,25.5122,23.9921,25.4131,25.4329,-0.01980000000000004,-0.0779,20994.37,79362.282,10.4972,0.69,25.6907,24245.118,26.4356,44845.718,26.2382,50425.15,22.6116,31292.6886,,,,,,
20170512,002862.SZ,25.38,25.6444,24.7984,25.4197,25.4131,0.006599999999998829,0.026,15379.0,58746.459,7.6895,0.63,25.6206,20968.278,26.1778,36055.54,26.2647,51141.3415,23.2653,32024.0695,,,,,,
20170515,002862.SZ,25.5783,26.3054,25.2214,26.0212,25.4197,0.6015000000000015,2.3663,23155.61,90543.513,11.5778,1.1,25.692,20925.934,26.0707,31111.897,26.2769,44081.4015,23.892,33125.051,,,,,,
20170516,002862.SZ,25.9418,26.5896,25.1157,26.5235,26.0212,0.5022999999999982,1.9303,22129.0,87398.982,11.0645,1.06,25.7621,21010.368,26.0436,29072.906,26.3323,39163.1377,24.4812,34176.5748,,,,,,
20170517,002862.SZ,26.5697,27.7594,26.1071,26.5169,26.5235,-0.006599999999998829,-0.0249,24175.6,97948.38,12.0878,1.15,25.9789,21166.716,25.9683,25696.214,26.2184,33078.1238,25.0027,35324.3652,,,,,,
20170518,002862.SZ,26.0674,27.1381,25.9154,26.8936,26.5169,0.3766999999999996,1.4206,21996.0,88907.397,10.998,1.04,26.275,21367.042,25.9828,22806.08,26.2032,29186.1208,25.4679,36368.4129,,,,,,
20170519,002862.SZ,26.8209,27.0588,26.1203,26.4375,26.8936,-0.4560999999999993,-1.6959,15918.0,63810.692,7.959,0.74,26.4785,21474.842,26.0496,21221.56,26.1757,27139.8969,25.8298,37118.6033,,,,,,
20170522,002862.SZ,26.4243,26.5499,24.4415,24.7852,26.4375,-1.6523000000000003,-6.2498,23832.57,92096.822,11.9163,1.11,26.2313,21610.234,25.9617,21268.084,25.9846,24516.0546,26.0234,38248.0824,,,,,,
20170523,002862.SZ,24.4547,24.7852,22.3067,22.3067,24.7852,-2.4785000000000004,-9.9999,32894.68,114423.045,16.4473,1.52,25.388,23763.37,25.575,22386.869,25.6429,23131.2346,26.0001,39762.2576,23.0126,27889.3973,,,,
20170524,002862.SZ,22.1414,22.657,21.811,22.4851,22.3067,0.1783999999999999,0.7998,12391.0,41749.903,6.1955,0.52,24.5816,21406.45,25.2803,21286.583,25.3902,21641.0654,25.8767,40063.3286,23.4078,28300.5973,,,,
20170525,002862.SZ,22.267,22.7231,21.0509,22.4719,22.4851,-0.013199999999997658,-0.0587,13845.36,46213.584,6.9227,0.65,23.6973,19776.322,24.9861,20571.682,25.1447,20908.6062,25.7152,35249.5443,23.7671,28761.4427,,,,
20170526,002862.SZ,22.3529,23.1989,21.811,22.7165,22.4719,0.24459999999999837,1.0885,11865.25,40575.952,5.9326,0.6,22.9531,18965.772,24.7158,20220.307,24.8788,20151.5615,25.5683,31716.1548,24.0956,29155.7843,,,,
20170531,002862.SZ,23.4633,24.3886,22.5512,22.6305,22.7165,-0.08599999999999852,-0.3786,18041.25,64613.259,9.0206,0.95,22.5221,17807.508,24.3767,19708.871,24.6632,19739.8223,25.3127,27657.1295,24.3783,29755.5927,,,,
20170601,002862.SZ,22.3992,22.4587,21.2492,21.4408,22.6305,-1.189700000000002,-5.2571,13646.68,44988.407,6.8233,0.77,22.349,13957.908,23.8685,18860.639,24.3576,19174.6154,25.0436,24850.2076,24.5741,30208.082,,,,
20170602,002862.SZ,21.2822,22.0952,20.9518,21.8506,21.4408,0.4098000000000006,1.9113,9583.4,31373.054,4.7917,0.69,22.2221,13396.388,23.4018,17401.419,24.0831,18728.8,24.8082,23281.85,24.7317,30525.162,,,,
20170605,002862.SZ,22.4587,22.6041,22.0093,22.2208,21.8506,0.37020000000000053,1.6942,9065.0,30614.847,4.5325,0.68,22.1718,12440.316,22.9346,16108.319,23.7907,17644.9069,24.5677,20954.349,24.8445,30821.862,,,,
20170606,002862.SZ,21.811,23.5889,21.7779,22.9874,22.2208,0.7666000000000004,3.4499,14351.0,49304.953,7.1755,1.15,22.226,12937.466,22.5895,15951.619,23.5187,17046.5992,24.3886,19214.0471,24.92,31296.445,,,,
20170607,002862.SZ,22.8024,23.926,22.6834,23.6087,22.9874,0.621299999999998,2.7028,17616.86,62628.041,8.8084,1.36,22.4217,12852.588,22.4719,15330.048,23.295,16542.0808,24.2857,18540.4119,24.9471,31847.107,,,,
20170608,002862.SZ,23.6153,23.926,23.1527,23.5955,23.6087,-0.013199999999997658,-0.0559,12680.84,45181.735,6.3404,0.99,22.8526,12659.42,22.6008,13308.664,23.0413,15825.53,24.1872,18031.5314,24.8978,32067.518,,,,
20170609,002862.SZ,23.5162,24.4349,23.2122,23.503,23.5955,-0.09250000000000114,-0.392,10577.07,37648.252,5.2885,0.84,23.1831,12858.154,22.7026,13127.271,22.8156,15414.6892,24.0601,17501.5429,24.8191,28588.926,,,,
20170612,002862.SZ,23.0734,23.1328,22.0753,22.4587,23.503,-1.0442999999999998,-4.4433,13092.17,44683.463,6.5461,1.02,23.2307,13663.588,22.7012,13051.952,22.6366,14588.5046,23.9184,17010.9862,24.7076,26156.4507,,,,
20170613,002862.SZ,22.1745,23.2056,22.1745,23.0469,22.4587,0.5882000000000005,2.619,10424.29,36046.83,5.2121,0.76,23.2426,12878.246,22.7343,12907.856,22.6936,12860.0131,23.8057,16507.649,24.5426,23061.2343,,,,
20170614,002862.SZ,23.1395,23.265,22.5777,23.1064,23.0469,0.059499999999999886,0.2582,11350.0,39491.5,5.675,0.88,23.1421,11624.874,22.7819,12238.731,22.7414,12779.9362,23.6956,16315.7919,24.4098,21019.833,,,,
20170615,002862.SZ,22.8024,23.7277,22.8024,23.4501,23.1064,0.34369999999999834,1.4875,13619.0,48280.554,6.8095,1.17,23.113,11812.506,22.9828,12235.963,22.8166,12762.5238,23.5732,15861.6676,24.2983,20056.5027,,,,
20170616,002862.SZ,23.3708,24.8315,22.9346,24.382,23.4501,0.9319000000000024,3.974,23315.86,84416.318,11.6579,1.97,23.2888,14360.264,23.2359,13609.209,22.9447,13643.34,23.4712,15918.1848,24.202,18902.2807,,,,
20170619,002862.SZ,24.2564,24.5142,23.926,24.3093,24.382,-0.0727000000000011,-0.2982,11460.62,41975.676,5.7303,0.8,23.6589,14033.954,23.4448,13848.771,23.0739,13137.1377,23.3661,15312.7095,24.1207,17587.7233,,,,
20170620,002862.SZ,24.1573,24.4878,23.8929,24.1573,24.3093,-0.15200000000000102,-0.6253,9384.68,34263.947,4.6923,0.67,23.881,13826.032,23.5618,13352.139,23.2828,12809.2915,23.2358,14712.1705,24.067,16841.7727,,,,
20170621,002862.SZ,24.1375,24.4547,23.7806,23.9128,24.1573,-0.2444999999999986,-1.0121,5840.53,21264.783,2.9203,0.42,24.0423,12724.138,23.5922,12174.506,23.4415,12521.3785,23.1155,14232.291,24.0086,16257.546,,,,
20170622,002862.SZ,23.8268,23.9855,23.1791,23.2056,23.9128,-0.7072000000000003,-2.9574,6453.0,23041.158,3.2265,0.51,23.9934,11290.938,23.5532,11551.722,23.5172,12320.4554,23.0403,13404.6924,23.9097,15749.085,,,,
20170623,002862.SZ,23.1328,23.7409,21.8176,22.5777,23.2056,-0.6279000000000003,-2.7058,11660.0,39876.938,5.83,1.03,23.6325,8959.766,23.4607,11660.015,23.4857,12113.4554,23.0532,12393.5171,23.8145,15357.9563,,,,
20170626,002862.SZ,22.6702,23.2452,22.3463,23.1328,22.5777,0.5550999999999995,2.4586,9371.0,32579.923,4.6855,1.05,23.3972,8541.842,23.5281,11287.898,23.4491,11479.1585,23.0841,12249.7076,23.7385,14970.5107,,,,
20170627,002862.SZ,22.9676,23.5294,22.9676,23.1064,23.1328,-0.02639999999999887,-0.1141,5381.23,18890.912,2.6906,0.63,23.1871,7741.152,23.534,10783.592,23.4115,10917.65,23.1143,11846.6538,23.6614,14637.2517,,,,
20170628,002862.SZ,23.113,23.113,22.3265,22.3992,23.1064,-0.7072000000000003,-3.0606,4940.06,16836.22,2.47,0.64,22.8843,7561.058,23.4633,10142.598,23.3266,10484.0338,23.0992,11516.8829,23.5406,14030.0667,,,,
20170629,002862.SZ,22.4719,22.6371,22.3662,22.4058,22.3992,0.006599999999998829,0.0295,3388.0,11522.346,1.694,0.45,22.7244,6948.058,23.3589,9119.498,23.3225,9737.5592,23.0885,10819.109,23.4034,13405.3667,,,,
20170630,002862.SZ,22.386,22.9346,22.1481,22.7363,22.4058,0.3305000000000007,1.4751,4901.68,16749.198,2.4508,0.71,22.7561,5596.394,23.1943,7278.08,23.2986,9312.7431,23.1502,10402.6805,23.2774,12762.9027,,,,
20170703,002862.SZ,22.7429,22.7826,22.4719,22.6966,22.7363,-0.039699999999999847,-0.1746,3728.0,12753.769,1.864,0.67,22.6689,4467.794,23.033,6504.818,23.2671,8726.4354,23.1904,10123.8519,23.1375,12153.9693,,,,
20170704,002862.SZ,22.657,23.384,22.657,23.3179,22.6966,0.6213000000000015,2.7374,6577.0,22843.293,3.2885,1.47,22.7112,4706.948,22.9491,6224.05,23.2569,8184.7431,23.2427,10005.3757,23.0335,11842.6027,,,,
20170705,002862.SZ,23.3311,23.9855,23.2386,23.5162,23.3179,0.1982999999999997,0.8504,8658.29,30795.845,4.3291,1.84,22.9346,5450.594,22.9094,6505.826,23.1903,7057.2377,23.2679,9734.2943,22.9912,11336.7933,,,,
20170706,002862.SZ,23.7872,23.9061,23.1461,23.8863,23.5162,0.3700999999999972,1.5738,11041.37,39448.551,5.5207,2.03,23.2307,6981.268,22.9775,6964.663,23.1578,7024.9877,23.2811,9421.1757,23.0438,10608.3497,23.0282,19248.8735,,
20170707,002862.SZ,24.4481,24.9504,24.1243,24.7059,23.8863,0.8196000000000012,3.4313,23886.72,88902.397,11.9434,3.42,23.6246,10778.276,23.1903,8187.335,23.2,8140.5292,23.334,9954.789,23.1179,10991.5403,23.2628,19646.0688,,
20170710,002862.SZ,24.5208,24.5208,23.2518,23.5889,24.7059,-1.1170000000000009,-4.5212,20395.41,72828.236,10.1977,1.89,23.803,14111.758,23.2359,9289.776,23.175,9260.1354,23.3381,10422.329,23.1551,11209.8753,23.4611,19985.659,,
20170711,002862.SZ,23.5228,23.9855,23.0668,23.1064,23.5889,-0.48249999999999815,-2.0455,10238.0,36205.083,5.119,0.73,23.7607,14843.958,23.2359,9775.453,23.1674,9551.2892,23.3689,10286.4162,23.1681,11155.6337,23.6319,20155.709,,
20170712,002862.SZ,23.265,23.3774,22.4785,23.232,23.1064,0.1255999999999986,0.5436,9417.31,32541.391,4.7087,0.63,23.7039,14995.762,23.3192,10223.178,23.2177,9378.7746,23.3777,10238.4648,23.1881,10868.169,23.7832,20311.8808,,
20170713,002862.SZ,23.265,23.6484,22.7032,23.2518,23.232,0.01980000000000004,0.0852,9266.02,32436.433,4.633,0.62,23.577,14640.692,23.4038,10810.98,23.2269,9370.6992,23.3846,10139.2276,23.2485,10722.147,23.9113,20465.1145,,
20170714,002862.SZ,23.3245,23.3245,22.7032,22.9147,23.2518,-0.3370999999999995,-1.4498,5039.02,17507.093,2.5195,0.34,23.2188,10871.152,23.4217,10824.714,23.2122,9344.3754,23.3591,9730.6571,23.284,10570.6677,24.0078,20547.9148,,
20170717,002862.SZ,22.9081,22.9081,20.6213,20.6213,22.9147,-2.2933999999999983,-10.0084,11255.0,35770.909,5.6275,1.04,22.6252,9043.07,23.2141,11577.414,23.0754,9830.14,23.1801,9156.3305,23.2307,10643.6677,24.0376,20732.7648,,
20170718,002862.SZ,19.5307,19.7621,18.5592,19.6827,20.6213,-0.938600000000001,-4.5516,23219.0,67136.291,11.6095,2.57,21.9405,11639.27,22.8506,13241.614,22.8659,11355.6015,22.9597,9716.2533,23.1205,10939.2677,24.0203,21117.8563,,
20170719,002862.SZ,19.1474,19.6431,18.7707,19.6431,19.6827,-0.03960000000000008,-0.2012,13480.04,39085.318,6.74,1.16,21.2227,12451.816,22.4633,13723.789,22.628,12015.4754,22.7448,9911.2705,22.9883,10801.3737,23.9677,21324.2403,,
20170720,002862.SZ,19.5175,20.8196,19.2069,20.6808,19.6431,1.037700000000001,5.2828,24430.04,74578.409,12.215,1.96,20.7085,15484.62,22.1428,15062.656,22.4729,13607.94,22.5909,10796.4852,22.8912,11193.0137,23.8945,21630.2658,,
20170721,002862.SZ,21.811,22.1481,20.2512,20.2512,20.6808,-0.42960000000000065,-2.0773,76613.07,249419.757,38.3065,4.95,20.1758,29799.43,21.6973,20335.291,22.237,18995.33,22.4502,14137.441,22.7828,13394.2137,23.8009,20991.5698,,
20170724,002862.SZ,19.2201,19.3325,18.2287,19.2333,20.2512,-1.017900000000001,-5.0264,34375.63,97766.631,17.1878,1.15,19.8982,34423.556,21.2617,21733.313,21.9076,20973.5869,22.2909,15219.1376,22.6753,14103.6623,23.6915,20130.0565,,
20170725,002862.SZ,19.0482,19.4977,18.579,19.154,19.2333,-0.07929999999999993,-0.4123,22735.46,65497.236,11.3677,0.66,19.7925,34326.848,20.8665,22983.059,21.5435,21873.1323,22.1015,15855.5405,22.5455,14514.0347,23.5441,18787.6345,,
20170726,002862.SZ,19.1143,19.121,18.5129,18.7046,19.154,-0.4494000000000007,-2.3462,15217.26,43255.096,7.6086,0.44,19.6048,34674.292,20.4138,23563.054,21.0819,21206.2508,21.8919,16323.9229,22.3988,14642.9433,23.4043,17831.3882,,
20170727,002862.SZ,18.5327,19.3325,18.308,19.1738,18.7046,0.4692000000000007,2.5085,22163.59,63428.028,11.0818,0.64,19.3034,34221.002,20.006,24852.811,20.7423,21342.2646,21.7383,17144.091,22.2562,14927.763,23.2773,17492.1328,,
20170728,002862.SZ,19.0747,19.1606,18.7112,18.7442,19.1738,-0.42960000000000065,-2.2406,14174.59,40482.412,7.0873,0.41,19.002,21733.306,19.5889,25766.368,20.4067,21645.0792,21.5639,17657.7381,22.0683,14623.054,23.1352,16762.6673,,
20170731,002862.SZ,18.8169,18.9161,18.5988,18.7178,18.7442,-0.02639999999999887,-0.1408,9236.0,26230.511,4.618,0.42,18.8989,16705.38,19.3986,25564.468,20.0595,21631.1323,21.3725,17864.1343,21.8819,14548.9,23.0013,16068.3117,,
20170801,002862.SZ,18.7574,18.8367,18.46,18.7707,18.7178,0.05290000000000106,0.2826,8679.36,24526.819,4.3397,0.52,18.8222,13894.16,19.3074,24110.504,19.7148,21586.0046,21.1856,18099.9133,21.7024,14525.3893,22.8847,15683.581,,
20170802,002862.SZ,18.8037,18.8037,18.2816,18.6252,18.7707,-0.14550000000000196,-0.7751,11320.91,31761.991,5.6605,0.81,18.8063,13114.89,19.2056,23894.591,19.3848,22069.2269,20.9621,18325.8138,21.5261,14708.0687,22.7673,15482.8073,,
20170803,002862.SZ,18.4865,18.85,18.427,18.6252,18.6252,0.0,0.0,9906.0,27990.354,4.953,0.76,18.6966,10663.372,19.0,22442.187,19.2313,21965.4577,20.7292,18385.2286,21.3734,14823.1687,22.6415,15286.1268,,
20170804,002862.SZ,18.6385,18.7178,18.3146,18.5922,18.6252,-0.03300000000000125,-0.1772,10785.0,30179.584,5.3925,1.01,18.6662,9985.454,18.8341,15859.38,19.1474,21008.9962,20.4771,18373.0205,21.2406,14794.002,22.5275,15075.9792,,
20170807,002862.SZ,18.7574,18.764,18.5393,18.764,18.5922,0.17180000000000106,0.924,9071.09,25636.268,4.5355,0.91,18.6755,9952.472,18.7872,13328.926,19.0798,20669.8462,20.1942,17667.5143,21.095,14784.005,22.4167,14877.2578,,
20170808,002862.SZ,18.9227,18.9227,18.5195,18.6451,18.764,-0.1189,-0.6337,8008.27,22626.965,4.0041,0.8,18.6503,9818.254,18.7363,11856.207,18.9232,19406.6331,19.9588,17077.6505,20.9462,14871.573,22.3038,14754.4123,,
20170809,002862.SZ,18.6649,18.6649,18.3741,18.4402,18.6451,-0.20489999999999853,-1.0989,6962.0,19482.556,3.481,0.71,18.6133,8946.472,18.7098,11030.681,18.7839,14048.8585,19.7366,16921.6505,20.8143,14938.971,22.1775,14484.5188,,
20170810,002862.SZ,18.3477,18.5063,17.733,17.8718,18.4402,-0.5684000000000005,-3.0824,13492.12,36779.877,6.7461,1.51,18.4627,9663.696,18.5796,10163.534,18.6791,12442.4346,19.4813,17115.689,20.6631,15275.775,22.0333,14340.5708,,
20170811,002862.SZ,17.5149,17.6404,17.0919,17.0919,17.8718,-0.7799000000000014,-4.3639,9480.69,24935.902,4.7403,0.98,18.1626,9402.834,18.4144,9694.144,18.5205,11422.8369,19.188,17125.9114,20.475,15428.4087,21.8762,14095.6557,,
20170814,002862.SZ,17.0126,17.3827,17.0126,17.3496,17.0919,0.2576999999999998,1.5077,14865.45,38747.287,7.4327,1.58,17.8797,10561.706,18.2776,10257.089,18.4163,11395.7746,18.923,17593.8367,20.2968,15799.657,21.7171,13976.8132,,
20170815,002862.SZ,17.5149,17.7065,17.4157,17.6008,17.3496,0.25120000000000076,1.4479,12847.21,34109.248,6.4236,1.22,17.6709,11529.494,18.1606,10673.874,18.2953,10679.13,18.7792,17669.6562,20.1062,16008.664,21.5698,13925.6333,,
20170816,002862.SZ,17.6206,18.0502,17.6008,17.9577,17.6008,0.35689999999999955,2.0277,13471.12,36398.419,6.7356,1.17,17.5744,12831.318,18.0939,10888.895,18.2348,10625.0169,18.697,17205.4714,19.9209,16169.0917,21.456,13752.9425,,
20170817,002862.SZ,17.9445,17.9445,17.7198,17.8189,17.9577,-0.1387999999999998,-0.7729,10488.0,28332.854,5.244,0.82,17.5638,12230.494,18.0132,10947.095,18.1656,10721.3246,18.6101,17062.9933,19.7187,16150.646,21.3812,13379.4978,,
20170818,002862.SZ,17.7396,17.9048,17.6867,17.7396,17.8189,-0.07929999999999993,-0.445,7669.18,20607.776,3.8346,0.63,17.6933,11868.192,17.928,10635.513,18.0863,10643.6185,18.4701,16264.8571,19.4865,15610.0613,21.3022,13300.8008,,
20170821,002862.SZ,17.7859,18.2287,17.7859,18.1428,17.7396,0.4032000000000018,2.2729,11280.09,30805.342,5.64,0.95,17.852,11151.12,17.8658,10856.413,18.0492,10640.4785,18.3697,13153.7629,19.3049,15306.2173,21.23,13258.0463,,
20170822,002862.SZ,18.1428,18.3609,18.0502,18.2089,18.1428,0.06609999999999872,0.3643,11538.0,31765.855,5.769,1.03,17.9736,10889.278,17.8222,11209.386,18.0172,10766.0169,18.3209,12066.2567,19.1417,15349.5507,21.1549,13252.5922,,
20170823,002862.SZ,18.2419,18.8367,18.1097,18.579,18.2089,0.37010000000000076,2.0325,19397.18,54131.53,9.6986,1.78,18.0978,12074.49,17.8361,12452.904,18.0162,11428.4923,18.2935,11907.291,18.9866,15682.213,21.0874,13275.191,,
20170824,002862.SZ,18.6451,19.4845,18.4666,18.7442,18.579,0.16519999999999868,0.8892,33660.3,96868.431,16.8302,2.79,18.2829,16708.95,17.9233,14469.722,18.0147,13319.97,18.2954,12785.531,18.8363,16495.3557,21.0424,13608.7513,,
20170825,002862.SZ,18.5063,19.3655,18.2155,19.2531,18.7442,0.5089000000000006,2.715,38564.12,110300.867,19.2821,2.31,18.5856,22887.938,18.1395,17378.065,18.0614,15670.42,18.2992,13566.5086,18.7143,17612.859,20.9991,14091.7633,,
20170828,002862.SZ,19.3655,20.4098,19.3655,20.1586,19.2531,0.9055,4.7031,34197.99,103048.042,17.099,1.49,18.9888,27471.518,18.4204,19311.319,18.1936,17765.4962,18.3665,14520.0038,18.6988,18377.6253,20.9647,14510.6465,,
20170829,002862.SZ,20.4296,21.1831,19.967,20.5618,20.1586,0.4032000000000018,2.0001,41101.18,127905.064,20.5506,1.5,19.4593,33384.154,18.7165,22136.716,18.4005,19889.27,18.4543,16037.3933,18.7281,18973.698,20.9243,14956.4828,,
20170830,002862.SZ,20.8724,22.1018,20.3569,21.844,20.5618,1.2821999999999996,6.2358,43997.52,142479.688,21.9988,1.32,20.1123,38304.222,19.1051,25189.356,18.7661,22544.4108,18.6007,17719.2105,18.8015,19990.9473,20.8949,15396.1605,,
20170831,002862.SZ,21.844,22.0489,21.4805,21.8044,21.844,-0.03960000000000008,-0.1813,28410.63,93349.994,14.2053,0.74,20.7244,37254.288,19.5036,26981.619,19.1088,23586.3477,18.7521,18533.0067,18.839,20123.6337,20.8651,15658.3237,,
20170901,002862.SZ,21.8374,22.4521,21.6788,22.1943,21.8044,0.38989999999999725,1.7882,26505.87,88250.742,13.2529,0.71,21.3126,34842.638,19.9491,28865.288,19.4621,24637.0138,18.922,19323.4767,18.9037,18453.3937,20.8432,15923.8037,,
20170904,002862.SZ,22.1084,22.1084,21.2161,21.6127,22.1943,-0.5815999999999981,-2.6205,16841.49,54762.746,8.4207,0.48,21.6034,31371.338,20.2961,29421.428,19.7433,24896.2731,19.0659,19611.881,18.983,17868.9223,20.8291,15986.2923,,
20170905,002862.SZ,21.5202,21.7184,21.2029,21.4805,21.6127,-0.13220000000000098,-0.6117,8099.0,26284.481,4.0495,0.26,21.7872,24770.902,20.6233,29077.528,20.0249,24712.5038,19.1952,19565.591,19.0606,17381.0403,20.803,15947.5375,,
20170906,002862.SZ,21.3153,21.5135,20.9848,21.4342,21.4805,-0.046299999999998676,-0.2155,6890.72,22187.844,3.4454,0.28,21.7052,17349.542,20.9088,27826.882,20.3091,24652.6223,19.328,19512.3743,19.1516,17103.489,20.7752,15873.2162,,
20170907,002862.SZ,21.4144,21.6854,21.15,21.2426,21.4342,-0.1916000000000011,-0.8939,7220.0,23474.725,3.61,0.42,21.5929,13111.416,21.1586,25182.852,20.5476,24340.3077,19.4615,19524.66,19.2205,16605.3693,20.7384,15766.5662,,
20170908,002862.SZ,21.117,21.3219,20.7204,20.998,21.2426,-0.24459999999999837,-1.1515,8492.0,26991.989,4.246,0.65,21.3536,9508.642,21.3331,22175.64,20.7621,24106.0,19.6104,19286.559,19.2957,16415.9497,20.682,15519.5018,,
20170911,002862.SZ,20.998,21.7118,20.9716,21.7118,20.998,0.7137999999999991,3.3994,10061.15,32501.387,5.0306,1.06,21.3734,8152.574,21.4884,19761.956,21.0031,23387.8438,19.8304,19314.2,19.3955,16443.4547,20.6387,15496.1773,,
20170912,002862.SZ,21.7713,22.1348,21.269,21.4673,21.7118,-0.2444999999999986,-1.1261,12808.0,42087.509,6.404,1.57,21.3708,9094.374,21.579,16932.638,21.2126,21783.8208,20.0264,19216.2262,19.4853,16581.076,20.5939,15553.2327,,
20170913,002862.SZ,21.6457,21.6457,21.2293,21.4607,21.4673,-0.006600000000002382,-0.0307,5435.0,17586.526,2.7175,0.6,21.3761,8803.23,21.5407,13076.386,21.3824,19235.4269,20.2102,18863.2638,19.5799,16384.879,20.553,15546.4738,,
20170914,002862.SZ,21.4541,21.5466,21.15,21.15,21.4607,-0.31070000000000064,-1.4478,6974.0,22507.332,3.487,0.79,21.3576,8754.03,21.4752,10932.723,21.4586,17141.2738,20.3623,18553.8771,19.664,16287.1457,20.5187,15555.1572,,
20170915,002862.SZ,21.0905,21.54,20.9187,21.0178,21.15,-0.13219999999999743,-0.6251,16120.96,51510.305,8.0605,1.84,21.3615,10279.822,21.3576,9894.232,21.4937,15219.7185,20.5146,18822.1133,19.7449,16465.011,20.4927,15629.5065,,
20170918,002862.SZ,20.8063,21.15,20.0264,20.8196,21.0178,-0.19819999999999993,-0.943,12447.0,38449.615,6.2235,1.21,21.1831,10756.992,21.2783,9454.783,21.4149,12792.7554,20.6613,19049.6286,19.8134,16577.5413,20.4542,15680.7732,,
20170919,002862.SZ,20.5948,21.1434,20.5948,20.9584,20.8196,0.1387999999999998,0.6667,7273.0,23025.595,3.6365,0.68,21.0813,9649.992,21.226,9372.183,21.3498,11166.7838,20.7953,18858.8148,19.8905,16553.0323,20.4184,15712.3027,,
20170920,002862.SZ,20.9584,21.2822,20.7535,21.1963,20.9584,0.23789999999999978,1.1351,8947.63,28547.214,4.4738,0.93,21.0284,10352.518,21.2023,9577.874,21.2731,9816.15,20.9376,18735.4638,19.9824,16619.22,20.3983,15779.0955,,
20170921,002862.SZ,21.3219,21.5466,21.1236,21.5466,21.1963,0.3503000000000007,1.6526,10704.53,34704.06,5.3523,1.03,21.1077,11098.624,21.2327,9926.327,21.268,9344.0762,21.0789,18321.5281,20.1049,16526.3003,20.384,15901.0377,,
20170922,002862.SZ,21.5268,21.9299,21.2161,21.5796,21.5466,0.0329999999999977,0.1532,7539.0,24628.61,3.7695,0.68,21.2201,9382.232,21.2908,9831.027,21.2756,9300.9992,21.2139,17077.6567,20.2545,16461.5773,20.3647,15944.993,,
20170925,002862.SZ,21.4805,21.9299,21.2161,21.7779,21.5796,0.1982999999999997,0.9189,10755.0,35342.35,5.3775,1.15,21.4118,9043.832,21.2974,9900.412,21.302,9598.2515,21.3341,15753.4129,20.4021,16324.5623,20.3494,16062.1097,,
20170926,002862.SZ,21.5598,21.7317,20.4891,20.6609,21.7779,-1.1169999999999973,-5.1291,9197.0,28960.526,4.5985,1.02,21.3523,9428.632,21.2168,9539.312,21.2573,9750.3285,21.3581,14562.8895,20.5041,16202.8887,20.3051,16105.7763,,
20170927,002862.SZ,20.4957,21.3351,20.3833,21.2756,20.6609,0.6146999999999991,2.9752,7272.0,23070.457,3.636,0.77,21.3681,9093.506,21.1983,9723.012,21.2787,9656.4823,21.3921,12951.9762,20.6147,15996.2513,20.2678,16082.6715,,
20170928,002862.SZ,21.2293,21.2822,20.8857,21.15,21.2756,-0.12560000000000215,-0.5903,3441.49,10977.61,1.7207,0.38,21.2888,7640.898,21.1983,9369.761,21.2354,9147.2777,21.359,11020.7367,20.7257,15761.3677,20.2222,15956.0068,21.6252,17602.4402
20170929,002862.SZ,21.1566,21.2161,21.0377,21.1434,21.15,-0.006599999999998829,-0.0312,2728.0,8723.89,1.364,0.36,21.2016,6678.698,21.2108,8030.465,21.2105,8371.8931,21.3275,9797.7543,20.8392,15596.6617,20.1628,15603.3615,21.7128,17624.7152
20171009,002862.SZ,21.4937,21.5995,21.1765,21.3549,21.1434,0.2115000000000009,1.0003,3140.0,10143.91,1.57,0.47,21.117,5155.698,21.2644,7099.765,21.2024,8195.3546,21.2876,8685.0938,20.9462,15325.3253,20.1256,15315.7713,21.7933,17650.7152
20171010,002862.SZ,21.3549,22.8222,21.3549,22.7693,21.3549,1.4144000000000005,6.6233,10209.0,33936.73,5.1045,1.98,21.5386,5358.098,21.4455,7393.365,21.3269,8444.2008,21.3426,8369.261,21.0983,15281.0253,20.12,15315.288,21.8759,17735.4985
20171011,002862.SZ,22.6702,22.7363,21.8242,22.1679,22.7693,-0.6014000000000017,-2.6413,12001.0,40256.595,6.0005,2.24,21.7171,6303.898,21.5426,7698.702,21.4154,8127.2808,21.3754,8555.0705,21.2179,15034.486,20.1022,15358.3495,21.9427,17835.1152
20171012,002862.SZ,22.2736,22.7098,21.963,22.4719,22.1679,0.30400000000000205,1.3714,8835.0,30005.619,4.4175,1.4,21.9815,7382.6,21.6351,7511.749,21.5425,7849.4346,21.4248,8647.6552,21.3421,14206.976,20.0892,15351.1658,22.0003,17908.1402
20171013,002862.SZ,22.4587,24.653,22.082,23.807,22.4719,1.335099999999997,5.9412,16959.99,60163.272,8.48,2.3,22.5142,10228.998,21.8579,8453.848,21.7616,8594.5877,21.5469,9111.4643,21.4939,13486.8383,20.1041,15549.8487,22.056,18048.8818
20171016,002862.SZ,24.2564,24.2564,23.0535,23.4831,23.807,-0.3238999999999983,-1.3605,14391.99,51297.456,7.196,1.41,22.9398,12479.396,22.0284,8817.547,21.9375,9013.3846,21.6652,9392.4162,21.6048,12826.6383,20.1518,15602.1318,22.0947,18167.4483
20171017,002862.SZ,23.4831,23.7277,23.1725,23.5228,23.4831,0.039699999999999847,0.1691,5497.0,19551.836,2.7485,0.44,23.0905,11536.996,22.3146,8447.547,22.0896,8612.8054,21.7515,9175.0757,21.7035,11639.8323,20.2158,15306.7652,22.118,18212.3108
20171018,002862.SZ,23.3443,23.6682,23.3179,23.384,23.5228,-0.1387999999999998,-0.5901,5943.0,21109.071,2.9715,0.52,23.3338,10325.396,22.5254,8314.647,22.2284,8490.0362,21.8427,8848.171,21.7548,10371.3483,20.2781,15181.1478,22.1229,18252.6941
20171019,002862.SZ,23.1989,23.5096,22.6834,22.6834,23.384,-0.7006000000000014,-2.9961,5831.0,20266.082,2.9155,0.56,23.3761,9724.596,22.6788,8553.598,22.298,8111.2669,21.901,8867.0281,21.7841,9618.694,20.3115,14871.1638,22.103,18250.7148
20171020,002862.SZ,22.5248,23.4567,22.4719,23.3179,22.6834,0.6345000000000027,2.7972,6363.0,22065.274,3.1815,0.65,23.2782,7605.198,22.8962,8917.098,22.5024,7893.2669,22.0042,8837.9329,21.8215,8947.265,20.3626,13700.3293,22.0818,17345.9496
20171023,002862.SZ,23.4303,23.4699,23.1262,23.3972,23.3179,0.07929999999999993,0.3401,2661.85,9404.446,1.3309,0.35,23.2611,5259.17,23.1005,8869.283,22.6656,7538.64,22.1175,8197.0229,21.881,8474.6103,20.432,13171.7663,22.0617,16650.9114
20171024,002862.SZ,23.4831,23.4831,22.2935,22.3067,23.3972,-1.0905000000000022,-4.6608,5933.18,20413.113,2.9666,1.13,23.0178,5346.406,23.0542,8441.701,22.7546,7730.3085,22.1883,7886.841,21.9086,8402.4163,20.4846,12891.7283,22.0143,15839.6814
20171025,002862.SZ,22.386,22.69,21.9432,22.6702,22.3067,0.36350000000000193,1.6296,8429.0,28490.054,4.2145,1.58,22.8751,5843.606,23.1044,8084.501,22.872,8168.8469,22.2698,7941.8886,21.9498,8453.6923,20.5507,12778.5907,21.9775,15304.9894
20171026,002862.SZ,22.6702,23.0073,22.538,22.6504,22.6702,-0.01980000000000004,-0.0873,5639.94,19430.926,2.82,0.97,22.8685,5805.394,23.1223,7764.995,22.9717,8361.15,22.3391,7784.3795,21.9967,8401.0237,20.6086,12503.1965,21.9429,14997.6647
20171027,002862.SZ,22.6504,22.9213,20.3833,22.0621,22.6504,-0.5883000000000003,-2.5973,6443.09,21842.708,3.2215,1.11,22.6173,5821.412,22.9478,6713.305,22.9173,8071.4646,22.3636,7581.4538,22.0322,8332.7267,20.6639,12374.3382,21.8995,14568.5028
20171030,002862.SZ,21.7449,22.0423,20.5882,21.4475,22.0621,-0.6145999999999994,-2.7858,7860.0,25510.217,3.93,1.35,22.2274,6861.042,22.7442,6060.106,22.8619,7752.9262,22.3573,7596.7395,22.0233,8259.355,20.7094,12351.4048,21.8554,14209.8583
20171031,002862.SZ,21.4673,22.0291,21.1566,21.8374,21.4475,0.38989999999999725,1.8179,3919.01,12848.304,1.9595,0.57,22.1335,6458.208,22.5757,5902.307,22.8131,7374.7731,22.3602,7271.2162,22.0357,7963.0553,20.7605,12272.0657,21.8226,13977.8233
20171101,002862.SZ,21.6788,22.3992,21.4607,22.2075,21.8374,0.37010000000000076,1.6948,5202.02,17449.609,2.601,0.81,22.041,5812.812,22.458,5828.209,22.69,6470.3138,22.4338,7080.979,22.0606,7955.2893,20.8202,12170.0842,21.7938,13826.4458
20171102,002862.SZ,22.2075,22.3992,21.8176,21.9696,22.2075,-0.23789999999999978,-1.0713,3954.0,13167.332,1.977,0.68,21.9048,5475.624,22.3867,5640.509,22.5736,5667.3915,22.4669,6922.979,22.0879,7854.6227,20.876,12070.8842,21.7588,13678.5055
20171103,002862.SZ,22.0291,22.0291,21.1699,21.2888,21.9696,-0.6808000000000014,-3.0988,3696.0,12012.68,1.848,0.67,21.7502,4926.206,22.1837,5373.809,22.4017,5528.8531,22.4735,6935.0986,22.0969,7440.4573,20.9209,11952.7342,21.7242,13514.3567
20171106,002862.SZ,21.2888,22.0621,21.2888,21.811,21.2888,0.5222000000000016,2.4529,5239.0,17177.939,2.6195,1.06,21.8229,4402.006,22.0251,5631.524,22.2807,5474.6992,22.5053,7054.67,22.13,7200.1907,20.9717,11888.866,21.6942,13383.0619
20171107,002862.SZ,21.9432,22.4587,21.6259,22.2075,21.811,0.39649999999999963,1.8179,6018.18,20042.044,3.0091,1.37,21.8969,4821.84,22.0152,5640.024,22.2441,5489.0977,22.5459,7191.7262,22.1716,7158.3633,21.0311,11855.6978,21.6674,13305.0551
20171108,002862.SZ,22.1613,22.538,22.1414,22.3001,22.2075,0.0926000000000009,0.417,9548.18,32266.382,4.7741,1.98,21.9154,5691.072,21.9782,5751.942,22.1658,5734.1115,22.5235,7160.2586,22.2084,7178.3817,21.0954,11898.8008,21.6364,13191.6598
20171109,002862.SZ,22.2868,22.4058,22.1018,22.2935,22.3001,-0.006599999999998829,-0.0296,4157.0,14006.97,2.0785,0.73,21.9802,5731.672,21.9425,5603.648,22.0809,5849.1231,22.5295,6786.7348,22.2333,6960.1307,21.1691,11743.2155,21.6012,13041.8932
20171110,002862.SZ,22.3794,22.6239,22.0952,22.5777,22.2935,0.28419999999999845,1.2748,6748.0,22851.619,3.374,1.18,22.238,6342.072,21.9941,5634.139,22.1018,5911.8015,22.5345,6687.3538,22.2666,6933.764,21.2605,11697.6707,21.5683,12896.6632
20171113,002862.SZ,22.5843,22.928,22.3992,22.7627,22.5777,0.18499999999999872,0.8194,6166.84,21116.58,3.0834,0.97,22.4283,6527.64,22.1256,5464.823,22.1089,5737.7892,22.4848,6173.3943,22.2994,6780.8253,21.3507,11552.6938,21.5339,12764.7535
20171114,002862.SZ,22.5578,23.1196,22.5248,23.0866,22.7627,0.32390000000000185,1.4229,6700.17,23137.071,3.3501,1.03,22.6041,6664.038,22.2505,5742.939,22.1425,5819.3454,22.4659,5807.1171,22.3803,6697.5977,21.4422,11450.2432,21.506,12687.9383
20171115,002862.SZ,23.0469,24.5869,22.8222,23.9524,23.0866,0.8658000000000001,3.7502,19537.08,70611.782,9.7685,2.93,22.9346,8661.818,22.425,7176.445,22.2879,6826.5754,22.4864,6475.6924,22.4695,7106.4337,21.5421,11551.3425,21.4991,12652.1425
20171116,002862.SZ,24.1243,24.4547,22.4785,22.7363,23.9524,-1.2161000000000008,-5.0772,18174.93,65307.104,9.0875,2.1,23.0231,11465.404,22.5017,8598.538,22.387,7620.0315,22.4555,7058.1652,22.5224,7597.5483,21.624,11679.458,21.5026,12529.4779
20171117,002862.SZ,22.4455,22.4785,21.15,21.3285,22.7363,-1.4078000000000017,-6.1919,13753.97,45324.043,6.877,1.2,22.7733,12866.598,22.5056,9604.335,22.3479,8376.5669,22.391,7435.4495,22.5285,7965.0807,21.6838,11780.8712,21.493,12540.836
20171120,002862.SZ,21.15,21.3219,19.8282,20.5552,21.3285,-0.773299999999999,-3.6257,7740.0,24224.172,3.87,0.6,22.3318,13181.23,22.3801,9854.435,22.2208,8571.7962,22.2595,7501.021,22.5019,8118.414,21.7241,11721.8697,21.477,12489.958
20171121,002862.SZ,20.3569,20.6213,19.8942,20.1322,20.5552,-0.42299999999999827,-2.0579,8320.25,25412.416,4.1601,0.63,21.7409,13505.246,22.1725,10084.642,22.0794,8907.6615,22.104,7770.4686,22.414,8055.4557,21.7561,11668.2405,21.4555,12460.4163
20171122,002862.SZ,19.9934,20.4825,19.9537,20.2578,20.1322,0.1255999999999986,0.6239,4622.23,14171.252,2.3111,0.34,21.002,10522.276,21.9683,9592.047,22.0001,8978.91,22.0064,7708.0424,22.3503,7809.4967,21.7841,11421.9913,21.4357,12348.5912
20171123,002862.SZ,20.2578,20.4032,19.5043,19.5043,20.2578,-0.753499999999999,-3.7196,4646.11,14081.575,2.3231,0.44,20.3556,7816.512,21.6894,9640.958,21.8227,8933.3031,21.8557,7527.9048,22.2514,7669.867,21.7968,10938.4215,21.4196,12273.5864
20171124,002862.SZ,19.1804,20.4891,18.8764,20.4891,19.5043,0.9847999999999999,5.0491,4209.0,12457.787,2.1045,0.54,20.1877,5907.518,21.4805,9387.058,21.6905,8794.1354,21.7528,7459.7648,22.1408,7244.834,21.8174,10365.8362,21.4082,12228.7998
20171127,002862.SZ,20.0793,20.4891,19.5043,20.3569,20.4891,-0.13220000000000098,-0.6452,2836.0,8545.516,1.418,0.48,20.1481,4926.718,21.2399,9053.974,21.541,8277.8138,21.6716,7287.9986,22.0366,6859.6343,21.8207,9843.1363,21.3927,12176.8914
20171128,002862.SZ,20.0264,20.2578,19.8876,20.1983,20.3569,-0.15859999999999985,-0.7791,1993.0,6072.119,0.9965,0.4,20.1613,3661.268,20.9511,8583.257,21.3798,8111.3523,21.6121,7008.6176,21.9258,6742.8343,21.8146,9191.3333,21.3695,12073.9081
20171129,002862.SZ,20.033,20.1785,19.5638,20.1256,20.1983,-0.0727000000000011,-0.3599,3307.0,9962.997,1.6535,0.9,20.1348,3398.222,20.5684,6960.249,21.1912,7846.66,21.5306,6979.4743,21.8171,6654.9677,21.786,8513.158,21.3404,11954.6593
20171130,002862.SZ,19.8678,20.4891,19.8678,20.4296,20.1256,0.30400000000000205,1.5105,3496.0,10645.715,1.748,1.03,20.3199,3168.2,20.3377,5492.356,21.0118,7641.2108,21.4459,6898.2352,21.742,6577.1343,21.7631,8097.9142,21.3141,11878.1189
20171201,002862.SZ,20.2842,20.456,20.0595,20.2908,20.4296,-0.1387999999999998,-0.6794,2904.0,8906.615,1.452,0.92,20.2802,2907.2,20.234,4407.359,20.7967,7349.1977,21.3659,6848.2352,21.6411,6461.8343,21.7313,7704.5497,21.2873,11814.1767
20171204,002862.SZ,20.0132,20.2049,19.2862,19.6695,20.2908,-0.6213000000000015,-3.062,4372.0,12977.656,2.186,1.5,20.1428,3214.4,20.1454,4070.559,20.4672,6182.6531,21.2888,6880.4257,21.5169,6518.8393,21.6989,7496.7248,21.264,11741.5086
20171205,002862.SZ,19.4514,19.8149,18.9028,19.1672,19.6695,-0.5022999999999982,-2.5537,5503.0,15882.029,2.7515,1.71,19.9365,3916.4,20.0489,3788.834,20.1927,5207.8892,21.1629,6892.9971,21.4122,6504.5,21.6604,7453.4582,21.2317,11700.4978
20171206,002862.SZ,18.9689,19.1276,18.3146,18.8632,19.1672,-0.30400000000000205,-1.586,4854.0,13748.152,2.427,1.24,19.6841,4225.8,19.9094,3812.011,20.0031,4523.2762,21.0037,6837.56,21.2853,6385.3333,21.6175,7419.5128,21.1964,11646.3645
20171207,002862.SZ,18.7508,19.1342,18.5592,18.698,18.8632,-0.16519999999999868,-0.8758,6290.36,17872.807,3.1452,1.49,19.3377,4784.672,19.8288,3976.436,19.8602,4411.7654,20.8322,6682.4257,21.1536,6407.014,21.5751,7404.0188,21.1568,11585.2925
20171208,002862.SZ,18.6913,19.0681,18.5988,18.9689,18.698,0.27090000000000103,1.4488,4035.36,11532.873,2.0177,0.84,19.0734,5010.944,19.6768,3959.072,19.7707,4082.1585,20.6738,6676.6333,21.0505,6326.7563,21.5413,7329.7415,21.1116,11424.6217
20171211,002862.SZ,18.9028,19.2531,18.7376,19.1606,18.9689,0.19169999999999732,1.0106,2546.0,7333.689,1.273,0.51,18.9716,4645.744,19.5572,3930.072,19.6863,3922.4485,20.5111,6476.5381,20.9742,6149.623,21.4988,7204.489,21.0687,11350.3332
20171212,002862.SZ,19.1606,19.3325,18.6385,18.6385,19.1606,-0.5220999999999982,-2.7249,2157.0,6171.499,1.0785,0.46,18.8658,3976.544,19.4012,3946.472,19.6197,3730.9785,20.3147,6285.5933,20.8676,6090.8893,21.4516,7026.9723,21.0227,11290.1025
20171213,002862.SZ,18.6054,18.9359,18.3344,18.8235,18.6385,0.18499999999999872,0.9926,2759.0,7776.151,1.3795,0.69,18.8579,3557.544,19.271,3891.672,19.4916,3619.44,20.1117,6097.9186,20.7548,6009.4553,21.4077,6982.3723,20.9803,11264.4231
20171214,002862.SZ,18.8169,19.002,18.6451,18.8566,18.8235,0.03310000000000102,0.1758,2225.0,6335.847,1.1125,0.63,18.8896,2744.472,19.1137,3764.572,19.3762,3572.44,19.8691,5273.5338,20.651,5951.822,21.3695,6903.2223,20.9441,11229.1898
20171215,002862.SZ,18.85,18.9623,18.6186,18.8367,18.8566,-0.019899999999999807,-0.1055,2314.0,6581.778,1.157,0.84,18.8632,2400.2,18.9683,3705.572,19.2714,3597.1323,19.6834,4518.2514,20.5693,5905.7553,21.3331,6673.1063,20.9129,11151.3064
20171218,002862.SZ,19.121,19.121,18.5063,18.5261,18.8367,-0.3106000000000009,-1.6489,2070.0,5840.767,1.035,0.86,18.7363,2305.0,18.8539,3475.372,19.1484,3501.9785,19.5499,3961.8719,20.4598,5800.122,21.2949,6500.1563,20.8745,11090.4648
20171219,002862.SZ,18.3873,18.6847,18.3873,18.6847,18.5261,0.15859999999999985,0.8561,2270.0,6392.307,1.135,0.98,18.7455,2327.6,18.8057,3152.072,19.0142,3407.6708,19.4609,3701.3957,20.3424,5675.1827,21.257,6416.773,20.8377,11064.5378
20171220,002862.SZ,18.612,18.6583,18.4137,18.4137,18.6847,-0.2710000000000008,-1.4504,1304.0,3647.954,0.652,0.56,18.6636,2036.6,18.7607,2797.072,18.8698,3284.5938,19.379,3367.2886,20.2128,5400.3767,21.2106,6289.3792,20.8045,11034.2373
20171221,002862.SZ,18.1758,18.7046,17.9643,18.3543,18.4137,-0.05940000000000012,-0.3226,3127.0,8695.497,1.5635,1.54,18.5631,2217.0,18.7264,2480.736,18.7686,3188.8246,19.2884,3296.0871,20.0815,5366.0433,21.1574,6163.087,20.7707,11032.0623
20171222,002862.SZ,18.2882,18.427,18.1692,18.189,18.3543,-0.16529999999999845,-0.9006,2109.0,5828.0,1.0545,0.95,18.4336,2176.0,18.6484,2288.1,18.6934,2927.7477,19.2258,3175.2724,19.9352,5211.41,21.1009,6072.587,20.7328,11008.79
20171225,002862.SZ,18.2485,18.2485,17.3827,17.5215,18.189,-0.6675000000000004,-3.6698,2284.47,6098.291,1.1422,1.05,18.2326,2218.894,18.4845,2261.947,18.5902,2730.0915,19.0844,3083.6281,19.7605,5081.9977,21.03,5931.4115,20.6897,10996.7606
20171226,002862.SZ,17.5083,18.1626,17.3364,18.0304,17.5215,0.5089000000000006,2.9044,4233.0,11439.364,2.1165,1.91,18.1018,2611.494,18.4237,2469.547,18.5388,2571.8331,18.9737,3150.1519,19.592,4999.7587,20.9861,5848.6782,20.6456,10977.2273
20171227,002862.SZ,18.0568,18.308,17.8982,18.0767,18.0304,0.046299999999998676,0.2568,2390.47,6545.901,1.1952,0.92,18.0344,2828.788,18.349,2432.694,18.4702,2445.3031,18.8726,3169.079,19.3961,4428.205,20.9328,5767.3193,20.6003,10924.9954
20171228,002862.SZ,17.918,18.3212,17.7132,18.0833,18.0767,0.006600000000002382,0.0365,2853.0,7828.259,1.4265,1.01,17.9802,2773.988,18.2716,2495.494,18.3873,2468.9185,18.7754,3147.46,19.241,3917.474,20.8817,5757.5112,20.5519,10856.759
20171229,002862.SZ,18.1428,19.035,18.0106,18.7707,18.0833,0.6874000000000002,3.8013,4268.0,11936.212,2.134,1.54,18.0965,3205.788,18.265,2690.894,18.3975,2631.3031,18.6964,3184.2219,19.1558,3601.275,20.8421,5783.1778,20.5025,10693.2697
20180102,002862.SZ,19.0813,19.0813,18.46,18.5724,18.7707,-0.19830000000000325,-1.0564,3994.0,11238.771,1.997,1.25,18.3067,3547.694,18.2697,2883.294,18.3782,2726.3031,18.6145,3236.1267,19.0897,3476.4083,20.7958,5797.4112,20.4607,10556.5913
20180103,002862.SZ,18.6649,18.6649,18.2882,18.5922,18.5724,0.01980000000000004,0.1066,2708.0,7559.968,1.354,0.76,18.4191,3242.694,18.2604,2927.094,18.3578,2763.4569,18.5632,3156.8886,19.0383,3289.3333,20.7262,5672.3945,20.4231,10493.8413
20180104,002862.SZ,18.427,18.6385,18.3212,18.5063,18.5922,-0.08589999999999876,-0.462,2055.0,5739.641,1.0275,0.63,18.505,3175.6,18.2697,3002.194,18.3324,2743.5338,18.5318,2992.6981,18.98,3203.759,20.6651,5506.6278,20.3837,10432.4887
20180105,002862.SZ,18.4005,20.3305,18.4005,18.9028,18.5063,0.39649999999999963,2.1425,6215.01,17851.822,3.1075,1.96,18.6689,3848.002,18.3245,3310.995,18.3614,3062.3808,18.5337,3057.5081,18.9599,3256.0557,20.6056,5462.9613,20.3474,10407.0636
20180108,002862.SZ,18.8896,19.0086,18.46,18.8764,18.9028,-0.02639999999999887,-0.1397,3943.0,11175.386,1.9715,1.02,18.69,3783.002,18.3933,3494.395,18.3761,3191.0731,18.5422,2945.729,18.9061,3247.189,20.5235,5246.0115,20.3138,10397.9301
20180109,002862.SZ,18.8764,19.3655,18.7178,18.9689,18.8764,0.09250000000000114,0.49,3493.0,10038.472,1.7465,0.92,18.7693,3682.802,18.538,3615.248,18.4188,3359.4577,18.5422,2919.9024,18.8599,3269.089,20.4482,5064.3617,20.3,10333.2468
20180110,002862.SZ,18.8896,18.9755,17.9445,18.1362,18.9689,-0.8327000000000027,-4.3898,4870.17,13502.778,2.4351,1.32,18.6781,4115.236,18.5486,3678.965,18.4021,3493.5477,18.4934,3030.5771,18.7911,3364.9947,20.3585,5053.9145,20.2871,10180.3398
20180111,002862.SZ,18.1626,18.4931,17.9841,18.427,18.1362,0.29080000000000084,1.6034,3717.0,10319.597,1.8585,0.9,18.6623,4447.636,18.5836,3811.618,18.4204,3617.24,18.4833,3104.8629,18.7345,3378.6613,20.2758,5016.8145,20.277,10098.9812
20180112,002862.SZ,18.427,18.4997,18.2089,18.3873,18.427,-0.039699999999999847,-0.2154,2668.0,7417.932,1.334,0.6,18.5592,3738.234,18.614,3793.118,18.487,3646.7423,18.4625,3100.5295,18.6664,3351.0613,20.2042,4964.0978,20.2579,9917.6308
20180115,002862.SZ,18.2287,18.3807,17.2571,17.766,18.3873,-0.6213000000000015,-3.379,4460.0,11973.757,2.23,1.19,18.3371,3841.634,18.5135,3812.318,18.4666,3664.2038,18.4106,3206.9581,18.5823,3402.928,20.1117,4932.3812,20.2372,9316.3553
20180116,002862.SZ,17.5677,18.4204,17.3166,17.9775,17.766,0.2115000000000009,1.1905,3376.17,9171.714,1.6881,0.88,18.1388,3818.268,18.4541,3750.535,18.459,3740.0269,18.3697,3257.5376,18.5259,3369.7337,20.0214,4944.2865,20.2267,9058.0264
20180117,002862.SZ,17.9775,18.4732,17.7132,18.3477,17.9775,0.37020000000000053,2.0592,4251.0,11649.665,2.1255,1.11,18.1811,3694.434,18.4296,3904.835,18.4793,3847.5654,18.3612,3361.3948,18.4986,3328.0003,19.9554,4916.2502,20.22,8903.9893
20180118,002862.SZ,18.3609,18.4931,18.1758,18.3675,18.3477,0.01980000000000004,0.1079,2952.0,8181.625,1.476,0.8,18.1692,3541.434,18.4157,3994.535,18.4483,3746.3346,18.3461,3393.871,18.482,3264.6003,19.8837,4824.9668,20.2172,8801.7788
20180119,002862.SZ,18.341,18.6451,17.9114,18.1097,18.3675,-0.2577999999999996,-1.4036,3229.35,8973.663,1.6147,0.91,18.1137,3653.704,18.3364,3695.969,18.4127,3687.5154,18.3316,3485.5543,18.4624,3162.5667,19.808,4784.7903,20.2083,8643.9934
20180122,002862.SZ,17.9841,18.1758,17.6867,17.9445,18.1097,-0.16519999999999868,-0.9122,3106.0,8393.073,1.553,0.85,18.1494,3382.904,18.2432,3612.269,18.3629,3718.1308,18.3121,3484.5543,18.4283,3131.588,19.7394,4729.1722,20.2016,8551.7552
20180123,002862.SZ,18.0436,18.2089,17.766,17.9643,17.9445,0.01980000000000004,0.1103,3112.0,8443.75,1.556,0.92,18.1467,3330.07,18.1428,3574.169,18.3212,3799.4385,18.3014,3532.3162,18.3884,3150.4547,19.6813,4650.0388,20.1954,8500.7218
20180124,002862.SZ,18.1097,18.3212,17.9114,18.2419,17.9643,0.2775999999999996,1.5453,5434.17,14936.351,2.7171,1.63,18.1256,3566.704,18.1533,3630.569,18.2704,3739.3738,18.3357,3682.3019,18.3752,3259.6937,19.6214,4675.2915,20.191,8473.6786
20180125,002862.SZ,18.1097,18.8764,18.1097,18.7046,18.2419,0.4626999999999981,2.5365,11261.01,31867.788,5.6305,3.16,18.193,5228.506,18.1811,4384.97,18.2572,4302.2977,18.3678,4016.969,18.3712,3543.094,19.563,4776.2747,20.1916,8473.1794
20180126,002862.SZ,18.4137,18.9425,18.0436,18.7574,18.7046,0.05280000000000129,0.2823,6705.84,19044.939,3.3529,1.28,18.3225,5923.804,18.2181,4788.754,18.2409,4549.4392,18.4002,4222.4629,18.3679,3692.4553,19.5095,4822.1387,20.1927,8446.5114
20180129,002862.SZ,18.7707,19.121,18.6715,18.8896,18.7574,0.13220000000000098,0.7048,6351.0,18200.639,3.1755,1.07,18.5116,6572.804,18.3305,4977.854,18.2988,4663.3492,18.4386,4389.0343,18.3697,3827.022,19.4695,4866.3887,20.1952,8409.5614
20180130,002862.SZ,18.8037,18.9095,18.6781,18.8367,18.8896,-0.05290000000000106,-0.28,3008.0,8569.968,1.504,0.46,18.686,6552.004,18.4164,4941.037,18.3304,4608.8108,18.4418,4329.0343,18.38,3858.2887,19.4199,4829.2053,20.1958,8359.0357
20180131,002862.SZ,18.8367,18.9689,18.1626,18.6385,18.8367,-0.19819999999999993,-1.0522,3379.0,9434.003,1.6895,0.52,18.7654,6140.97,18.4455,4853.837,18.3497,4663.5031,18.4449,4299.7486,18.3785,3895.2553,19.3604,4785.219,20.1957,8320.4584
20180201,002862.SZ,18.5063,18.5658,17.1844,18.2617,18.6385,-0.37679999999999936,-2.0216,5039.17,13754.243,2.5196,0.82,18.6768,4896.602,18.4349,5062.554,18.3878,4708.0546,18.4292,4410.7567,18.3734,4019.761,19.2931,4710.0688,20.1943,8304.4348
20180202,002862.SZ,17.9048,18.0965,17.4488,17.7132,18.2617,-0.5485000000000007,-3.0036,1121.17,3017.832,0.5606,0.23,18.4679,3779.668,18.3952,4851.736,18.3675,4534.5931,18.3914,4366.2886,18.3521,3952.9,19.2168,4659.4717,20.1929,8201.3436
20180205,002862.SZ,17.4289,17.9313,17.3893,17.7065,17.7132,-0.006700000000002149,-0.0378,1285.0,3412.425,0.6425,0.34,18.2313,2766.468,18.3714,4669.636,18.3182,4306.4392,18.3344,4131.5262,18.336,3925.4333,19.1356,4568.4217,20.1981,8133.0462
20180206,002862.SZ,17.3496,17.6801,16.074,17.1183,17.7065,-0.588199999999997,-3.3219,2901.47,7446.541,1.4507,1.05,17.8876,2745.162,18.2868,4648.583,18.2221,4302.5523,18.2507,4081.9295,18.3225,3946.0,19.0415,4513.9988,20.1961,8033.3463
20180207,002862.SZ,16.7416,17.3166,16.2789,17.0853,17.1183,-0.03300000000000125,-0.1928,1988.0,5075.873,0.994,0.72,17.577,2466.962,18.1712,4303.966,18.1433,4207.0638,18.161,4010.2629,18.291,3871.1667,18.9415,4435.4627,20.1918,7942.8529
20180208,002862.SZ,17.072,17.4025,16.7878,17.3893,17.0853,0.3039999999999985,1.7793,2402.86,6273.569,1.2014,0.97,17.4025,1939.7,18.0396,3418.151,18.1006,4152.9762,18.1255,3892.7719,18.2681,3871.5797,18.8321,4149.8923,20.1871,7850.6174
20180209,002862.SZ,17.2174,17.7264,16.8539,17.6471,17.3893,0.2577999999999996,1.4825,3465.16,9158.828,1.7326,1.79,17.3893,2408.498,17.9286,3094.083,18.0762,4180.1423,18.0883,3880.7795,18.2536,3891.985,18.7473,3904.7295,20.1857,7792.0938
20180212,002862.SZ,17.6074,18.0833,17.495,18.0436,17.6471,0.3965000000000032,2.2468,1907.0,5147.948,0.9535,0.79,17.4567,2532.898,17.844,2649.683,18.0609,3908.8215,18.0719,3844.5414,18.2293,3813.285,18.6926,3707.28,20.1882,7744.0756
20180213,002862.SZ,18.0767,18.4865,17.8321,18.427,18.0436,0.3833999999999982,2.1249,2732.0,7574.238,1.366,1.08,17.7185,2499.004,17.803,2622.083,18.0396,3252.7438,18.1034,3762.2557,18.2245,3771.2183,18.6571,3623.8133,20.1906,7672.8415
20180214,002862.SZ,18.2287,18.9689,18.2287,18.4534,18.427,0.02639999999999887,0.1433,1622.0,4521.639,0.811,0.65,17.9921,2425.804,17.7845,2446.383,18.0162,2861.6792,18.1261,3678.7238,18.2199,3735.0183,18.6291,3512.1758,20.1926,7590.2082
20180222,002862.SZ,18.7707,19.1606,18.4865,19.0879,18.4534,0.6345000000000027,3.4384,8336.0,23918.603,4.168,3.44,18.3318,3612.432,17.8672,2776.066,18.0314,3014.3715,18.1613,3873.2476,18.2393,3944.385,18.6096,3574.072,20.1968,7498.0317
20180223,002862.SZ,18.8632,19.0284,18.6385,18.8367,19.0879,-0.25120000000000076,-1.316,2973.0,8440.438,1.4865,0.82,18.5697,3514.0,17.9795,2961.249,18.0314,3011.6792,18.1837,3874.2476,18.2371,3836.318,18.5985,3546.1868,20.1976,7242.3042
20180226,002862.SZ,18.8434,19.5506,18.8434,19.5307,18.8367,0.6939999999999991,3.6843,5652.0,16591.046,2.826,1.61,18.8671,4263.0,18.1619,3397.949,18.1001,3186.5254,18.2513,3989.6119,18.2589,3893.2847,18.5825,3570.2368,20.1999,6968.0365
20180227,002862.SZ,19.5307,19.7951,19.2333,19.5043,19.5307,-0.02639999999999887,-0.1352,5687.86,16848.99,2.8439,1.33,19.0826,4854.172,18.4005,3676.588,18.1956,3236.4246,18.3256,4112.5576,18.2767,3966.4467,18.5683,3617.7678,20.1945,6730.4521
20180228,002862.SZ,19.4911,19.8282,19.0747,19.2994,19.5043,-0.20490000000000208,-1.0505,10930.17,32393.337,5.4651,2.25,19.2518,6715.806,18.6219,4570.805,18.3177,3990.9631,18.3892,4484.8514,18.3155,4168.4467,18.5533,3766.7207,20.184,6479.027
20180301,002862.SZ,19.4052,19.8215,19.0549,19.2994,19.2994,0.0,0.0,23301.17,68928.653,11.6506,3.47,19.2941,9708.84,18.8129,6660.636,18.4402,5684.5146,18.4396,5335.661,18.3446,4821.2523,18.5395,4099.9568,20.1628,6306.5574
20180302,002862.SZ,19.1342,19.5902,19.1342,19.4977,19.2994,0.1982999999999997,1.0275,22451.0,66239.745,11.2255,2.31,19.4263,13604.44,18.998,8559.22,18.6232,7188.3246,18.4773,5868.5176,18.3816,5480.6857,18.524,4415.8735,20.1435,6256.8938
20180305,002862.SZ,19.4977,21.3814,19.4118,20.3239,19.4977,0.8262,4.2374,20448.0,62309.03,10.224,1.5,19.5849,16563.64,19.226,10413.32,18.8723,8608.3246,18.5519,6522.9062,18.4668,6013.619,18.5246,4708.2735,20.1279,6206.4116
20180306,002862.SZ,20.3239,22.1414,20.0264,22.0423,20.3239,1.7184000000000026,8.4551,45484.85,145121.893,22.7424,2.75,20.0925,24523.038,19.5876,14688.605,19.2303,11922.3238,18.702,8386.4229,18.6023,7417.2417,18.5641,5393.4877,20.1315,6445.1063
20180307,002862.SZ,22.3265,22.3265,19.8414,19.9207,22.0423,-2.121600000000001,-9.6251,51659.98,156371.818,25.83,2.11,20.2168,32669.0,19.7343,19692.403,19.4052,15629.6177,18.7537,10703.1838,18.6548,8997.541,18.5767,6162.7707,20.1185,6808.1144
20180308,002862.SZ,19.121,19.4712,18.7707,18.9623,19.9207,-0.958400000000001,-4.8111,26190.0,75278.119,13.095,0.8,20.1494,33246.766,19.7217,21477.803,19.4758,17497.5408,18.7691,11789.4219,18.6746,9772.141,18.5783,6518.3707,20.0979,6968.9418
20180309,002862.SZ,18.85,19.1474,18.5724,18.883,18.9623,-0.07929999999999993,-0.4182,17374.98,49435.67,8.6875,0.52,20.0264,32231.562,19.7264,22918.001,19.5109,18623.9238,18.7987,12376.8414,18.7004,10243.662,18.5814,6703.1143,20.0783,7053.5666
20180312,002862.SZ,18.9557,19.6695,18.8896,19.2664,18.883,0.38340000000000174,2.0304,15954.15,46250.168,7.9771,0.49,19.8149,31332.792,19.6999,23948.216,19.5734,19726.3969,18.8726,13083.1738,18.7444,10671.9337,18.5864,6901.7608,20.0638,7115.7512
20180313,002862.SZ,19.035,19.3126,18.9689,19.1474,19.2664,-0.11899999999999977,-0.6177,12384.0,35828.183,6.192,0.4,19.236,24712.622,19.6643,24617.83,19.578,20037.7815,18.9412,13611.6976,18.7839,10981.0003,18.5861,7065.7275,20.0425,7135.1083
20180314,002862.SZ,19.0549,19.154,18.5658,18.6649,19.1474,-0.4825000000000017,-2.5199,10438.0,29756.723,5.219,0.42,18.9848,16468.226,19.6008,24568.613,19.5648,20612.0123,19.0149,13970.58,18.798,11147.7947,18.5866,7203.7442,20.0191,7115.3583
20180315,002862.SZ,18.5063,18.5063,17.6537,17.9841,18.6649,-0.6807999999999979,-3.6475,10145.0,27724.226,5.0725,0.62,18.7892,13259.226,19.4693,23252.996,19.4458,20957.6277,19.0577,14359.0086,18.774,11110.5943,18.5726,7326.8442,19.9901,7154.6083
20180316,002862.SZ,17.9841,18.1956,17.8453,17.8982,17.9841,-0.08590000000000231,-0.4776,4653.15,12721.568,2.3266,0.35,18.5922,10714.86,19.3093,21473.211,19.3223,20878.0346,19.0819,14466.1652,18.7453,11042.1713,18.5566,7367.3133,19.963,7135.2678
20180319,002862.SZ,17.8982,18.4798,17.8982,18.275,17.8982,0.37679999999999936,2.1052,7028.11,19465.966,3.5141,0.66,18.3939,8929.652,19.1044,20131.222,19.2435,20577.8762,19.1118,14635.8295,18.7248,11064.7417,18.5473,7445.8818,19.9402,7059.4941
20180320,002862.SZ,18.1824,18.7178,18.1824,18.612,18.275,0.33699999999999974,1.844,8806.0,24733.68,4.403,0.99,18.2868,8214.052,18.7614,16463.337,19.1906,19462.8631,19.1389,14964.3533,18.7173,11258.0083,18.5487,7558.1485,19.9218,7029.1524
20180321,002862.SZ,18.7773,19.1672,18.7574,18.7905,18.612,0.1785000000000032,0.9591,14099.0,40376.641,7.0495,1.72,18.312,8946.252,18.6484,12707.239,19.1362,18820.4015,19.1562,15505.639,18.7224,11615.3417,18.5505,7755.2985,19.9037,7086.0358
20180322,002862.SZ,18.8367,19.4712,18.8367,19.4646,18.7905,0.6740999999999993,3.5875,14822.0,43047.116,7.411,1.66,18.6081,9881.652,18.6986,11570.439,19.0701,18387.6323,19.2044,16134.2105,18.7625,11941.436,18.568,7980.5985,19.8893,7134.9888
20180323,002862.SZ,18.9557,19.1011,17.5215,18.9028,19.4646,-0.5618000000000016,-2.8863,15325.0,42315.3,7.6625,1.55,18.809,12016.022,18.7006,11365.441,18.8286,16067.6438,19.1955,16467.02,18.8022,12414.897,18.5771,8183.8985,19.8673,7173.4928
20180326,002862.SZ,17.0126,17.5744,17.0126,17.4289,18.9028,-1.4739000000000004,-7.7973,18418.0,47859.626,9.209,1.53,18.6398,14294.0,18.5168,11611.826,18.6369,13510.5685,19.1285,17202.4962,18.7929,12985.997,18.5644,8455.7152,19.8327,7264.1511
20180327,002862.SZ,17.4289,17.8387,17.1844,17.5479,17.4289,0.11899999999999977,0.6828,18567.0,49219.248,9.2835,1.3,18.4269,16246.2,18.3569,12230.126,18.5281,12924.1838,19.0341,17817.4962,18.8072,13508.1813,18.5649,8727.0907,19.7974,7329.2511
20180328,002862.SZ,17.3761,17.614,16.9597,16.9861,17.5479,-0.5617999999999981,-3.2015,11502.0,30108.326,5.751,0.71,18.0661,15726.8,18.189,12336.526,18.3822,12472.4162,18.9142,18094.36,18.8039,13825.3147,18.5475,8848.2407,19.7668,7348.4594
20180329,002862.SZ,17.1778,17.4157,17.0456,17.3364,16.9861,0.3503000000000007,2.0623,7986.0,20845.003,3.993,0.51,17.6404,14359.6,18.1242,12120.626,18.2338,11859.4815,18.8207,17954.1614,18.8022,14011.4193,18.5351,8941.4995,19.734,7354.4094
20180330,002862.SZ,17.5479,18.0436,17.3827,17.5942,17.3364,0.2577999999999996,1.487,13025.38,34822.388,6.5127,0.91,17.3787,13899.676,18.0938,12957.849,18.1143,11908.8185,18.7395,17464.8381,18.8004,14330.0933,18.527,9111.0392,19.7043,7434.2752
20180402,002862.SZ,17.4884,17.7726,17.4223,17.6008,17.5942,0.006599999999998829,0.0375,10764.0,28564.085,5.382,0.77,17.4131,12368.876,18.0264,13331.438,18.0324,11933.8954,18.6492,16908.3143,18.7856,14625.3267,18.5075,9219.3058,19.6748,7501.2418
20180403,002862.SZ,17.4223,17.5479,17.2373,17.3827,17.6008,-0.21809999999999974,-1.2391,8139.0,21419.732,4.0695,0.66,17.38,10283.276,17.9035,13264.738,17.9862,11779.5877,18.5091,16322.1714,18.7508,14805.56,18.4877,9288.3892,19.6417,7542.9002
20180404,002862.SZ,17.581,17.6801,17.3827,17.4356,17.3827,0.05290000000000106,0.3043,8731.0,23160.366,4.3655,0.85,17.4699,9729.076,17.768,12727.938,17.9506,12093.2685,18.2897,14571.9881,18.7169,15042.5267,18.4684,9388.7725,19.5973,7530.5835
20180409,002862.SZ,17.2902,17.6074,17.0853,17.5479,17.4356,0.11229999999999762,0.6441,8312.99,21935.686,4.1565,0.85,17.5122,9794.474,17.5763,12077.037,17.8946,12192.1054,18.1767,12507.8457,18.6656,15041.7597,18.4524,9493.0723,19.5588,7499.8501
20180410,002862.SZ,17.5149,17.6867,17.1447,17.3562,17.5479,-0.19169999999999732,-1.0924,7736.0,20377.915,3.868,0.79,17.4646,8736.598,17.4217,11318.137,17.798,12109.7977,18.1003,11629.0838,18.6162,15200.5263,18.4266,9518.4222,19.5161,7490.6918
20180411,002862.SZ,17.2902,17.8189,17.2902,17.7462,17.3562,0.39000000000000057,2.247,10789.1,28791.574,5.3946,1.23,17.4937,8741.618,17.4534,10555.247,17.7177,11855.19,18.0461,11315.4705,18.5567,15371.763,18.4078,9632.5238,19.4656,7439.2677
20180412,002862.SZ,17.7991,18.3939,17.581,18.3741,17.7462,0.6278999999999968,3.5382,18622.72,50861.51,9.3114,2.13,17.692,10838.362,17.536,10560.819,17.6338,12147.5531,18.0036,11442.5452,18.5191,15802.925,18.3979,9884.6858,19.4231,7474.5238
20180413,002862.SZ,17.9247,18.3741,17.6801,18.2551,18.3741,-0.11899999999999977,-0.6477,15415.73,41912.498,7.7079,1.42,17.8559,12175.308,17.6629,10952.192,17.584,12154.5323,17.9612,11586.9133,18.4842,15952.4437,18.3999,10060.4452,19.3792,7557.1798
20180416,002862.SZ,18.308,18.308,17.7859,17.8453,18.2551,-0.40979999999999706,-2.2449,6433.73,17464.571,2.0647,0.53,17.9154,11799.456,17.7138,10796.965,17.616,11232.6654,17.9221,11396.2338,18.4358,15390.1957,18.3902,10105.724,19.333,7561.2693
20180417,002862.SZ,17.6735,18.0635,16.8077,16.9795,17.8453,-0.8658000000000001,-4.8517,7521.0,19716.644,2.4137,0.64,17.84,11756.456,17.6523,10246.527,17.5723,10382.9731,17.8743,11271.2814,18.3518,14892.529,18.3667,10186.6073,19.2855,7575.3526
20180418,002862.SZ,17.1844,17.2373,16.3847,16.8605,16.9795,-0.11900000000000333,-0.7008,6005.0,15208.6,1.9272,0.51,17.6629,10799.636,17.5783,9770.627,17.5627,9960.1269,17.8249,11335.6552,18.2364,14411.0957,18.3516,10212.3573,19.2317,7572.3693
20180419,002862.SZ,16.8804,17.0126,16.7416,16.8011,16.8605,-0.05939999999999657,-0.3523,3979.0,10140.088,1.277,0.37,17.3483,7870.892,17.5201,9354.627,17.5215,9651.8962,17.7547,11190.4595,18.0617,13027.5673,18.332,10222.4045,19.1767,7583.3455
20180420,002862.SZ,16.8143,16.8143,16.1203,16.2525,16.8011,-0.5486000000000004,-3.2653,4329.0,10754.2,1.3893,0.55,16.9478,5653.546,17.4018,8914.427,17.4183,8982.9438,17.6423,10977.269,17.9394,11449.868,18.2971,10223.7045,19.1262,7569.9773
20180423,002862.SZ,16.2525,16.3913,16.1203,16.2921,16.2525,0.03960000000000008,0.2437,2383.0,5864.807,0.7648,0.42,16.6371,4843.4,17.2763,8321.428,17.3176,8338.2515,17.5234,10419.3643,17.8504,10656.3013,18.2625,10214.2212,19.0731,7519.594
20180424,002862.SZ,16.4574,16.8539,16.3384,16.7548,16.2921,0.4626999999999981,2.84,4038.0,10197.885,1.2959,0.83,16.5922,4146.8,17.2161,7951.628,17.2693,8022.79,17.3943,9905.8405,17.7795,10211.7353,18.2399,10227.6987,19.024,7506.2445
20180425,002862.SZ,16.649,16.9531,16.6028,16.7878,16.7548,0.03300000000000125,0.197,3305.0,8396.972,1.0607,0.8,16.5777,3606.8,17.1203,7203.218,17.2195,7605.4054,17.2936,9333.4595,17.6968,9790.097,18.2206,10231.0153,18.98,7480.0938
20180426,002862.SZ,16.5499,16.8539,16.2723,16.3516,16.7878,-0.4361999999999995,-2.5983,3027.0,7567.665,0.9714,0.84,16.4878,3416.4,16.918,5643.646,17.1274,7198.7908,17.2423,8600.5548,17.6036,9478.197,18.1938,10229.5987,18.9375,7439.8188
20180427,002862.SZ,16.2789,16.4706,16.1335,16.2723,16.3516,-0.07929999999999993,-0.485,2346.0,5786.969,0.7529,0.69,16.4917,3019.8,16.7197,4336.673,17.0441,6784.1754,17.1816,7828.1262,17.5239,9208.4637,18.1609,10178.1292,18.8912,7426.7103
20180502,002862.SZ,16.2987,16.4309,15.651,15.7303,16.2723,-0.5420000000000016,-3.3308,4406.0,10621.099,1.414,1.46,16.3794,3424.4,16.5082,4133.9,16.889,6293.1677,17.1218,7490.2214,17.4488,9017.1637,18.1114,10063.879,18.8372,7420.0768
20180503,002862.SZ,15.77,16.8804,14.9438,16.6887,15.7303,0.958400000000001,6.0927,8284.0,20298.218,2.6585,2.42,16.3661,4273.6,16.4792,4210.2,16.7594,5497.8815,17.0909,7504.4119,17.4085,9138.192,18.0769,10090.1817,18.7932,7456.1602
20180504,002862.SZ,16.3318,16.4838,16.1071,16.1071,16.6887,-0.5816000000000017,-3.485,4325.0,10680.342,1.388,1.01,16.23,4477.6,16.4038,4042.2,16.5941,4644.7485,17.0201,7090.1081,17.3362,9048.0883,18.0305,10056.415,18.75,7461.4018
20180507,002862.SZ,16.1137,16.5763,16.1137,16.4045,16.1071,0.29739999999999966,1.8464,3287.84,8153.803,1.0551,0.73,16.2406,4529.768,16.3642,3973.084,16.4833,4402.7569,16.9631,6734.1005,17.2626,8864.1497,17.99,10061.079,18.7049,7445.1422
20180508,002862.SZ,16.7548,16.7548,16.464,16.7217,16.4045,0.3171999999999997,1.9336,4507.0,11350.19,1.4464,0.99,16.3305,4961.968,16.4111,3990.884,16.4635,4170.9108,16.9317,6561.1481,17.1936,8544.4163,17.958,10079.879,18.6592,7432.549
20180509,002862.SZ,16.6887,17.1183,16.6424,16.8011,16.7217,0.07940000000000325,0.4748,4776.0,12192.677,1.5327,0.96,16.5446,5035.968,16.462,4230.184,16.4589,4076.3723,16.9014,6372.8148,17.1049,8209.5497,17.9337,10075.4928,18.6134,7392.7808
20180510,002862.SZ,16.9729,17.0853,16.7878,16.9399,16.8011,0.1387999999999998,0.8261,3453.73,8847.686,1.1084,0.69,16.5949,4069.914,16.4805,4171.757,16.4696,4035.9669,16.8725,6141.4214,17.0394,7813.8407,17.9208,10114.3688,18.5688,7386.9203
20180511,002862.SZ,16.9332,17.3761,16.5697,16.7151,16.9399,-0.2248000000000019,-1.327,5917.0,15230.598,1.8989,1.45,16.7165,4388.314,16.4732,4432.957,16.5052,4158.1208,16.842,6054.8024,17.0156,7397.1407,17.9043,10191.5688,18.5199,7379.9953
20180514,002862.SZ,16.7085,16.9002,15.195,16.3582,16.7151,-0.35689999999999955,-2.1352,3983.0,9957.956,1.2782,0.91,16.7072,4527.346,16.4739,4528.557,16.5102,4281.1977,16.7759,5730.7024,16.976,6911.0073,17.8916,10209.5943,18.4666,7361.7966
20180515,002862.SZ,16.4375,16.8738,16.4375,16.7878,16.3582,0.42960000000000065,2.6262,3567.0,9005.806,1.1447,0.79,16.7204,4339.346,16.5254,4650.657,16.5128,4244.9669,16.7003,5013.7633,16.9694,6646.5073,17.8866,10235.911,18.4141,7335.6868
20180516,002862.SZ,16.7878,16.9399,16.5962,16.6689,16.7878,-0.1189,-0.7083,3283.0,8321.776,1.0536,0.76,16.694,4040.746,16.6193,4538.357,16.5036,4243.2746,16.6248,4436.0143,16.9471,6489.7407,17.8746,10250.58,18.3534,7200.2362
20180517,002862.SZ,16.768,16.768,16.5962,16.6689,16.6689,0.0,0.0,3234.0,8149.416,1.0379,0.8,16.6398,3996.8,16.6173,4033.357,16.528,4259.1977,16.5688,4283.6462,16.9163,6163.3613,17.8583,10246.7273,18.3028,7075.7284
20180518,002862.SZ,16.7085,16.768,16.497,16.6755,16.6689,0.006599999999998829,0.0396,4898.0,12323.211,1.5719,1.23,16.6319,3793.0,16.6742,4090.657,16.5591,4455.5054,16.5543,4158.7414,16.8854,5967.828,17.8355,10296.5773,18.264,7001.9287
20180521,002862.SZ,16.6755,17.158,16.6755,17.1381,16.6755,0.4626000000000019,2.7741,5274.67,13551.392,1.6928,1.39,16.7878,4051.334,16.7475,4289.34,16.6673,4522.3262,16.5675,4123.9638,16.8773,5872.3503,17.814,10338.9552,18.2356,6981.3843
20180522,002862.SZ,17.4289,17.9511,17.4289,17.766,17.1381,0.6278999999999968,3.6638,12133.67,32506.235,3.894,2.99,16.9835,5764.668,16.8519,5052.007,16.7502,4818.4546,16.6135,4512.2814,16.8883,5985.7727,17.8026,10514.1497,18.2158,7013.1628
20180523,002862.SZ,17.4356,17.7132,17.2373,17.3959,17.766,-0.3700999999999972,-2.0832,6948.4,18292.466,2.2299,1.21,17.1289,6497.748,16.9114,5269.247,16.8494,5020.2546,16.6679,4637.0148,16.8832,5940.2863,17.7744,10491.023,18.192,7032.5475
20180524,002862.SZ,17.2637,17.4289,17.1976,17.2108,17.3959,-0.18510000000000204,-1.064,4585.0,11993.965,1.4714,0.71,17.2373,6767.948,16.9385,5382.374,16.9114,5120.0362,16.7117,4741.8719,16.8784,5835.253,17.7473,10517.8897,18.1729,7032.0383
20180525,002862.SZ,17.158,17.4488,16.92,17.3562,17.2108,0.1454000000000022,0.8448,4994.0,12974.567,1.6027,0.74,17.3734,6787.148,17.0026,5290.074,16.9602,5157.4977,16.7403,4787.3957,16.8654,5642.083,17.7111,10506.923,18.1468,7038.5799
20180528,002862.SZ,17.0588,17.4884,17.0588,17.4289,17.3562,0.07269999999999754,0.4189,5364.0,14019.378,1.7214,0.79,17.4316,6805.014,17.1097,5428.174,17.0085,5202.7285,16.7708,4885.4433,16.8339,5200.1257,17.6765,10501.5253,18.1224,7059.6466
20180529,002862.SZ,17.4488,18.0106,17.2373,17.4356,17.4289,0.006700000000002149,0.0384,7262.02,19377.342,2.3306,1.07,17.3655,5830.684,17.1745,5797.676,17.0466,5495.6738,16.8225,5087.111,16.8066,4928.3353,17.6454,10440.3895,18.0994,7103.5551
20180530,002862.SZ,17.0522,17.0522,15.7832,15.9881,17.4356,-1.4475000000000016,-8.302,7155.0,17766.587,2.2962,1.23,17.0839,5872.004,17.1064,6184.876,16.9907,5590.9046,16.8089,5316.111,16.7447,4952.3777,17.5902,10171.2867,18.0649,7135.6218
20180531,002862.SZ,16.4375,16.4375,16.0608,16.3252,15.9881,0.3370999999999995,2.1084,3538.73,8707.356,1.1357,0.6,16.9068,5662.75,17.072,6215.349,16.9881,5556.73,16.8372,5274.8124,16.7228,4819.6353,17.5373,9856.0822,18.0307,7135.9778
20180601,002862.SZ,16.4375,16.8539,16.1467,16.2128,16.3252,-0.11239999999999739,-0.6885,5149.58,12834.246,1.6526,0.91,16.6781,5693.866,17.0258,6240.507,16.9439,5678.4669,16.8146,5125.5543,16.7013,4791.1213,17.4688,9601.1085,17.9967,7154.691
20180604,002862.SZ,16.2921,16.4838,15.77,15.9484,16.2128,-0.26440000000000197,-1.6308,5364.0,12963.447,1.7214,0.94,16.382,5693.866,16.9068,6249.44,16.8885,5838.5438,16.807,5175.0305,16.6728,4837.288,17.3673,8932.4277,17.9657,7162.9577
20180605,002862.SZ,15.9484,16.3847,15.8625,16.2723,15.9484,0.32390000000000185,2.0309,7856.0,19128.942,2.5212,1.38,16.1494,5812.662,16.7574,5821.673,16.858,6194.0823,16.8007,5392.5619,16.6735,4954.8547,17.3064,8202.3613,17.9416,7182.566
20180606,002862.SZ,16.4243,16.5169,16.2062,16.5169,16.2723,0.24459999999999837,1.5032,6855.84,17015.809,2.2002,1.18,16.2551,5752.83,16.6695,5812.417,16.8458,6344.6854,16.791,5504.4114,16.681,5103.9493,17.2657,7880.1253,17.922,7199.248
20180607,002862.SZ,16.5235,16.5697,16.041,16.1269,16.5169,-0.39000000000000057,-2.3612,5235.0,12876.338,1.68,0.91,16.2155,6092.084,16.5611,5877.417,16.768,6341.6338,16.7589,5526.2686,16.6601,5143.8493,17.2198,7677.7923,17.9006,7190.4533
20180608,002862.SZ,16.0608,16.1005,15.6378,15.8559,16.1269,-0.270999999999999,-1.6804,5441.0,13043.588,1.7461,0.89,16.1441,6150.368,16.4111,5922.117,16.6211,5826.8131,16.7073,5620.9005,16.629,5215.0493,17.1629,7502.5732,17.8746,7202.167
20180611,002862.SZ,15.7039,16.193,15.6642,15.7039,15.8559,-0.15199999999999925,-0.9586,4721.0,11345.366,1.5151,0.77,16.0952,6021.768,16.2386,5857.817,16.4909,5655.4746,16.6591,5563.9481,16.6074,5271.516,17.1055,7374.8565,17.8458,7220.292
20180612,002862.SZ,15.8427,15.8427,15.3206,15.7237,15.7039,0.019799999999998263,0.1261,4593.0,10846.215,1.474,0.76,15.9855,5369.168,16.0674,5590.915,16.3765,5656.09,16.6289,5592.9957,16.5891,5346.416,17.0565,7277.4398,17.8215,7240.592
20180613,002862.SZ,15.7311,15.7311,15.0549,15.0616,15.7311,-0.6694999999999993,-4.2559,5945.0,13749.139,1.9079,1.11,15.6944,5187.0,15.9748,5469.915,16.2,5729.2438,16.5467,5706.2338,16.5668,5397.716,17.0078,7207.4398,17.7902,7267.142
20180614,002862.SZ,14.803,15.2803,14.7898,15.1146,15.0616,0.05299999999999905,0.3519,2550.0,5819.543,0.8184,0.49,15.4919,4650.0,15.8537,5371.042,16.022,5512.7823,16.4727,5671.329,16.5144,5206.5827,16.9614,7172.3873,17.759,7269.8503
20180615,002862.SZ,15.0616,15.2406,14.1733,14.1733,15.1146,-0.9413,-6.2278,6363.85,14032.95,2.0423,1.37,15.1554,4834.57,15.6497,5492.469,15.771,5443.6923,16.3538,5820.3695,16.4499,5274.5443,16.893,7161.3163,17.7201,7303.5991
20180619,002862.SZ,13.9213,13.9213,12.7546,12.7546,14.1733,-1.4186999999999994,-10.0097,6276.0,12568.67,2.0141,1.3,14.5656,5145.57,15.3304,5583.669,15.5223,5376.0769,16.1671,5885.9886,16.3282,5374.1497,16.7954,7119.1497,17.6721,7338.6491
20180620,002862.SZ,12.7148,13.3844,12.5292,13.0927,12.7546,0.33810000000000073,2.6508,4958.0,9745.099,1.5911,0.96,14.0394,5218.57,15.0124,5293.869,15.2737,5485.2515,15.9745,5870.909,16.2073,5389.183,16.7005,6966.7997,17.6255,7361.0491
20180621,002862.SZ,13.2319,13.5766,12.6485,13.4838,13.0927,0.3910999999999998,2.9872,7214.58,14287.168,2.3153,1.38,13.7238,5472.486,14.7091,5329.743,15.0637,5644.0977,15.7706,5636.6667,16.0967,5470.469,16.6008,6840.0093,17.5844,7410.3039
20180622,002862.SZ,13.2584,14.213,13.0596,14.0075,13.4838,0.5236999999999998,3.8839,10842.97,22635.367,3.4798,1.98,13.5024,7131.08,14.4972,5890.54,14.9144,6065.5569,15.6092,5822.1224,15.9989,5716.777,16.5192,6765.3088,17.5481,7474.6037
20180625,002862.SZ,13.8882,14.1269,13.57,13.5899,14.0075,-0.4176000000000002,-2.9813,5143.0,10668.552,1.6505,0.72,13.3857,6886.91,14.2706,5860.74,14.7081,5856.8646,15.4368,5848.6938,15.8948,5690.977,16.4552,6544.0588,17.5098,7499.887
20180626,002862.SZ,13.6297,13.8816,13.2783,13.7225,13.5899,0.13260000000000005,0.9757,3136.0,6457.133,1.0064,0.46,13.5793,6258.91,14.0724,5702.24,14.4931,5570.7231,15.2638,5760.2176,15.8069,5662.7437,16.3914,6286.8755,17.4782,7506.9831
20180627,002862.SZ,13.6297,13.7888,13.5899,13.6098,13.7225,-0.11270000000000024,-0.8213,2919.0,6038.303,0.9368,0.47,13.6827,5851.11,13.861,5534.84,14.2995,5392.5692,15.0819,5643.789,15.701,5641.1437,16.3352,6143.8255,17.4413,7496.0331
20180628,002862.SZ,13.6761,13.7622,13.3115,13.3115,13.6098,-0.29829999999999934,-2.1918,3287.97,6750.755,1.0552,0.56,13.6482,5065.788,13.686,5269.137,14.1038,5226.9515,14.8855,5454.5486,15.5891,5641.3093,16.2681,6065.525,17.4016,7503.5123
20180629,002862.SZ,13.3778,13.9147,13.3247,13.7225,13.3115,0.4109999999999996,3.0876,3622.82,7448.588,1.1627,0.72,13.5912,3621.758,13.5468,5376.419,13.9514,5142.4762,14.7776,5286.3495,15.4908,5654.27,16.2036,5908.8157,17.3653,7509.9274
20180702,002862.SZ,13.7225,13.8816,13.2982,13.4904,13.7225,-0.23210000000000086,-1.6914,3063.0,6270.359,0.983,0.85,13.5713,3205.758,13.4785,5046.334,13.7796,5024.7838,14.6426,5263.6957,15.3847,5593.1033,16.1351,5780.4657,17.3213,7499.8858
20180703,002862.SZ,13.3247,13.8617,13.2916,13.7622,13.4904,0.2718000000000007,2.0148,4057.0,8364.134,1.302,1.27,13.5793,3389.958,13.5793,4824.434,13.6796,4879.5531,14.5259,5211.6681,15.2721,5552.5143,16.0747,5712.4323,17.2812,7500.4108
20180704,002862.SZ,13.6164,13.7755,13.159,13.2584,13.7622,-0.5038,-3.6608,4622.83,9334.509,1.4836,1.36,13.509,3730.724,13.5958,4790.917,13.5369,5039.0015,14.3979,5176.3743,15.1219,5302.153,16.0051,5643.9628,17.2367,7516.3677
20180705,002862.SZ,13.159,13.391,12.7016,12.854,13.2584,-0.40440000000000076,-3.0501,3416.0,6751.465,1.0963,0.92,13.4175,3756.33,13.5329,4411.059,13.4354,4812.2438,14.2351,4964.9457,14.9705,5184.4063,15.9269,5562.3463,17.1896,7527.7093
20180706,002862.SZ,12.9137,13.1524,12.6287,13.0065,12.854,0.15250000000000163,1.1864,3895.0,7572.678,1.25,1.04,13.2743,3810.766,13.4328,3716.262,13.4547,4629.09,14.0679,4823.9533,14.8304,5161.4063,15.8544,5498.3297,17.1405,7508.3759
20180709,002862.SZ,13.0463,13.3115,13.0397,13.2584,13.0065,0.2518999999999991,1.9367,1956.0,3901.252,0.6277,0.51,13.2279,3589.366,13.3996,3397.562,13.4675,4398.1669,13.9313,4667.8105,14.6938,5060.1397,15.7796,5351.1113,17.0937,7491.8176
20180710,002862.SZ,13.2584,13.4573,13.1325,13.3778,13.2584,0.11940000000000062,0.9006,3226.83,6471.211,1.0356,0.9,13.151,3423.332,13.3651,3406.645,13.4593,4091.4169,13.8133,4562.3738,14.5587,4988.9007,15.6963,5094.5132,17.0471,7489.5995
20180711,002862.SZ,13.3579,13.3579,12.7148,12.8673,13.3778,-0.5105000000000004,-3.816,2925.85,5730.842,0.939,0.85,13.0728,3083.936,13.2909,3407.33,13.3716,3482.4077,13.6782,4476.8905,14.4064,4844.3617,15.6065,4886.3485,17.0032,7473.3968
20180712,002862.SZ,13.1921,13.3976,12.9469,13.2783,12.8673,0.4109999999999996,3.1941,3690.0,7361.96,1.1842,1.2,13.1577,3138.736,13.2876,3447.533,13.3477,3370.6385,13.5618,4433.8905,14.3161,4728.8617,15.5304,4840.6197,16.9603,7473.1718
20180713,002862.SZ,13.3711,13.4904,13.2385,13.3579,13.2783,0.079600000000001,0.5995,3390.0,6828.694,1.0879,1.08,13.2279,3037.736,13.2511,3424.251,13.3196,3390.1769,13.4807,4312.2238,14.2172,4723.904,15.47,4771.7697,16.9184,7479.1885
20180716,002862.SZ,13.2717,13.4507,13.2187,13.338,13.3579,-0.019900000000001583,-0.149,1950.0,3913.835,0.6258,0.64,13.2439,3036.536,13.2359,3312.951,13.2987,3315.6385,13.3961,4283.6524,14.1214,4617.2513,15.4113,4704.1863,16.8815,7458.2718
20180717,002862.SZ,13.3313,13.3579,12.927,13.3115,13.338,-0.026499999999998636,-0.1987,2564.0,5098.749,0.8228,0.84,13.2306,2903.97,13.1908,3163.651,13.2987,3259.9485,13.355,4102.7071,14.0335,4523.918,15.3532,4680.603,16.8426,7451.5038
20180718,002862.SZ,13.3181,13.5634,13.1722,13.1789,13.3115,-0.13260000000000005,-0.9961,5175.0,10411.623,1.6608,1.78,13.2929,3353.8,13.1829,3218.868,13.2569,3379.3469,13.3752,4050.2786,13.9304,4434.5513,15.3019,4694.703,16.7995,7459.2038
20180719,002862.SZ,13.2916,13.2916,12.7347,12.8607,13.1789,-0.3182000000000009,-2.4145,4902.0,9561.622,1.5732,1.46,13.2094,3596.2,13.1835,3367.468,13.2085,3520.8085,13.3642,4047.6119,13.8085,4369.4233,15.2447,4736.6863,16.7536,7475.4538
20180720,002862.SZ,12.854,13.2518,12.801,13.1325,12.8607,0.2718000000000007,2.1134,3993.0,7810.129,1.2815,1.11,13.1643,3716.8,13.1961,3377.268,13.16,3515.8854,13.3475,3894.2033,13.7087,4328.0233,15.1844,4735.9363,16.7121,7481.8175
20180723,002862.SZ,13.1391,13.2518,13.0131,13.1656,13.1325,0.03309999999999924,0.252,3227.0,6389.674,1.0356,0.87,13.1298,3972.2,13.1868,3504.368,13.1529,3408.5138,13.3074,3531.5381,13.619,4254.2233,15.124,4734.6363,16.6723,7482.8258
20180724,002862.SZ,13.2584,13.4971,13.0927,13.4242,13.1656,0.2586000000000013,1.9642,3570.0,7209.843,1.1457,0.9,13.1524,4173.4,13.1915,3538.685,13.1967,3420.36,13.2995,3456.6333,13.543,4215.8567,15.0752,4743.6863,16.6345,7486.6425
20180725,002862.SZ,13.4573,13.6562,13.3579,13.444,13.4242,0.01980000000000004,0.1475,4881.0,9935.597,1.5664,1.17,13.2054,4114.6,13.2492,3734.2,13.2304,3496.2062,13.2862,3539.7286,13.467,4225.4567,15.0281,4785.9363,16.5945,7482.0328
20180726,002862.SZ,13.444,13.5634,13.3778,13.4971,13.444,0.053099999999998815,0.395,4479.0,9104.664,1.4374,1.09,13.3327,4030.0,13.271,3813.1,13.2488,3690.2831,13.2808,3614.0143,13.4149,4176.59,14.9908,4787.153,16.5511,7425.516
20180727,002862.SZ,13.6429,13.6562,13.3778,13.4507,13.4971,-0.04640000000000022,-0.3438,3440.0,7020.158,1.104,0.85,13.3963,3919.4,13.2803,3818.1,13.2544,3706.6808,13.2875,3621.2538,13.3594,4206.2567,14.9369,4706.4197,16.5069,7398.3007
20180730,002862.SZ,13.3778,13.4904,13.0596,13.1192,13.4507,-0.33150000000000013,-2.4646,2634.0,5277.989,0.8453,0.67,13.387,3800.8,13.2584,3886.5,13.2737,3684.2308,13.2587,3574.1671,13.3243,4081.9283,14.8871,4678.2363,16.4588,7367.3257
20180731,002862.SZ,13.8816,14.4318,13.8816,14.4318,13.1192,1.3126000000000015,10.0052,30922.09,67095.529,9.9236,8.14,13.5886,9271.218,13.3705,6722.309,13.3625,5779.0069,13.3036,4900.7905,13.3802,4903.4647,14.8542,5138.8072,16.4221,7599.9431
20180801,002862.SZ,13.4573,14.5047,13.4573,14.4517,14.4318,0.019899999999999807,0.1379,33390.06,71111.797,10.7157,3.6,13.7901,14973.03,13.4977,9543.815,13.4466,8086.7038,13.3364,6297.6029,13.4255,5851.2,14.8164,5620.1915,16.3872,7850.0353
20180802,002862.SZ,13.9876,14.3456,13.6297,14.1534,14.4517,-0.2983000000000011,-2.0641,18522.15,39142.103,5.9442,1.24,13.9214,17781.66,13.627,10905.83,13.5093,9361.4846,13.379,6959.4752,13.4478,6228.119,14.7722,5849.294,16.353,7962.3934
20180803,002862.SZ,14.0142,14.4517,13.4772,13.5435,14.1534,-0.6098999999999997,-4.3092,14454.0,30051.173,4.6386,0.81,13.9399,19984.46,13.6681,11951.93,13.5272,10276.1,13.4119,7485.0943,13.4323,6348.4867,14.7156,6032.6318,16.3182,8073.5003
20180806,002862.SZ,13.5302,13.5302,12.1911,12.1911,13.5435,-1.3523999999999994,-9.9856,19152.36,36253.559,6.1465,0.96,13.7543,23288.132,13.5707,13544.466,13.4512,11351.2815,13.373,8211.6352,13.3857,6815.4653,14.6402,6253.2212,16.2723,8222.395
20180807,002862.SZ,12.1911,12.3635,11.7072,12.2906,12.1911,0.09949999999999903,0.8162,11941.31,21835.57,3.8323,0.51,13.3261,19491.976,13.4573,14381.597,13.4073,11892.7669,13.3269,8687.1262,13.338,7108.9757,14.5724,6385.8597,16.232,8297.727
20180808,002862.SZ,12.264,12.3038,11.8199,11.8928,12.2906,-0.39780000000000015,-3.2366,8657.67,15740.612,2.7785,0.44,12.8143,14545.498,13.3022,14759.264,13.312,12251.5877,13.2562,8945.7376,13.2808,7300.2647,14.4909,6470.7042,16.1888,8353.3076
20180809,002862.SZ,11.8928,12.2442,11.674,12.158,11.8928,0.2652000000000001,2.2299,6825.0,12487.41,2.1903,0.47,12.4152,12206.068,13.1683,14993.864,13.2345,12528.3569,13.2225,9131.4114,13.2423,7418.1657,14.4157,6529.7375,16.1452,8390.1588
20180810,002862.SZ,12.0652,12.5292,12.0055,12.3502,12.158,0.1921999999999997,1.5809,5240.0,9712.532,1.6816,0.43,12.1765,10363.268,13.0582,15173.864,13.1519,12656.8185,13.1783,9205.221,13.1966,7472.0717,14.3437,6563.1708,16.101,8404.9491
20180813,002862.SZ,12.264,12.4099,11.9989,12.3635,12.3502,0.013300000000000978,0.1077,4213.28,7789.479,1.3521,0.41,12.211,7375.452,12.9827,15331.792,13.0687,12605.4554,13.1309,9244.4248,13.159,7510.4143,14.2718,6551.7588,16.0537,8424.1681
20180814,002862.SZ,12.3303,13.0927,12.3303,12.5955,12.3635,0.23199999999999932,1.8765,7678.24,14704.749,2.4641,1.04,12.272,6522.838,12.799,13007.407,12.9994,12851.5508,13.0955,9517.1981,13.1201,7631.1223,14.1961,6591.8183,16.0051,8465.3868
20180815,002862.SZ,12.4696,12.5358,11.9657,12.158,12.5955,-0.4375,-3.4735,5387.0,9970.436,1.7288,0.83,12.325,5868.704,12.5697,10207.101,12.8999,13001.32,13.0406,9651.6267,13.0834,7656.5947,14.1027,6479.3738,15.9526,8496.7618
20180816,002862.SZ,12.0519,12.7215,11.7072,12.4828,12.158,0.32479999999999976,2.6715,12652.0,23825.34,4.0603,2.16,12.39,7034.104,12.4026,9620.086,12.851,13771.9354,13.0075,10007.6743,13.0711,7964.4613,14.0208,6574.4338,15.8976,8532.7284
20180817,002862.SZ,12.7281,13.2253,12.516,12.6684,12.4828,0.18560000000000088,1.4868,13904.0,26812.322,4.4621,1.98,12.4536,8766.904,12.3151,9565.086,12.7153,12462.8515,12.9983,10436.341,13.0598,8298.0947,13.9451,6729.7505,15.8462,8623.8201
20180820,002862.SZ,12.3834,12.5557,11.853,12.3767,12.6684,-0.2917000000000005,-2.3026,7539.0,13903.791,2.4194,0.86,12.4563,9432.048,12.3336,8403.75,12.5557,10474.3085,12.9623,10605.1981,13.0304,8484.1947,13.8621,6772.1672,15.7866,8639.5451
20180821,002862.SZ,12.337,12.4696,12.0652,12.3303,12.3767,-0.04640000000000022,-0.3749,4011.0,7421.848,1.2872,0.43,12.4032,8698.6,12.3376,7610.719,12.4155,9358.0662,12.9225,10642.5314,12.9955,8510.3337,13.7771,6749.6172,15.7268,8625.5713
20180822,002862.SZ,12.3104,12.3104,11.9525,12.0652,12.3303,-0.26509999999999856,-2.15,2724.18,4982.855,0.8743,0.31,12.3847,8166.036,12.3549,7017.37,12.3018,8455.7723,12.8578,10602.2543,12.9687,8503.6113,13.6876,6673.9865,15.6665,8557.188
20180823,002862.SZ,12.0121,12.1911,12.0121,12.0983,12.0652,0.03309999999999924,0.2743,2109.18,3854.2,0.6769,0.26,12.3078,6057.472,12.3489,6545.788,12.2946,7144.7585,12.7938,10470.2629,12.9294,8450.9173,13.6228,6589.8895,15.6065,8380.5881
20180824,002862.SZ,12.158,12.1911,12.0453,12.0983,12.0983,0.0,0.0,2565.18,4682.743,0.8232,0.42,12.1938,3789.708,12.3237,6278.306,12.2798,6423.5177,12.7271,10379.1286,12.8874,8423.4233,13.5523,6573.6637,15.5448,8214.8729
20180827,002862.SZ,12.0983,12.3701,12.0917,12.2972,12.0983,0.19890000000000008,1.644,3906.0,7195.852,1.2535,1.03,12.1779,3063.108,12.3171,6247.578,12.311,6058.0046,12.6722,10401.319,12.8527,8488.6233,13.4871,6552.9373,15.4779,8077.0229
20180828,002862.SZ,12.2906,12.3303,12.1712,12.2508,12.2972,-0.04640000000000022,-0.3773,2600.67,4804.896,0.8346,0.85,12.162,2781.042,12.2826,5739.821,12.3181,5733.0562,12.6309,10399.7319,12.8174,8489.8457,13.4254,6506.8818,15.3963,7719.6548
20180829,002862.SZ,12.2508,12.264,12.1381,12.1513,12.2508,-0.09949999999999903,-0.8122,1914.67,3518.355,0.6145,0.69,12.1792,2619.14,12.2819,5392.588,12.3028,5477.2615,12.5223,9018.4262,12.7831,8381.168,13.3567,6407.8597,15.3316,7305.1105
20180830,002862.SZ,12.158,12.2442,11.9989,11.9989,12.1513,-0.1524000000000001,-1.2542,2579.0,4726.102,0.8277,0.98,12.1593,2713.104,12.2335,4385.288,12.2747,5351.5477,12.4055,7551.2329,12.7544,8303.7347,13.2814,6336.579,15.2736,7108.3522
20180831,002862.SZ,12.0519,12.1182,11.6475,11.6475,11.9989,-0.35139999999999993,-2.9286,5100.28,9091.239,1.6368,1.88,12.0691,3220.124,12.1314,3504.916,12.2018,5153.2431,12.2861,6912.0962,12.7049,8340.644,13.2068,6334.3337,15.2133,7006.063
20180903,002862.SZ,11.6276,11.7536,10.9846,11.2962,11.6475,-0.35130000000000017,-3.0161,4734.0,8038.464,1.5193,1.47,11.8689,3385.724,12.0234,3224.416,12.1355,5103.0123,12.1791,6449.239,12.6426,8390.8773,13.1308,6322.5503,15.1469,6912.5618
20180904,002862.SZ,11.336,11.4354,11.2034,11.3426,11.2962,0.04639999999999844,0.4108,5333.0,9104.163,1.7115,1.58,11.6873,3932.19,11.9246,3356.616,12.0478,4540.0123,12.1387,5791.1743,12.5732,8449.644,13.0581,6332.7503,15.0818,6853.8034
20180905,002862.SZ,11.3293,11.3956,11.0045,11.1901,11.3426,-0.15249999999999986,-1.3445,4389.0,7473.05,1.4085,1.12,11.4951,4427.056,11.8371,3523.098,11.9341,3808.0892,12.0863,5431.5405,12.4981,8433.244,12.9825,6329.3503,15.0195,6803.3951
20180906,002862.SZ,11.2498,11.3691,11.0708,11.1039,11.1901,-0.08619999999999983,-0.7703,6096.73,10291.833,1.9566,1.38,11.3161,5130.602,11.7377,3921.853,11.8362,3697.1454,12.0487,5309.591,12.4183,8487.1683,12.9166,6331.8792,14.9622,6769.6595
20180907,002862.SZ,11.1039,11.2564,11.0111,11.1238,11.1039,0.019899999999999807,0.1792,5907.66,9929.502,1.8959,1.15,11.2113,5292.078,11.6402,4256.101,11.7434,3843.0423,11.9995,5265.9081,12.3407,8569.4237,12.8501,6387.8402,14.9057,6780.1138
20180910,002862.SZ,11.1503,11.1901,10.8255,10.8587,11.1238,-0.26509999999999856,-2.3832,4691.0,7786.71,1.5055,0.89,11.1238,5283.478,11.4964,4334.601,11.6506,3994.3362,11.9285,5239.7652,12.2654,8637.9903,12.7948,6359.9593,14.8439,6760.6378
20180911,002862.SZ,11.2431,11.2697,10.7526,10.9713,10.8587,0.1125999999999987,1.037,9154.0,15184.168,2.9377,1.73,11.0496,6047.678,11.3684,4989.934,11.5639,4536.2454,11.8622,5475.0376,12.15,7912.3873,12.7651,6407.926,14.7803,6763.5378
20180912,002862.SZ,10.8852,11.0376,10.7393,10.8785,10.9713,-0.09279999999999866,-0.8458,5133.0,8420.964,1.6473,0.85,10.9872,6196.478,11.2411,5311.767,11.4701,4733.77,11.7804,5353.8357,12.0309,6970.4853,12.7282,6410.8427,14.7143,6688.8212
20180913,002862.SZ,10.9515,11.0111,10.7791,10.8852,10.8785,0.006699999999998596,0.0616,8323.0,13668.302,2.6711,1.34,10.9435,6641.732,11.1298,5886.167,11.3614,5073.5392,11.7198,5493.6452,11.922,6630.5137,12.6849,6429.3163,14.6428,6634.6628
20180914,002862.SZ,10.9117,10.9912,10.8321,10.8785,10.8852,-0.006699999999998596,-0.0616,5591.0,9210.152,1.7943,0.84,10.8944,6578.4,11.0529,5935.239,11.2559,5303.5646,11.6434,5157.4071,11.8331,6335.0803,12.6327,6341.7835,14.576,6553.5462
20180917,002862.SZ,10.8984,10.8984,10.6134,10.8785,10.8785,0.0,0.0,6702.0,10861.517,2.1508,1.02,10.8984,6980.6,11.0111,6132.039,11.158,5671.8208,11.5582,4814.4548,11.7894,5920.0683,12.5875,6367.7668,14.5214,6455.9128
20180918,002862.SZ,10.7791,10.9448,10.7128,10.9183,10.8785,0.03979999999999961,0.3659,5878.0,9610.125,1.8864,0.84,10.8878,6325.4,10.9687,6186.539,11.0749,5925.59,11.4887,4735.3595,11.7436,5717.958,12.5408,6413.4668,14.4661,6350.1712
20180919,002862.SZ,10.9051,11.0973,10.8321,11.0178,10.9183,0.09949999999999903,0.9113,6962.0,11561.297,2.2343,1.1,10.9157,6691.2,10.9514,6443.839,11.0264,6068.7992,11.4262,4875.8833,11.7145,5661.4357,12.4976,6480.8502,14.4164,6312.3378
20180920,002862.SZ,11.0178,11.0575,10.9249,10.9382,11.0178,-0.07959999999999923,-0.7225,3812.0,6315.735,1.2234,0.57,10.9263,5789.0,10.9349,6215.366,10.9989,5997.8762,11.3726,4927.6843,11.6738,5561.0023,12.4581,6489.584,14.3631,6277.5545
20180921,002862.SZ,10.8984,11.1039,10.8984,11.0509,10.9382,0.11270000000000024,1.0303,13537.0,22473.764,4.3444,2.34,10.9607,7378.2,10.9276,6978.3,10.9764,6628.9531,11.3227,5471.8662,11.6305,5837.569,12.4135,6654.8203,14.3085,6281.818
20180925,002862.SZ,11.0244,11.1172,10.9448,11.0509,11.0509,0.0,0.0,5825.0,9702.05,1.8694,0.79,10.9952,7202.8,10.9468,7091.7,10.9657,6739.4146,11.2728,5627.0957,11.5868,5891.293,12.3729,6700.8537,14.254,6240.6597
20180926,002862.SZ,11.0708,11.157,11.0111,11.0708,11.0509,0.019899999999999807,0.1801,6583.0,11003.68,2.1126,0.91,11.0257,7343.8,10.9568,6834.6,10.9632,6776.82,11.2144,5754.5719,11.5359,5854.785,12.328,6742.9537,14.2014,6227.693
20180927,002862.SZ,11.0774,11.084,10.6797,10.7261,11.0708,-0.34469999999999956,-3.1136,4109.0,6766.355,1.3187,0.56,10.9674,6773.2,10.9415,6732.2,10.9326,6638.4615,11.1418,5826.3971,11.4882,5812.185,12.2858,6734.3898,14.1455,6189.1763
20180928,002862.SZ,10.7261,10.852,10.7261,10.7924,10.7261,0.06630000000000003,0.6181,4276.0,6953.596,1.3723,0.63,10.9382,6866.0,10.9322,6327.5,10.9275,6606.5385,11.0771,5938.8414,11.4319,5532.985,12.2515,6748.7232,14.0892,6155.5348
20181008,002862.SZ,10.6067,10.6664,10.2952,10.3151,10.7924,-0.4773000000000014,-4.4226,4934.0,7789.787,1.5834,0.72,10.7911,5145.4,10.8759,6261.8,10.877,6281.9231,10.9969,6050.9843,11.3534,5233.985,12.2066,6766.0398,14.0305,6132.1848
20181009,002862.SZ,10.3084,10.4675,10.2819,10.3217,10.3151,0.006600000000000605,0.064,5947.0,9293.681,1.9085,1.16,10.6452,5169.8,10.8202,6186.3,10.8342,6344.5385,10.9338,6091.3043,11.2849,5180.9183,12.1576,6832.5565,13.9686,6091.8339
20181010,002862.SZ,10.3416,10.5736,10.3217,10.5603,10.3217,0.23859999999999992,2.3116,10445.0,16517.236,3.3521,2.02,10.5431,5942.2,10.7844,6643.0,10.8092,6507.7692,10.8987,6363.2567,11.2259,5395.385,12.1107,6952.8593,13.9035,6023.6863
20181011,002862.SZ,10.3084,10.3349,9.6124,9.6787,10.5603,-0.8816000000000006,-8.3482,9221.0,13972.793,2.9592,1.55,10.3336,6964.6,10.6505,6868.9,10.7169,6787.0,10.8195,6548.3995,11.1464,5611.9457,12.0575,7057.7785,13.832,5972.0635
20181012,002862.SZ,9.7052,10.6465,9.3803,10.6399,9.6787,0.9612000000000016,9.9311,72145.1,111018.08,23.1531,10.36,10.3031,20538.42,10.6207,13702.21,10.6985,11821.0846,10.7933,9774.8805,11.0977,7946.4763,12.0136,8198.6968,13.772,6519.6583
20181015,002862.SZ,10.6067,11.7072,10.4145,11.7072,10.6399,1.0672999999999995,10.0311,89284.18,147251.685,28.6535,4.35,10.5816,37408.456,10.6863,21276.928,10.7592,18236.9446,10.822,13736.1876,11.0847,10837.1097,11.9861,9630.2665,13.728,7201.0181
20181016,002862.SZ,11.5348,12.2906,11.3426,11.4685,11.7072,-0.2386999999999997,-2.0389,106469.18,189327.98,34.1685,2.85,10.8109,57512.892,10.7281,31341.346,10.7939,25891.3431,10.8385,18524.8314,11.0571,14255.8823,11.9549,11372.2528,13.6831,8038.2196
20181017,002862.SZ,11.0045,11.8464,11.0045,11.6011,11.4685,0.13260000000000005,1.1562,70837.0,122325.55,22.7333,1.23,11.0191,69591.292,10.7811,37766.746,10.8449,31047.1123,10.8738,21674.641,11.0354,16530.4267,11.9264,12510.1362,13.6398,8595.3696
20181018,002862.SZ,11.3161,12.7612,11.0045,12.7612,11.6011,1.1601,9.9999,109866.26,197416.386,35.2587,1.58,11.6356,89720.344,10.9846,48342.472,10.9765,38457.0554,10.959,26470.4629,11.0558,20128.813,11.9194,14254.9905,13.6107,9474.8468
20181019,002862.SZ,11.9326,13.5634,11.5348,12.6949,12.7612,-0.06630000000000003,-0.5195,110054.54,206177.666,35.3192,1.23,12.0466,97302.232,11.1749,58920.326,11.1029,46474.7123,11.0455,31466.7267,11.079,23711.331,11.9167,16007.5328,13.5807,10372.1096
20181022,002862.SZ,12.6618,13.6893,12.1978,13.2054,12.6949,0.5104999999999986,4.0213,98408.54,191308.143,31.5817,1.01,12.3462,99127.104,11.4639,68267.78,11.2671,53538.2154,11.156,35756.5143,11.1309,26821.6063,11.9179,17581.1252,13.5511,11158.5308
20181023,002862.SZ,12.7281,12.7281,11.9326,11.9591,13.2054,-1.2462999999999997,-9.4378,77546.97,144273.541,24.8867,0.78,12.4443,93342.662,11.6276,75427.777,11.362,59187.29,11.2075,39182.989,11.153,29248.7053,11.8978,18819.7913,13.5109,11777.2138
20181024,002862.SZ,11.7271,12.3104,11.6078,11.979,11.9591,0.019899999999999807,0.1664,53247.97,96257.523,17.0886,0.57,12.5199,89824.856,11.7695,79708.074,11.4532,62954.3646,11.2599,41399.4638,11.1742,30845.871,11.8737,19647.7575,13.4745,12195.7219
20181025,002862.SZ,11.442,11.8796,11.3028,11.8331,11.979,-0.14589999999999925,-1.218,41076.7,71918.845,13.1825,0.46,12.3343,76066.944,11.9849,82893.644,11.57,65734.5723,11.3034,43075.5924,11.1956,32068.7943,11.8468,20251.0192,13.4375,12518.4778
20181026,002862.SZ,11.9326,12.0519,11.4685,11.568,11.8331,-0.26510000000000034,-2.2403,28953.91,51162.584,9.292,0.38,12.1089,59846.818,12.0777,78574.525,11.6659,67504.3346,11.3296,44122.8262,11.2111,32830.7003,11.8147,20658.9343,13.4028,12723.0437
20181029,002862.SZ,11.4354,12.7281,10.746,12.7281,11.568,1.1601,10.0285,86982.91,157207.753,27.9149,1.45,12.0135,57561.692,12.1798,78344.398,11.8326,73391.8662,11.4149,48083.3457,11.2646,35533.2087,11.8026,22051.3162,13.3698,13378.8679
20181030,002862.SZ,12.6287,13.4573,12.4629,12.9137,12.7281,0.18560000000000088,1.4582,103385.17,200488.721,33.1788,1.8,12.2044,62729.332,12.3244,78035.997,12.0815,80635.2638,11.5036,52361.83,11.3331,38823.0143,11.7992,23730.5023,13.3432,14204.3693
20181031,002862.SZ,12.5955,13.0529,12.4033,12.7878,12.9137,-0.12589999999999968,-0.9749,72113.26,139131.511,23.1429,1.15,12.3661,66502.39,12.443,78163.623,12.2467,80632.8146,11.5863,55518.4138,11.3936,40921.6563,11.7718,24417.0218,13.313,14777.9145
20181101,002862.SZ,12.5358,13.8749,12.4165,13.2584,12.7878,0.47059999999999924,3.6801,92397.95,181299.104,29.6527,1.39,12.6512,76766.64,12.4927,76416.792,12.366,80872.3354,11.6905,59604.84,11.473,43830.488,11.7519,25400.4867,13.2842,15510.3391
20181102,002862.SZ,13.0264,14.5843,12.8474,14.5843,13.2584,1.3259000000000007,10.0005,108719.16,222677.646,34.8906,1.42,13.2545,92719.69,12.6817,76283.254,12.6057,81045.4108,11.8742,64586.2762,11.5963,47177.0267,11.7591,26903.7702,13.2657,16376.5321
20181105,002862.SZ,14.5909,16.0427,14.0738,16.0427,14.5843,1.4583999999999993,9.9998,119305.22,270009.614,38.2879,1.29,13.9174,99184.152,12.9654,78372.922,12.9474,84773.7354,12.1242,70063.8581,11.7684,50967.5007,11.8008,28651.2905,13.2582,17341.9612
20181106,002862.SZ,16.3079,17.5674,15.2339,16.3344,16.0427,0.29169999999999874,1.8183,126886.29,311623.829,40.7209,1.28,14.6015,103884.376,13.4029,83306.854,13.2222,86082.9685,12.4108,75871.11,11.9503,54973.6437,11.8698,30446.856,13.255,18350.0386
20181107,002862.SZ,15.9101,16.109,15.0417,15.1411,16.3344,-1.193299999999999,-7.3054,95616.32,224107.464,30.6856,0.92,15.0722,108584.988,13.7192,87543.689,13.4104,84972.3362,12.6403,80141.0776,12.091,57964.921,11.9173,31841.4395,13.2449,19113.6496
20181108,002862.SZ,15.1411,16.4007,14.4848,15.9234,15.1411,0.7823000000000011,5.1667,107704.6,248902.6,34.565,0.99,15.6052,111646.318,14.1282,94206.479,13.6195,85687.4177,12.8957,84772.4871,12.2545,61323.0077,11.9845,33492.2217,13.2377,19981.4629
20181109,002862.SZ,15.2472,15.2472,14.3324,14.3324,15.9234,-1.591000000000001,-9.9916,47982.0,106701.995,15.3986,0.43,15.5548,99498.886,14.4046,96109.288,13.802,83413.1892,13.1173,86618.249,12.3677,62795.341,12.0208,34178.1717,13.2182,20353.9546
20181112,002862.SZ,13.5965,14.4649,13.391,14.1401,14.3324,-0.19229999999999947,-1.3417,67151.6,141059.159,21.5506,0.67,15.1743,89068.162,14.5458,94126.157,13.9683,84482.6992,13.284,86380.4633,12.4707,64582.4943,12.0506,35210.0317,13.1971,20886.6013
20181113,002862.SZ,13.9147,14.3522,13.696,14.2064,14.1401,0.06630000000000003,0.4689,61872.94,131791.521,19.8565,0.69,14.7487,76065.492,14.6751,89974.934,14.1508,86082.41,13.403,85075.1662,12.5758,66450.759,12.0813,36171.026,13.1766,21361.3924
20181114,002862.SZ,14.0738,14.4185,13.8551,13.928,14.2064,-0.27839999999999954,-1.9597,45368.0,96341.968,14.5597,0.6,14.5061,66015.828,14.7891,87300.408,14.3324,87345.0323,13.5201,82165.5862,12.6711,67743.5923,12.1035,36799.1887,13.1498,21695.5035
20181115,002862.SZ,13.928,14.4848,13.928,14.3788,13.928,0.4507999999999992,3.2366,52423.59,112867.588,16.824,0.79,14.1971,54959.626,14.9012,83302.972,14.4593,84686.6231,13.6524,81288.7571,12.7928,69354.0787,12.1405,37583.1318,13.1216,22031.2528
20181116,002862.SZ,14.339,14.876,14.1799,14.6837,14.3788,0.30489999999999995,2.1205,62289.96,137109.267,19.9904,1.13,14.2674,57821.218,14.9111,78660.052,14.5955,81525.4531,13.7439,79023.219,12.9226,71287.8773,12.1772,38410.4312,13.099,22492.4325
20181119,002862.SZ,14.4848,14.7699,13.7026,14.2197,14.6837,-0.4640000000000004,-3.16,47154.0,101707.368,15.1329,0.82,14.2833,53821.698,14.7288,71444.93,14.7056,79605.51,13.8166,76027.9552,13.0527,72695.2107,12.2031,38964.5978,13.0741,22847.1742
20181120,002862.SZ,14.0274,14.4053,13.8617,13.9611,14.2197,-0.2585999999999995,-1.8186,30808.0,65448.874,9.887,0.57,14.2343,47608.71,14.4915,61837.101,14.7597,74867.8215,13.8525,72808.8819,13.174,73523.9107,12.2295,39352.4145,13.0458,23062.2908
20181121,002862.SZ,13.8749,13.8749,13.4043,13.7357,13.9611,-0.2254000000000005,-1.6145,23138.0,47608.686,7.4255,0.49,14.1958,43162.71,14.3509,54589.269,14.6944,68284.6554,13.9371,70217.9786,13.2799,73947.0107,12.2529,39671.1978,13.015,23210.4075
20181122,002862.SZ,13.8551,13.8683,13.4242,13.5302,13.7357,-0.2054999999999989,-1.4961,22621.3,46385.828,7.2597,0.52,14.0261,37202.252,14.1116,46080.939,14.5012,60847.4308,14.011,68759.5657,13.4082,74393.6873,12.2773,40002.8165,12.9824,23338.4015
20181123,002862.SZ,13.4904,13.5302,12.3171,12.7215,13.5302,-0.8087,-5.977,30949.46,59900.146,9.9324,0.83,13.6336,30934.152,13.9505,44377.685,14.2232,53467.6746,14.0533,68277.3162,13.4776,73020.4993,12.2877,40483.4878,12.9552,23536.6887
20181126,002862.SZ,12.6287,13.8219,12.3171,13.7622,12.7215,1.0406999999999993,8.1806,48233.71,96509.367,15.4794,1.56,13.5421,31150.094,13.9127,42485.896,14.1172,49822.8585,14.1578,69195.4019,13.5461,71652.1503,12.3154,41244.63,12.9339,23909.1468
20181127,002862.SZ,13.4573,13.7225,13.1921,13.391,13.7622,-0.3712,-2.6972,34333.93,69654.063,11.0186,1.1,13.4281,31855.28,13.8312,39731.995,13.9224,44178.9608,14.1894,66688.3076,13.6102,69247.642,12.3337,41751.7622,12.9104,24152.3498
20181128,002862.SZ,13.2518,13.3579,12.7281,13.106,13.391,-0.28500000000000014,-2.1283,19952.0,39361.392,6.4031,0.63,13.3022,31218.08,13.749,37190.395,13.828,42022.8069,14.1985,62715.2995,13.6604,67551.4753,12.3479,42040.951,12.8867,24273.9164
20181129,002862.SZ,13.1325,13.4904,12.7215,12.7215,13.106,-0.3844999999999992,-2.9338,17852.0,35275.973,5.7291,0.57,13.1404,30264.22,13.5833,33733.236,13.7189,38230.53,14.1954,60131.43,13.6591,64484.3333,12.3574,42306.5732,12.8571,24357.2164
20181130,002862.SZ,12.6154,12.8076,12.3767,12.6419,12.7215,-0.079600000000001,-0.6257,19817.0,37547.027,6.3598,0.65,13.1245,28037.728,13.3791,29485.94,13.5986,34995.4577,14.166,56675.1943,13.6573,61476.4153,12.3681,42593.8732,12.8248,24465.2261
20181203,002862.SZ,13.0264,13.2187,12.8342,12.9336,12.6419,0.2917000000000005,2.3074,21297.69,41913.363,6.8349,0.76,12.9588,22650.524,13.2505,26900.309,13.5221,33143.8954,14.0874,52512.2671,13.6482,58906.0537,12.3896,42863.83,12.7982,24599.0818
20181204,002862.SZ,12.9336,13.2319,12.8673,13.1391,12.9336,0.2054999999999989,1.5889,19879.98,39029.972,6.38,0.88,12.9084,19759.734,13.1683,25807.507,13.4267,30640.5408,13.9491,47777.7319,13.6876,56983.8207,12.4203,43116.263,12.7755,24719.4067
20181205,002862.SZ,12.8938,12.9336,12.6618,12.6817,13.1391,-0.4573999999999998,-3.4812,17987.0,34649.791,5.7725,0.91,12.8236,19366.734,13.0629,25292.407,13.2727,27232.6208,13.7752,42592.0514,13.711,55808.455,12.4426,43327.163,12.7503,24829.9567
20181206,002862.SZ,12.7413,12.8209,12.4762,12.4961,12.6817,-0.1855999999999991,-1.4635,12619.0,23989.643,4.0497,0.65,12.7785,18320.134,12.9595,24292.177,13.1401,24576.0823,13.6492,38639.7981,13.7331,54859.865,12.4644,43464.3297,12.7235,24896.84
20181207,002862.SZ,12.5292,12.7878,12.4629,12.6751,12.4961,0.17900000000000027,1.4324,10617.0,20189.354,3.4073,0.58,12.7851,16480.134,12.9548,22258.931,13.0412,23022.9285,13.4946,34016.579,13.77,54248.6347,12.4905,43539.6675,12.7036,24935.7733
20181210,002862.SZ,12.4033,12.6751,12.4033,12.4629,12.6751,-0.21220000000000105,-1.6741,8127.0,15363.778,2.6082,0.49,12.691,13845.996,12.8249,18248.26,12.9433,21868.2362,13.4055,32118.7219,13.7612,51620.1043,12.5129,43576.6565,12.6815,24982.2483
20181211,002862.SZ,12.5557,13.7092,12.0718,13.7092,12.4629,1.2462999999999997,10.0001,49436.32,98706.487,15.8653,3.57,12.805,19757.264,12.8567,19758.499,12.9571,23930.93,13.385,31275.1371,13.7877,49821.8093,12.5604,44322.4118,12.6776,25341.1856
20181212,002862.SZ,13.8087,14.518,13.696,14.2197,13.7092,0.5105000000000004,3.7238,82184.23,174895.791,26.3749,4.16,13.1126,32596.71,12.9681,25981.722,13.0723,27872.0662,13.3857,32242.3414,13.8354,50157.5083,12.6145,45539.5823,12.6898,25973.7542
20181213,002862.SZ,14.0075,14.0738,13.7225,13.8683,14.2197,-0.35139999999999993,-2.4712,42748.7,89607.334,13.7191,1.31,13.387,38622.65,13.0828,28471.392,13.0805,27450.1423,13.3828,32117.6129,13.8557,48502.5333,12.6643,46166.5107,12.6963,26288.6767
20181214,002862.SZ,13.8153,14.034,13.0993,13.2385,13.8683,-0.6297999999999995,-4.5413,35698.69,73221.388,11.4566,0.92,13.4997,43638.988,13.1424,30059.561,13.0687,27555.1238,13.3285,31321.189,13.8109,46068.5177,12.7036,46622.7722,12.6942,26526.0442
20181217,002862.SZ,13.391,14.5644,12.8342,14.5644,13.2385,1.325899999999999,10.0155,65735.92,138894.358,21.0963,1.51,13.92,55160.772,13.3055,34503.384,13.1809,31076.9638,13.3228,31485.2824,13.7616,44282.8743,12.765,47625.1875,12.6989,26983.4855
20181218,002862.SZ,14.7169,15.5124,14.339,14.8627,14.5644,0.2983000000000011,2.0481,95223.33,212315.24,30.5595,1.73,14.1507,64318.174,13.4779,42037.719,13.3456,37028.6046,13.3534,33774.2981,13.7125,43227.4423,12.8314,49100.543,12.7095,27734.1549
20181219,002862.SZ,14.7765,16.3476,14.3589,16.3476,14.8627,1.4848999999999997,9.9908,109239.85,250728.129,35.0577,1.7,14.5763,69729.298,13.8444,51163.004,13.6307,43907.2854,13.4671,37509.1481,13.7528,43681.56,12.9219,50823.2405,12.7314,28618.3537
20181220,002862.SZ,15.7775,16.3742,15.5787,15.7974,16.3476,-0.5502000000000002,-3.3656,88977.56,212627.536,28.5551,1.28,14.9621,78975.07,14.1746,58798.86,13.851,49113.4292,13.5653,40644.3652,13.7486,43057.3253,13.0015,52190.1665,12.7496,29335.5083
20181221,002862.SZ,15.9764,16.1289,15.6184,15.6648,15.7974,-0.13260000000000005,-0.8394,75243.62,179924.379,24.1475,0.95,15.4474,86884.056,14.4735,65261.522,14.0453,53372.1708,13.6669,43150.19,13.793,43966.046,13.0803,53380.6935,12.7692,29935.1387
20181224,002862.SZ,15.6449,15.6781,14.7169,14.8958,15.6648,-0.7690000000000001,-4.9091,68185.63,155448.751,21.8824,,15.5137,87373.998,14.7168,71267.385,14.2156,57233.6038,13.7705,44923.341,13.8182,44000.5137,13.1444,54291.504,12.779,30473.1622
20181225,002862.SZ,14.7102,15.5985,14.4185,15.1544,14.8958,0.2586000000000013,1.7361,90182.43,206214.944,28.9417,1.03,15.572,86365.818,14.8614,75341.996,14.4201,63200.0215,13.8367,46920.899,13.8498,44944.1633,13.2128,55697.4612,12.7928,31199.1574
20181226,002862.SZ,15.1676,15.4461,14.7367,14.8693,15.1544,-0.2850999999999999,-1.8813,70800.62,161319.972,22.7216,0.82,15.2763,78677.972,14.9263,74203.635,14.5888,67829.5308,13.9071,48657.4081,13.8811,45791.9173,13.2761,56767.7548,12.8021,31755.3543
20181227,002862.SZ,14.982,15.2472,13.4639,13.7225,14.8693,-1.1468000000000007,-7.7125,56971.01,125461.356,18.2834,0.72,14.8614,72276.662,14.9117,75625.866,14.6857,71586.7623,13.9365,50420.2181,13.8593,45943.498,13.326,57648.7883,12.8059,32191.5891
20181228,002862.SZ,13.9081,14.7699,13.9081,14.1269,13.7225,0.404399999999999,2.947,48996.2,106047.666,15.7241,0.68,14.5538,67027.178,15.0006,76955.617,14.7179,71552.9069,14.0034,51903.2752,13.8407,45500.3727,13.3816,58394.125,12.8165,32571.4241
20190102,002862.SZ,14.4649,15.5389,14.1865,15.5389,14.1269,1.4120000000000008,9.9951,64446.66,144538.995,20.6825,0.96,14.6824,66279.384,15.098,76826.691,14.8193,70188.4785,14.1414,54028.4971,13.8847,46076.7947,13.4687,59386.0027,12.8376,33076.0213
20190103,002862.SZ,15.4858,16.0427,15.2538,15.3997,15.5389,-0.13920000000000066,-0.8958,108227.82,255473.118,34.7329,1.63,14.7315,69888.462,15.1517,78127.14,14.9371,75225.3338,14.2588,58168.0271,13.9326,48657.4553,13.5533,61090.683,12.8555,33961.6197
20190104,002862.SZ,15.0417,15.698,14.929,15.3533,15.3997,-0.04639999999999844,-0.3013,72352.62,167503.355,23.2197,1.04,14.8283,70198.862,15.0523,74438.417,15.0998,78044.8669,14.3642,60666.7243,13.9865,50297.9427,13.6332,62122.4767,12.8719,34537.668
20190107,002862.SZ,15.3135,15.8107,15.0616,15.5654,15.3533,0.2120999999999995,1.3815,69249.01,161221.789,22.2237,0.99,15.1968,72654.462,15.0291,72465.562,15.1768,78315.1046,14.5016,63107.7724,14.0544,51852.1997,13.7313,63122.9435,12.8944,35090.361
20190108,002862.SZ,15.4461,15.4461,14.4716,14.803,15.5654,-0.7623999999999995,-4.898,56589.33,126691.65,18.1609,0.78,15.3321,74173.088,14.9429,70600.133,15.1722,75343.2585,14.6114,65201.5976,14.1238,52706.862,13.8007,62863.6807,12.9071,35531.1888
20190109,002862.SZ,14.5843,14.9157,14.2727,14.4583,14.803,-0.34470000000000134,-2.3286,42884.28,94244.565,13.7626,0.58,15.1159,69860.612,14.8992,68069.998,15.0269,70238.9838,14.6963,66738.1348,14.147,52528.5477,13.8465,62090.349,12.9163,35860.3078
20190110,002862.SZ,14.4318,14.8428,14.1931,14.7036,14.4583,0.2453000000000003,1.6966,40186.08,88284.873,12.8967,0.58,14.9767,56252.264,14.8541,63070.363,14.9428,66485.7931,14.803,68264.7576,14.1907,52723.6193,13.9005,60985.6307,12.9277,36178.9418
20190111,002862.SZ,14.518,14.7169,14.2528,14.2661,14.7036,-0.4375,-2.9755,31198.33,67680.227,10.0123,0.55,14.7593,48021.406,14.7938,59110.134,14.8352,63097.6938,14.8296,67396.2819,14.2294,53098.497,13.9449,60324.9862,12.9356,36417.5612
20190114,002862.SZ,14.3191,15.0815,14.1998,14.8627,14.2661,0.5966000000000005,4.1819,47062.33,104646.637,15.1034,0.98,14.6187,43584.07,14.9078,58119.266,14.8326,61472.8246,14.8602,65723.8105,14.3008,54072.1747,13.9799,59278.254,12.9497,36766.6223
20190115,002862.SZ,14.7765,14.8229,14.3788,14.6042,14.8627,-0.25849999999999973,-1.7393,30374.01,66732.795,9.7478,0.7,14.579,38341.006,14.9555,56257.047,14.7903,56872.1769,14.8952,65134.5395,14.3662,54424.075,14.0117,57950.2452,12.9642,36978.889
20190116,002862.SZ,14.518,14.7699,14.3191,14.3522,14.6042,-0.25200000000000067,-1.7255,21314.0,46579.384,6.8402,0.56,14.5578,34026.95,14.8368,51943.781,14.7505,53065.5138,14.9482,64449.5543,14.4135,54424.6187,14.0308,56665.3362,12.9744,37123.2307
20190117,002862.SZ,14.3125,14.5511,13.7821,13.8882,14.3522,-0.4640000000000004,-3.233,26270.0,56201.603,8.4307,0.77,14.3947,31243.734,14.6857,43747.999,14.7633,50703.8977,14.916,62570.2248,14.4384,54637.6193,14.063,55810.72,12.9804,37315.2557
20190118,002862.SZ,13.7158,15.2339,13.2717,14.929,13.8882,1.0408000000000008,7.4941,69072.94,151059.757,22.1672,2.21,14.5273,38818.656,14.6433,43420.031,14.825,52248.2623,14.9192,61324.9681,14.5133,56340.484,14.1122,56074.4695,12.9929,37861.1135
20190121,002862.SZ,14.6373,14.6506,14.1534,14.1799,14.929,-0.7491000000000003,-5.0178,45904.0,99230.504,14.7317,1.18,14.3907,38586.99,14.5047,41085.53,14.7204,50821.9038,14.816,58308.9752,14.5695,57449.984,14.1513,56154.9245,12.9991,38202.9718
20190122,002862.SZ,14.0539,15.2406,13.802,14.697,14.1799,0.5170999999999992,3.6467,68352.8,151885.023,21.9361,1.77,14.4093,46182.748,14.4941,42261.877,14.6664,47754.5946,14.7636,57326.8438,14.6369,59374.5107,14.2034,56811.5727,13.0091,38735.2535
20190123,002862.SZ,14.571,14.8362,14.1534,14.3456,14.697,-0.35139999999999993,-2.391,42618.2,92852.103,13.6772,0.92,14.4079,50443.588,14.4828,42235.269,14.5889,45467.3315,14.7008,55773.2524,14.6996,60524.2173,14.2304,56072.1608,13.0165,39061.7385
20190124,002862.SZ,14.2992,14.6307,14.1202,14.213,14.3456,-0.13260000000000005,-0.9243,29694.2,64136.404,9.5296,0.59,14.4729,51128.428,14.4338,41186.081,14.4848,42424.6538,14.6682,53940.3271,14.7164,59866.1467,14.252,54843.978,13.0256,39287.2402
20190125,002862.SZ,14.0871,14.2926,13.4904,13.5103,14.213,-0.7026999999999983,-4.9441,33131.0,69191.986,10.6325,0.65,14.1892,43940.04,14.3582,41379.348,14.3854,40620.1669,14.59,51223.5924,14.6928,58231.039,14.2641,54194.2737,13.018,39305.6478
20190128,002862.SZ,13.57,13.9943,13.3778,13.7556,13.5103,0.24529999999999852,1.8157,25561.94,52957.091,8.2034,0.58,14.1043,39871.628,14.2475,39229.309,14.3313,39287.6792,14.5369,49069.3695,14.689,57658.147,14.2724,53080.3402,13.0122,39240.4134
20190129,002862.SZ,13.5899,13.7092,12.6088,12.8607,13.7556,-0.8948999999999998,-6.5057,24997.81,49330.308,8.0224,0.63,13.737,31200.63,14.0731,38691.689,14.1896,38119.3508,14.4959,47546.8362,14.6764,57301.451,14.2436,51684.9843,13.0014,39294.3773
20190130,002862.SZ,12.7281,13.0596,12.4563,12.4894,12.8607,-0.37129999999999974,-2.8871,15542.2,29895.803,4.9879,0.5,13.3658,25785.43,13.8869,38114.509,14.0529,36915.0331,14.4179,45953.7886,14.6073,55628.327,14.1844,49955.6007,12.9926,39303.4456
20190131,002862.SZ,12.3966,12.6552,11.2431,11.2564,12.4894,-1.2330000000000005,-9.8724,30209.0,53166.35,9.6948,1.17,12.7745,25888.39,13.6237,38508.409,13.7755,35618.6231,14.214,44323.4238,14.487,53461.1827,14.0998,48344.3125,12.9848,39395.5843
20190201,002862.SZ,11.3426,11.8331,11.3426,11.7271,11.2564,0.4707000000000008,4.1816,22836.01,40138.148,7.3286,0.88,12.4178,23829.392,13.3035,33884.716,13.5542,35038.7769,14.0391,40257.1471,14.333,50581.0547,14.0429,47131.3073,12.9801,39486.3734
20190211,002862.SZ,11.9856,12.1978,11.8,12.0917,11.7271,0.36459999999999937,3.109,15668.0,28373.381,5.0282,0.66,12.0851,21850.604,13.0947,30861.116,13.3803,34604.4692,13.8838,37557.8795,14.2095,48137.4027,13.979,45597.364,12.9818,39544.7928
20190212,002862.SZ,12.3171,12.5358,12.0917,12.3701,12.0917,0.2784000000000013,2.3024,24512.0,45726.868,7.8665,1.12,11.9869,21753.442,12.862,26477.036,13.2635,34469.2385,13.7316,35427.5457,14.0997,46446.3487,13.9463,45206.1973,12.9835,39692.1845
20190213,002862.SZ,12.4629,12.5226,12.264,12.4629,12.3701,0.09279999999999866,0.7502,20523.0,38436.114,6.5863,0.94,11.9816,22749.602,12.6737,24267.516,13.0738,30734.6277,13.6202,33710.1014,14.0186,44857.5943,13.9184,44429.054,12.9845,39819.5428
20190214,002862.SZ,12.4497,12.7878,12.2839,12.5425,12.4629,0.079600000000001,0.6387,22286.0,42125.763,7.1521,0.98,12.2389,21165.002,12.5067,23526.696,12.9479,28917.8585,13.529,32729.231,13.9315,42594.38,13.8906,43769.2717,12.986,39970.1488
20190215,002862.SZ,12.4828,13.7026,12.3834,12.9734,12.5425,0.4308999999999994,3.4355,33793.0,66268.568,10.845,1.6,12.4881,23356.4,12.453,23592.896,12.8153,26259.4123,13.4466,32424.7986,13.8683,41360.7927,13.8747,43576.355,12.9891,40187.7718
20190218,002862.SZ,12.7281,14.2727,12.6817,14.2727,12.9734,1.2993000000000006,10.0151,58326.0,118835.913,18.7182,2.5,12.9243,31888.0,12.5047,26869.302,12.8097,27467.7046,13.4469,33716.5924,13.8867,41405.959,13.873,43674.7285,13.0067,40628.9302
20190219,002862.SZ,14.2727,15.698,14.1799,15.698,14.2727,1.4253,9.9862,98177.4,221032.31,31.5075,3.08,13.5899,46621.08,12.7884,34187.261,12.9239,32735.6431,13.4867,36150.6433,13.939,43045.3323,13.8899,44272.8525,13.0335,41341.6418
20190220,002862.SZ,15.698,17.2691,15.4129,17.2691,15.698,1.5711000000000013,10.0083,130467.68,320151.242,41.8702,2.8,14.5511,68610.016,13.2664,45679.809,13.213,40223.08,13.6136,40917.0086,13.9967,45246.033,13.9407,45661.4138,13.0719,42313.0058
20190221,002862.SZ,16.878,18.5618,16.3079,17.5674,17.2691,0.29829999999999757,1.7274,143490.46,372267.916,46.0496,2.09,15.5561,92850.908,13.8975,57007.955,13.5063,49294.5046,13.7667,46734.9352,14.069,46421.4543,14.0008,47539.4548,13.1151,43445.9347
20190222,002862.SZ,17.1697,18.0182,16.6725,17.5409,17.5674,-0.026499999999998636,-0.1508,120036.62,314824.551,38.5227,1.29,16.4696,110099.632,14.4789,66728.016,13.8663,56605.1823,13.9406,51200.0124,14.1419,48010.921,14.0642,49154.4318,13.1585,44412.8148
20190225,002862.SZ,17.236,18.8933,17.0503,18.4889,17.5409,0.9480000000000004,5.4045,127549.82,341265.512,40.9338,1.16,17.3129,123944.396,15.1186,77916.198,14.3278,65221.1531,14.1101,53984.6257,14.2393,49954.2813,14.1469,50903.2405,13.2121,45453.0285
20190226,002862.SZ,18.6944,18.6944,16.7719,16.8051,18.4889,-1.6838000000000015,-9.1071,96967.01,254427.02,31.1191,0.78,17.5343,123702.318,15.5621,85161.699,14.7546,70356.3846,14.2351,56416.1976,14.3061,51300.204,14.2149,52003.533,13.2513,46243.5104
20190227,002862.SZ,16.3145,16.4073,15.2604,15.4328,16.8051,-1.3722999999999992,-8.166,74388.96,178255.872,23.8732,0.6,17.167,112486.574,15.8591,90548.295,15.0397,74321.9962,14.2702,56703.6338,14.3386,52350.36,14.2428,52439.4538,13.2791,46842.0419
20190228,002862.SZ,15.6913,15.8836,15.4726,15.5787,15.4328,0.14589999999999925,0.9454,38658.16,91292.647,12.4063,0.34,16.7693,91520.114,16.1627,92185.511,15.3079,76090.47,14.3289,56515.0605,14.3677,52299.4293,14.2792,52511.5243,13.3064,47131.6433
20190301,002862.SZ,15.8703,16.1024,15.3267,15.8902,15.5787,0.31150000000000055,1.9995,42306.96,100480.25,13.5773,0.46,16.4391,75974.182,16.4544,93036.907,15.5787,77459.3131,14.4088,57115.6681,14.4219,52669.717,14.3256,52884.107,13.3368,47462.529
20190304,002862.SZ,15.9963,16.9244,15.7775,16.1222,15.8902,0.23199999999999932,1.46,66297.63,163045.05,21.2765,0.87,15.9658,63723.744,16.6393,93834.07,15.8601,80980.4385,14.5331,58695.0314,14.4638,53310.8937,14.3823,53691.5342,13.3699,47999.0537
20190305,002862.SZ,15.9499,16.6658,15.5588,16.394,16.1222,0.27179999999999893,1.6859,63068.4,154190.353,20.2402,0.99,15.8836,56944.022,16.7089,90323.17,16.1564,84117.5462,14.6588,60481.0533,14.5235,54400.7067,14.4448,54412.3908,13.4065,48503.132
20190306,002862.SZ,16.394,17.0702,15.9897,16.7984,16.394,0.40440000000000254,2.4668,73969.35,184367.656,23.7386,1.3,16.1567,56860.1,16.6619,84673.337,16.4506,87208.0346,14.8463,62813.0314,14.605,56155.885,14.5092,55290.2518,13.4494,49077.0409
20190307,002862.SZ,16.7852,18.4756,16.467,18.4756,16.7984,1.6771999999999991,9.9843,105622.33,285077.147,33.8968,1.86,16.7361,70252.934,16.7527,80886.524,16.7739,90846.2138,15.1313,67102.5614,14.758,58800.9627,14.5982,56719.291,13.5092,49917.777
20190308,002862.SZ,18.4822,20.3252,18.2303,20.3252,18.4756,1.8495999999999988,10.011,147387.84,432855.261,47.3003,2.1,17.6231,91269.11,17.0311,83621.646,17.1299,94631.6323,15.5632,72682.5062,14.9378,61411.4593,14.7256,58875.9717,13.5841,51101.5673
20190311,002862.SZ,20.3185,22.3603,19.7418,22.3603,20.3252,2.0351,10.0127,163319.29,511306.208,52.4131,1.79,18.8707,110673.442,17.4182,87198.593,17.5215,97158.6792,16.0695,79372.1862,15.2105,65325.3023,14.89,61387.6432,13.6772,52425.9864
20190312,002862.SZ,22.3404,24.4618,21.5516,23.4409,22.3603,1.0806000000000004,4.8327,155503.96,529569.895,49.905,1.41,20.2801,129160.554,18.0818,93052.288,17.9733,98082.7946,16.61,86031.0414,15.502,68230.341,15.0694,63802.4258,13.78,53671.0467
20190313,002862.SZ,23.3879,23.7326,21.0942,21.2798,23.4409,-2.1610999999999976,-9.2194,132850.25,455392.078,42.6349,1.03,21.1764,140936.734,18.6665,98898.417,18.2609,99068.4585,17.0342,91190.0057,15.7331,71238.076,15.2164,65881.1467,13.8646,54728.9016
20190314,002862.SZ,21.0809,21.704,20.3318,20.3318,21.2798,-0.9480000000000004,-4.4549,106082.85,332811.025,34.0446,0.75,21.5476,141028.838,19.1418,105640.886,18.4027,97417.1531,17.4089,95264.2843,15.9371,73784.3643,15.3267,66825.2555,13.9436,55573.8337
20190315,002862.SZ,20.2721,20.3517,18.6347,19.417,20.3318,-0.9147999999999996,-4.4994,98513.22,292065.132,31.6153,0.7,21.366,131253.914,19.4945,111261.512,18.6036,97536.0923,17.7363,98894.1519,16.134,75963.7717,15.4134,67097.4053,14.0139,56318.4938
20190318,002862.SZ,19.2247,20.9351,18.4955,20.471,19.417,1.0539999999999985,5.4282,92188.12,277019.675,29.5854,0.7,20.9881,117027.68,19.9294,113850.561,18.9912,98905.2585,18.0933,101674.8719,16.3578,78184.6443,15.5234,67921.3957,14.0939,57043.9532
20190319,002862.SZ,20.0865,20.3517,19.417,19.7551,20.471,-0.7159000000000013,-3.4971,57821.33,172788.374,18.5563,0.49,20.2509,97491.154,20.2655,113325.854,19.3124,100379.3485,18.3544,101650.84,16.5876,79278.7617,15.632,68290.1063,14.1678,57456.4393
20190320,002862.SZ,19.8876,20.418,19.1584,19.5694,19.7551,-0.1856999999999971,-0.94,43599.88,130023.614,13.9923,0.45,19.9089,79641.08,20.5426,110288.907,19.5954,100478.8038,18.5388,99051.9105,16.8236,80214.0177,15.7154,67921.1723,14.2402,57773.1799
20190321,002862.SZ,19.8479,20.2058,19.3573,19.8346,19.5694,0.26519999999999655,1.3552,51385.69,153642.85,16.4909,0.65,19.8094,68701.648,20.6785,104865.243,19.881,99331.7315,18.6609,95286.1014,17.1096,80919.9073,15.7983,67190.545,14.3149,58145.544
20190322,002862.SZ,19.7617,21.8167,19.5694,21.4787,19.8346,1.6441000000000017,8.2891,92797.42,290345.023,29.7809,1.35,20.2218,67558.488,20.7939,99406.201,20.2721,101618.5792,18.8472,92872.1471,17.4346,83251.9543,15.8838,66916.5045,14.4029,58869.8725
20190325,002862.SZ,20.7494,22.3869,20.5572,20.5837,21.4787,-0.8949999999999996,-4.1669,75798.9,246620.69,24.3257,1.12,20.2443,64280.644,20.6162,90654.162,20.5633,101759.3138,18.9921,90765.589,17.7177,85256.3177,15.9636,66696.8602,14.4826,59443.5133
20190326,002862.SZ,20.6898,20.8953,18.5287,18.5287,20.5837,-2.0549999999999997,-9.9836,70059.42,200655.546,22.4838,1.09,19.999,66728.262,20.125,82109.708,20.5674,99023.7054,18.994,88027.951,17.923,86774.565,16.0113,66610.4568,14.5458,59995.5752
20190327,002862.SZ,17.8989,18.4624,16.7056,18.0182,18.5287,-0.5105000000000004,-2.7552,50007.77,134308.353,16.0487,0.75,19.6888,68009.84,19.7988,73825.46,20.3899,91532.9308,19.0517,85791.7967,18.1081,87757.3907,16.0634,66307.4925,14.6039,60299.4983
20190328,002862.SZ,17.8326,19.1253,17.289,18.6215,18.0182,0.6033000000000008,3.3483,54515.54,150781.513,17.4954,0.8,19.4462,68635.81,19.6278,68668.729,20.1023,83163.4115,19.2036,84845.4433,18.3108,88831.7087,16.1211,65713.0443,14.667,60705.2528
20190329,002862.SZ,18.2303,18.6215,17.4348,18.3629,18.6215,-0.2586000000000013,-1.3887,44398.74,121521.804,14.2486,0.65,18.823,58956.074,19.5224,63257.281,19.7117,74616.8562,19.3362,85118.8043,18.4904,89185.2333,16.1794,65273.013,14.7277,61020.3839
20190401,002862.SZ,18.343,19.0524,18.2303,18.8336,18.3629,0.4707000000000008,2.5633,45423.03,128645.225,14.5774,0.77,18.473,52880.9,19.3586,58580.772,19.5236,67891.6854,19.4763,85267.1886,18.6425,88755.1343,16.2646,65080.5467,14.7953,61364.6675
20190402,002862.SZ,18.9397,20.3318,18.7607,19.6689,18.8336,0.8353000000000002,4.4352,61677.51,181892.918,19.7938,1.17,18.701,51204.518,19.35,58966.39,19.4726,64475.89,19.6452,85047.1829,18.7748,87538.4713,16.3569,65291.9018,14.8693,61843.0134
20190403,002862.SZ,19.47,19.9473,18.5618,18.8402,19.6689,-0.8287000000000013,-4.2133,55455.78,161051.68,17.7971,1.08,18.8654,52294.12,19.2771,60151.98,19.4282,61163.7792,19.7617,84684.6771,18.8272,85038.0747,16.4119,65142.0538,14.9403,62264.0283
20190404,002862.SZ,18.5949,18.9596,18.0911,18.1442,18.8402,-0.695999999999998,-3.6942,41911.48,116387.713,13.4504,0.8,18.77,49773.308,19.1081,59204.559,19.2492,57296.3454,19.8258,83158.1119,18.8464,81652.1087,16.4577,64036.7815,15.0055,62563.7323
20190408,002862.SZ,18.4358,18.5419,17.647,18.4822,18.1442,0.3379999999999974,1.8629,35184.48,96699.478,11.2916,0.71,18.7938,47930.456,18.8084,53443.265,19.1513,55555.0492,19.8261,79803.9286,18.8778,78823.704,16.5098,63417.3125,15.0715,62769.8946
20190409,002862.SZ,18.2834,19.6158,18.164,19.2115,18.4822,0.7293000000000021,3.946,56016.7,161134.764,17.9771,1.17,18.8694,50049.19,18.6712,51465.045,19.1238,56510.1892,19.7731,75452.9219,18.9019,76439.2667,16.5706,63196.774,15.151,63159.8588
20190410,002862.SZ,18.8336,19.059,18.2303,18.3629,19.2115,-0.8486000000000011,-4.4171,37983.5,106286.834,12.1898,0.76,18.6082,45310.388,18.6546,48257.453,19.0106,55479.2515,19.5827,69484.551,18.9538,74473.1497,16.6299,62886.6768,15.2153,62875.1788
20190411,002862.SZ,18.2303,18.5618,18.0712,18.1839,18.3629,-0.1789999999999985,-0.9748,24295.51,67198.605,7.797,0.54,18.4769,39078.334,18.6712,45686.227,18.7571,50209.8738,19.3324,63236.5295,19.0455,72803.368,16.692,62576.864,15.2693,62333.6065
20190412,002862.SZ,18.1906,18.3231,17.4481,17.6867,18.1839,-0.497200000000003,-2.7343,21688.0,58512.075,6.9602,0.55,18.3854,35033.638,18.5777,42403.473,18.5343,46047.4969,19.1613,57943.089,19.1158,72237.696,16.7417,62268.5627,15.3211,61627.0967
20190415,002862.SZ,17.7994,18.2038,17.4746,17.5078,17.6867,-0.17889999999999873,-1.0115,19045.23,51413.84,6.1121,0.54,18.1906,31805.788,18.4922,39868.122,18.4557,42123.3285,19.0268,53798.4405,19.1697,71462.305,16.7958,62066.011,15.3703,61195.4986
20190416,002862.SZ,17.3155,18.111,16.8515,17.8989,17.5078,0.39110000000000156,2.2339,22817.0,60779.109,7.3225,0.72,17.928,25165.848,18.3987,37607.519,18.4466,40031.7308,18.9545,50193.8586,19.2289,70012.9507,16.8464,61661.9222,15.4131,60470.0881
20190417,002862.SZ,17.7663,18.2237,17.7663,17.9585,17.8989,0.05959999999999965,0.333,21108.0,57611.582,6.7741,0.84,17.8472,21790.748,18.2277,33550.568,18.3956,37461.92,18.8349,46809.091,19.2811,68614.2707,16.9023,61507.4887,15.457,59728.8669
20190418,002862.SZ,18.0911,18.164,17.574,17.6337,17.9585,-0.32479999999999976,-1.8086,20819.0,56300.899,6.6813,0.96,17.7371,21095.446,18.107,30086.89,18.3395,35648.0938,18.7338,45047.0752,19.3089,66842.5923,16.957,61499.2387,15.4939,59082.2874
20190419,002862.SZ,17.5807,18.058,17.4945,17.9055,17.6337,0.27179999999999893,1.5414,18538.5,50107.448,5.9495,0.88,17.7809,20465.546,18.0832,27749.592,18.2681,33580.0531,18.6546,43853.6762,19.2899,63939.798,17.0239,61370.3803,15.5435,58590.5502
20190422,002862.SZ,17.9453,18.2171,17.5807,17.7398,17.9055,-0.16570000000000107,-0.9254,18897.0,51049.487,6.0645,0.92,17.8273,20435.9,18.0089,26120.844,18.1197,30289.2446,18.5549,42306.5957,19.2037,59656.77,17.0708,60534.1147,15.5915,58304.2921
20190423,002862.SZ,17.7,17.7464,17.1233,17.6337,17.7398,-0.10609999999999786,-0.5981,19235.57,50380.363,6.1732,0.94,17.7742,19719.614,17.8511,22442.731,18.0269,27503.0746,18.3718,38803.6505,19.0462,54853.9793,17.1283,60089.6408,15.6398,58122.2827
20190424,002862.SZ,17.5409,18.9065,17.2824,18.237,17.6337,0.6032999999999973,3.4213,38204.67,104602.831,12.2608,1.94,17.8299,23138.948,17.8385,22464.848,18.034,27217.9354,18.26,37013.449,18.8727,50944.003,17.1873,59587.172,15.6954,58199.3723
20190425,002862.SZ,17.8989,18.7342,17.4481,17.8989,18.237,-0.3380999999999972,-1.8539,40462.74,111536.383,12.9855,1.75,17.883,27067.696,17.81,24081.571,17.9891,27623.9554,18.23,35604.0833,18.76,47864.4193,17.2466,59551.2477,15.7385,57811.7043
20190426,002862.SZ,17.5674,18.0315,16.1819,16.4802,17.8989,-1.4187000000000012,-7.9262,28010.26,72724.031,8.9892,1.03,17.5979,28962.048,17.6894,24713.797,17.779,25469.6138,18.1568,34556.5829,18.6316,45261.9997,17.2843,59523.182,15.7682,57183.58
20190429,002862.SZ,16.2283,16.2349,14.8296,14.8296,16.4802,-1.6506000000000007,-10.0157,27252.0,62356.271,8.7458,0.94,17.0159,30633.048,17.4216,25534.474,17.5072,24644.1138,17.9762,33258.319,18.4787,42886.6257,17.3063,59425.1987,15.7852,56809.7362
20190430,002862.SZ,14.5445,15.4593,14.0539,14.3058,14.8296,-0.5237999999999996,-3.5321,19585.2,43378.825,6.2854,0.64,16.3503,30702.974,17.0623,25211.294,17.2089,24281.7823,17.783,32076.7219,18.2732,40466.5283,17.3155,59325.5863,15.7939,56202.9633
20190506,002862.SZ,14.0473,14.0473,12.8872,13.0529,14.3058,-1.2529000000000003,-8.758,23481.24,47366.901,7.5357,0.76,15.3135,27758.288,16.5717,25448.618,16.8525,24419.7238,17.5078,31031.8748,18.0498,39321.8587,17.3187,59300.3102,15.7812,55492.6473
20190507,002862.SZ,13.1921,14.3589,13.0662,14.3589,13.0529,1.306000000000001,10.0054,30268.49,62379.341,9.7139,1.09,14.6055,25719.438,16.2442,26393.567,16.6103,25283.0515,17.2549,29536.2071,17.8761,38877.479,17.3499,59545.7483,15.7671,54750.6745
20190508,002862.SZ,14.4782,15.4461,14.1136,14.9489,14.3589,0.5899999999999999,4.1089,44063.25,98580.141,14.141,1.71,14.2992,28930.036,15.9486,28946.042,16.3833,26917.3785,17.0696,28993.7057,17.7133,38633.3977,17.4114,59776.6525,15.7556,54060.4825
20190509,002862.SZ,14.5113,14.7831,14.1202,14.1269,14.9489,-0.822000000000001,-5.4987,25172.0,54714.13,8.0783,0.87,14.1587,28514.036,15.5873,29573.542,16.0886,27229.9938,16.8783,28196.5876,17.4682,36379.217,17.4514,59815.5857,15.7471,53473.4465
20190510,002862.SZ,14.1799,15.0019,13.9213,14.7633,14.1269,0.6364000000000001,4.5049,29470.01,64701.162,9.4576,1.03,14.2502,30490.998,15.3002,30596.986,15.8678,27895.4562,16.7012,27924.47,17.2742,34834.9207,17.4959,60045.6192,15.7375,52821.4916
20190513,002862.SZ,14.7765,15.4792,14.6307,15.161,14.7633,0.3977000000000004,2.6938,29677.02,67652.21,9.5241,0.97,14.6718,31730.154,14.9926,29744.221,15.6567,28752.2654,16.5083,26670.1995,17.1619,33488.8407,17.5424,60131.7028,15.7444,52668.9501
20190514,002862.SZ,14.9025,15.3466,14.7367,15.0085,15.161,-0.15249999999999986,-1.0059,18478.23,41977.11,5.9301,0.58,14.8017,29372.102,14.7036,27545.77,15.4466,28720.0523,16.3486,25741.3771,17.0616,32437.856,17.5849,60097.6233,15.7516,52263.3387
20190515,002862.SZ,15.1478,15.4461,14.9688,15.2207,15.0085,0.21220000000000105,1.4139,19222.7,44031.249,6.169,0.65,14.8561,24403.992,14.5776,26667.014,15.261,28719.0623,16.2075,25499.8148,16.9483,31261.428,17.6295,60046.5683,15.7601,51907.92
20190516,002862.SZ,15.34,15.8969,15.1809,15.5654,15.2207,0.34469999999999956,2.2647,25154.23,59222.84,8.0726,1.03,15.1438,24400.438,14.6512,26457.237,15.0555,27715.1823,16.1065,25664.8733,16.855,30619.9443,17.6727,59902.5888,15.7737,51739.4719
20190517,002862.SZ,15.7775,15.8306,14.286,14.6704,15.5654,-0.8949999999999996,-5.7499,25611.56,58324.69,8.2194,1.05,15.1252,23628.748,14.6877,27059.873,14.8071,26572.7838,15.9714,25977.5557,16.7162,29959.562,17.6793,59357.3482,15.7761,51516.0383
20190520,002862.SZ,14.9621,14.9887,13.5899,14.571,14.6704,-0.09940000000000104,-0.6776,19426.56,42304.072,6.2345,0.82,15.0072,21578.656,14.8395,26654.405,14.6603,25912.4992,15.8129,25816.1062,16.5463,28551.197,17.6606,58044.8342,15.7752,51158.8433
20190521,002862.SZ,14.7898,15.4394,14.7102,15.0152,14.571,0.4442000000000004,3.0485,23239.33,53003.301,7.4581,1.08,15.0085,22530.876,14.9051,25951.489,14.6745,25603.8323,15.6727,25917.5981,16.4188,27477.3153,17.623,56257.695,15.7818,50959.5544
20190522,002862.SZ,15.2074,15.4262,14.6506,14.9157,15.0152,-0.09950000000000081,-0.6627,20693.0,46955.75,6.6409,0.92,14.9475,22824.936,14.9018,23614.464,14.7214,25689.0477,15.5433,25911.5981,16.3112,26770.0327,17.5788,54211.0707,15.7898,50875.2628
20190523,002862.SZ,14.9157,15.3599,14.3522,14.9887,14.9157,0.0730000000000004,0.4894,24632.26,55903.793,7.9051,1.08,14.8322,22720.542,14.988,23560.49,14.8704,25777.5877,15.4044,26201.7771,16.1947,26418.292,17.5363,52620.998,15.8002,50887.7149
20190524,002862.SZ,15.0682,15.1146,14.4185,14.9157,14.9887,-0.0730000000000004,-0.487,20911.99,46477.575,6.7112,0.92,14.8813,21780.628,15.0032,22704.688,14.9132,25057.8569,15.2699,26297.729,16.0515,25248.135,17.4767,50843.7008,15.8118,50873.4707
20190527,002862.SZ,14.9224,15.2472,14.624,15.1809,14.9157,0.2652000000000001,1.778,34600.98,78437.725,11.1043,1.59,15.0032,24815.512,15.0052,23197.084,14.931,24329.99,15.1531,27029.4152,15.9455,25135.3843,17.4496,49804.267,15.8323,50903.9
20190528,002862.SZ,15.1743,15.7775,14.9157,15.3466,15.1809,0.16570000000000107,1.0915,37562.73,86900.97,12.0548,1.51,15.0695,27680.192,15.039,25105.534,15.0249,25283.1231,15.0155,26998.8467,15.8509,25577.625,17.4482,49190.4965,15.8455,50814.9752
20190529,002862.SZ,15.1411,15.6582,14.9953,15.1212,15.3466,-0.2254000000000005,-1.4687,24002.0,55083.739,7.7028,0.87,15.1106,28341.992,15.0291,25583.464,15.0524,24862.5069,14.8832,26215.0019,15.7654,25654.7583,17.4406,48946.2272,15.8599,50728.8758
20190530,002862.SZ,14.5843,15.2472,14.2992,14.6704,15.1212,-0.4507999999999992,-2.9812,27880.85,61672.245,8.9476,0.98,15.047,28991.71,14.9396,25856.126,15.0146,24724.34,14.797,26208.8395,15.6708,25949.279,17.4202,48705.792,15.8729,50794.9495
20190531,002862.SZ,14.6506,14.9489,14.3655,14.4915,14.6704,-0.1789000000000005,-1.2195,15460.48,34283.959,4.9616,0.53,14.9621,27901.408,14.9217,24841.018,14.9749,24492.2054,14.7809,25647.3386,15.5572,25704.0617,17.3931,47858.5062,15.8877,50775.0202
20190603,002862.SZ,14.4915,14.75,14.339,14.3788,14.4915,-0.11270000000000024,-0.7777,13854.85,30364.779,4.4464,0.5,14.8017,23752.182,14.9025,24283.847,14.9101,24079.2938,14.7844,25374.4648,15.4379,25462.29,17.3595,47038.2803,15.9022,50725.3356
20190604,002862.SZ,14.3854,14.4517,13.5236,13.5435,14.3788,-0.8353000000000002,-5.8092,16889.7,35501.144,5.4203,0.71,14.4411,19617.576,14.7553,23648.884,14.7546,23443.5608,14.8078,25060.5819,15.3016,25331.3133,17.3052,46086.9528,15.9072,50688.6023
20190605,002862.SZ,13.7622,14.8958,13.7556,14.8958,13.5435,1.3522999999999996,9.9849,36241.0,79100.397,11.6306,1.85,14.396,22065.376,14.7533,25203.684,14.7719,24261.21,14.8333,25344.9871,15.2012,25921.3967,17.2456,44930.5973,15.9219,50824.9442
20190606,002862.SZ,15.0483,15.0483,13.9744,13.9876,14.8958,-0.908199999999999,-6.097,33518.0,73208.856,10.7567,1.52,14.2594,23192.806,14.6532,26092.258,14.727,25345.1669,14.7876,24842.8324,15.0762,26408.7633,17.1399,43032.7667,15.9328,50954.3692
20190610,002862.SZ,14.2528,14.4451,13.8948,13.9412,13.9876,-0.04640000000000022,-0.3317,20695.0,44188.999,6.6415,0.89,14.1494,24239.71,14.5557,26070.559,14.6444,25149.4492,14.7787,24629.6419,14.9531,26457.411,16.9996,40655.6952,15.9448,51021.6692
20190611,002862.SZ,13.8484,14.5379,13.7888,14.3655,13.9412,0.42430000000000057,3.0435,21586.0,46472.37,6.9275,0.89,14.1467,25785.94,14.4742,24769.061,14.6021,25218.1415,14.7598,24254.2129,14.824,25903.4553,16.8484,38423.7292,15.9589,51113.0775
20190612,002862.SZ,14.3721,14.5312,14.0539,14.1799,14.3655,-0.18560000000000088,-1.292,16606.0,35689.171,5.3293,0.64,14.274,25729.2,14.3575,22673.388,14.5399,24600.7369,14.7131,23631.7833,14.7001,25108.2307,16.73,36486.325,15.9732,51183.7358
20190613,002862.SZ,14.1799,14.3191,13.9678,14.1335,14.1799,-0.04640000000000022,-0.3272,13233.0,28282.523,4.2468,0.51,14.1215,21127.6,14.2588,21596.488,14.4797,24010.0454,14.6714,23382.0105,14.6218,24615.6553,16.6267,34938.8275,15.9767,50882.0415
20190614,002862.SZ,14.1666,14.3721,13.4573,13.9147,14.1335,-0.21879999999999988,-1.5481,26201.0,55034.645,8.4085,1.24,14.107,19664.2,14.1832,21428.503,14.3823,23363.8931,14.6092,23714.3105,14.5913,24580.622,16.535,33733.6238,15.9742,50415.5146
20190617,002862.SZ,13.8617,13.8617,13.3048,13.5567,13.9147,-0.35800000000000054,-2.5728,15804.0,32356.613,5.0719,0.8,14.0301,18686.0,14.0897,21462.855,14.2446,21690.1446,14.5135,23269.0614,14.5664,24454.582,16.4198,32460.5552,15.9716,50190.9754
20190618,002862.SZ,13.5634,13.696,13.3645,13.4706,13.5567,-0.08610000000000007,-0.6351,8567.55,17398.366,2.7495,0.46,13.8511,16082.31,13.9989,20934.125,14.1177,20502.8792,14.4564,22457.4419,14.5803,23957.459,16.315,31639.6588,15.9735,49964.8826
20190619,002862.SZ,13.623,14.0539,13.623,13.7225,13.4706,0.2519000000000009,1.87,19091.0,39891.411,6.1268,1.19,13.7596,16579.31,14.0168,21154.255,14.0448,19826.7369,14.416,22441.4629,14.5591,23584.876,16.2176,31231.1775,15.9665,49576.1749
20190620,002862.SZ,13.7225,13.9876,13.5369,13.8617,13.7225,0.13920000000000066,1.0144,15254.55,31702.19,4.8956,0.92,13.7052,16983.62,13.9134,19055.61,13.9963,19810.8962,14.3611,22061.2352,14.5228,22624.586,16.118,30628.9918,15.9582,48909.7684
20190621,002862.SZ,14.0009,14.4384,13.9346,14.107,13.8617,0.24529999999999852,1.7696,22085.0,47245.606,7.0876,1.3,13.7437,16160.42,13.9253,17912.31,13.9754,20443.9846,14.3226,22127.521,14.5222,22521.686,15.9952,29450.4515,15.9395,48183.478
20190624,002862.SZ,14.2263,14.8362,14.0142,14.286,14.107,0.17900000000000027,1.2689,26990.55,58279.623,8.6619,1.67,13.8896,18397.73,13.9598,18541.865,14.0325,21220.9731,14.2891,22239.8205,14.5063,22439.0373,15.8902,28636.979,15.9269,47666.9196
20190625,002862.SZ,14.3522,14.3522,13.6893,13.8219,14.286,-0.4641000000000002,-3.2486,17855.0,37501.207,5.7301,0.97,13.9598,20255.22,13.9054,18168.765,13.9499,19806.6654,14.237,22094.2495,14.4616,22044.97,15.8118,27766.9053,15.9116,47188.6811
20190626,002862.SZ,13.7755,14.1202,13.5899,13.9081,13.8219,0.08619999999999983,0.6236,12480.0,26214.455,4.0051,0.62,13.9969,18933.02,13.8783,17756.165,13.9438,18188.3577,14.1764,21040.8695,14.4249,21845.029,15.7433,27141.4425,15.9033,46724.4675
20190627,002862.SZ,13.8948,14.1534,13.8948,13.9412,13.9081,0.03310000000000102,0.238,11066.0,23367.932,3.5513,0.58,14.0128,18095.31,13.859,17539.465,13.9438,17447.6654,14.1095,19779.1205,14.3823,21573.139,15.6653,26417.2835,15.8932,46065.1639
20190628,002862.SZ,13.9943,14.0473,13.7092,13.8683,13.9412,-0.07290000000000063,-0.5229,9906.17,20711.561,3.1791,0.55,13.9651,15659.544,13.8544,15909.982,13.9055,16549.2169,14.0498,19107.8905,14.3257,21064.8703,15.5904,25842.4073,15.8849,45557.7102
20190701,002862.SZ,14.1666,14.2528,13.9147,14.1799,13.8683,0.3116000000000003,2.2469,13405.42,28581.049,4.3021,0.86,13.9439,12942.518,13.9167,15670.124,13.9055,16303.0185,14.0265,18418.5843,14.3094,20657.999,15.5128,25308.7805,15.8887,45194.6636
20190702,002862.SZ,14.1865,15.5985,13.9876,14.8958,14.1799,0.7158999999999995,5.0487,58174.83,131094.022,18.6697,4.49,14.1587,21006.484,14.0592,20630.852,13.9642,19760.0823,14.0457,20452.601,14.3202,21949.608,15.4332,25250.4025,15.8951,45271.1522
20190703,002862.SZ,14.7036,14.9157,14.2528,14.2727,14.8958,-0.6230999999999991,-4.1831,34211.83,74794.779,10.9794,1.63,14.2316,25352.85,14.1143,22142.935,13.9917,20376.3,14.0407,21421.981,14.2955,22315.358,15.3571,24896.3367,15.8845,45019.1953
20190704,002862.SZ,14.2727,14.4053,13.7556,13.9213,14.2727,-0.35139999999999993,-2.462,23425.83,49625.363,7.5179,0.92,14.2276,27824.816,14.1202,22960.063,14.0198,20962.5946,14.0587,21733.2252,14.2623,22406.4523,15.2867,24588.2425,15.8722,44312.512
20190705,002862.SZ,13.8484,14.1136,13.8352,14.0075,13.9213,0.08619999999999983,0.6192,12231.0,25835.942,3.9252,0.44,14.2554,28289.782,14.1103,21974.663,14.0611,21244.3985,14.0164,20589.8919,14.2296,21993.077,15.2122,24205.6845,15.861,43811.4985
20190708,002862.SZ,14.0307,15.4098,13.4711,15.4098,14.0107,1.3991000000000007,9.9859,73183.52,161432.328,23.4864,2.59,14.5014,40245.402,14.2226,26593.96,14.1909,25405.3615,14.0841,22478.7262,14.2461,23735.4613,15.1488,24491.7982,15.8597,43844.2861
20190709,002862.SZ,15.2832,15.5231,14.5904,14.8302,15.4098,-0.579600000000001,-3.7612,71894.52,162630.479,23.0727,1.79,14.4883,42989.34,14.3235,31997.912,14.2654,29762.2823,14.1264,24916.7986,14.2344,24978.5793,15.0899,25056.9818,15.8599,43971.8293
20190710,002862.SZ,14.6703,14.9568,14.3838,14.4571,14.8302,-0.3730999999999991,-2.5158,39363.84,86514.385,12.6328,0.92,14.5252,44019.742,14.3784,34686.296,14.2923,31091.4238,14.1308,25763.3624,14.2047,25038.6163,15.0278,25308.1207,15.8599,43942.4923
20190711,002862.SZ,14.4238,14.7236,14.1706,14.7103,14.4571,0.25319999999999965,1.7514,34864.68,75862.956,11.1889,0.79,14.683,46307.512,14.4553,37066.164,14.3249,31697.1262,14.156,26632.8233,14.191,25400.7057,14.9782,25527.732,15.86,43898.1473
20190712,002862.SZ,14.5904,15.4564,14.5237,15.0834,14.7103,0.3730999999999991,2.5363,48585.22,109951.861,15.5922,1.05,14.8982,53578.356,14.5768,40934.069,14.422,34060.9892,14.2013,28316.2624,14.2048,26090.8513,14.9378,26020.0652,15.8668,44043.0381
20190715,002862.SZ,14.9101,15.3032,14.3505,14.8568,15.0834,-0.22659999999999947,-1.5023,29690.39,66314.315,9.5284,0.55,14.7876,44879.73,14.6445,42562.566,14.4949,35384.8654,14.2461,28482.4238,14.217,26565.1817,14.8871,26134.6217,15.8667,43898.2719
20190716,002862.SZ,14.9368,15.0367,14.5371,14.6237,14.8568,-0.2331000000000003,-1.569,24740.0,54601.385,7.9397,0.55,14.7463,35448.826,14.6173,39219.083,14.5474,36436.7115,14.2969,28907.9476,14.2251,26928.02,14.8315,26195.155,15.8669,43851.3218
20190717,002862.SZ,14.597,14.9168,14.5437,14.8369,14.6237,0.2132000000000005,1.4579,20774.0,45859.723,6.6669,0.59,14.8222,31730.858,14.6737,37875.3,14.622,37272.6985,14.362,29489.2071,14.2683,27057.4967,14.7849,26194.405,15.8709,43846.8218
20190718,002862.SZ,14.7236,14.9301,14.3505,14.3505,14.8369,-0.4863999999999997,-3.2783,18807.0,41296.029,6.0356,0.59,14.7503,28519.322,14.7166,37413.417,14.6351,37688.2046,14.3919,29475.6833,14.2501,26476.3633,14.7257,26198.88,15.8748,43784.6302
20190719,002862.SZ,14.2306,14.4638,13.8575,13.8575,14.3505,-0.4930000000000003,-3.4354,23549.0,49924.264,7.5574,0.83,14.5051,23512.078,14.7016,38545.217,14.5552,35024.6792,14.3917,29870.6571,14.2457,26144.0633,14.6609,26276.4133,15.8659,43405.264
20190722,002862.SZ,13.9441,13.9441,12.9314,13.1247,13.8575,-0.7327999999999992,-5.2881,17953.0,35941.163,5.7616,0.76,14.1587,21164.6,14.4731,33022.165,14.4669,33774.0,14.3449,29673.8952,14.2185,26052.6633,14.5858,26255.0372,15.8571,43172.339
20190723,002862.SZ,13.138,13.3911,13.138,13.3245,13.1247,0.19979999999999976,1.5223,9905.58,19752.026,3.1789,0.47,13.8988,18197.716,14.3225,26823.271,14.421,32733.9808,14.2991,28860.3252,14.1838,25663.316,14.5039,25783.3857,15.8456,42685.2788
20190724,002862.SZ,13.3778,13.6443,13.3512,13.4778,13.3245,0.15329999999999977,1.1505,12143.0,24651.636,3.897,0.67,13.627,16471.516,14.2246,24101.187,14.3802,32727.2115,14.2828,28588.3252,14.1604,25514.5493,14.4302,25311.39,15.8384,42431.3188
20190725,002862.SZ,13.551,13.8375,13.3312,13.5644,13.4778,0.0865999999999989,0.6425,11243.42,23008.539,3.6083,0.68,13.4698,14958.8,14.11,21739.061,14.2383,27962.5885,14.2664,28529.4405,14.1415,25448.23,14.3816,25031.9427,15.833,42277.5623
20190726,002862.SZ,13.5644,13.7642,13.4778,13.5843,13.5644,0.019900000000001583,0.1467,6724.0,13745.014,2.1579,0.45,13.4151,11593.8,13.9601,17552.939,14.1425,22949.4715,14.2494,28322.6786,14.1304,24798.9967,14.3609,24689.8093,15.8336,42057.504
20190729,002862.SZ,13.5777,13.7243,13.5177,13.6776,13.5843,0.09329999999999927,0.6868,7588.83,15522.856,2.4354,0.65,13.5257,9520.966,13.8422,15342.783,14.0825,20505.24,14.2403,28212.329,14.1345,24525.1577,14.3504,24489.8698,15.833,41907.7281
20190730,002862.SZ,13.6776,14.3772,13.6043,14.104,13.6776,0.4263999999999992,3.1175,22942.83,48215.505,7.3629,2.41,13.6816,12128.416,13.7902,15163.066,14.0359,19588.1746,14.2367,28666.4914,14.1556,25004.3337,14.3679,24480.8963,15.8433,41890.6033
20190731,002862.SZ,14.0574,14.0574,13.5377,13.571,14.104,-0.5329999999999995,-3.7791,18087.83,37313.175,5.8048,1.49,13.7003,13317.382,13.6636,14894.449,13.9195,17242.2215,14.1736,26757.5867,14.1505,24970.8947,14.3548,24277.8853,15.8523,41911.8168
20190801,002862.SZ,13.571,13.6776,13.4111,13.5111,13.571,-0.059899999999998954,-0.4414,7697.0,15665.496,2.4702,0.58,13.6896,12608.098,13.5797,13783.449,13.816,15550.4223,14.1374,25494.9757,14.1388,24718.9763,14.3308,23671.7812,15.8711,41724.2168
20190802,002862.SZ,13.0714,13.4378,13.0714,13.2779,13.5111,-0.23320000000000007,-1.726,10544.87,20998.488,3.3841,0.84,13.6283,13372.272,13.5217,12483.036,13.7125,14458.4892,14.1067,24881.5967,14.1112,24334.3053,14.3167,23427.9957,15.884,41621.7907
20190805,002862.SZ,13.2845,13.5244,13.2779,13.3512,13.2779,0.0732999999999997,0.552,7786.0,15659.483,2.4987,0.58,13.563,13411.706,13.5444,11466.336,13.5982,13459.4123,14.0755,24669.93,14.08,23694.1537,14.2932,23066.5955,15.8945,41556.1073
20190806,002862.SZ,13.1913,13.1913,12.0654,12.7249,13.3512,-0.6263000000000005,-4.691,12301.83,23411.102,3.948,0.92,13.2872,11283.506,13.4844,11705.961,13.4731,12959.0146,13.9476,21770.8019,14.0435,23509.048,14.2526,22777.009,15.8975,41454.3559
20190807,002862.SZ,12.8582,12.9914,12.7915,12.8648,12.7249,0.1399000000000008,1.0994,12338.0,23942.588,3.9596,1.09,13.146,10133.54,13.4231,11725.461,13.3968,12096.63,13.854,18934.7771,14.0087,23504.3147,14.2168,22674.6718,15.9009,41386.1476
20190808,002862.SZ,12.8648,12.9781,12.645,12.6983,12.8648,-0.16650000000000098,-1.2942,9420.0,18089.393,3.0231,0.93,12.9834,10478.14,13.3365,11543.119,13.364,11440.2454,13.7703,17508.88,13.9673,23449.448,14.1748,22511.2935,15.9021,41278.9309
20190809,002862.SZ,12.8315,12.8582,12.1919,12.3452,12.6983,-0.3530999999999995,-2.7807,12156.0,22786.26,3.9012,1.16,12.7969,10800.366,13.2126,12086.319,13.2887,11613.3546,13.6576,16427.5143,13.9165,23524.4423,14.1211,22294.6563,15.8969,41098.6226
20190812,002862.SZ,12.3785,12.625,12.2452,12.5917,12.3452,0.24649999999999928,1.9967,6944.3,13012.647,2.2286,0.64,12.645,10632.026,13.104,12021.866,13.2205,11213.4546,13.539,14444.6133,13.8636,23309.0717,14.0865,21983.5353,15.8829,40670.4418
20190813,002862.SZ,12.545,12.9448,12.1919,12.565,12.5917,-0.026699999999999946,-0.212,9882.0,18706.982,3.1714,0.93,12.613,10148.06,12.9501,10715.783,13.1436,11108.73,13.4299,13501.3567,13.7859,21699.3107,14.053,21824.4593,15.8568,39934.6468
20190814,002862.SZ,13.3245,13.4644,12.7316,12.8781,12.565,0.3131000000000004,2.4918,20353.46,40007.654,6.5319,2.01,12.6157,11751.152,12.8808,10942.346,13.0893,12157.15,13.3467,13292.4738,13.7394,21237.365,14.0174,21776.3615,15.8202,39017.0283
20190815,002862.SZ,12.3985,12.7582,12.3385,12.6583,12.8781,-0.21979999999999933,-1.7068,12162.91,22854.941,3.9034,1.04,12.6077,12299.734,12.7955,11388.937,13.0109,12509.0023,13.243,12882.4219,13.6973,20861.9343,13.9798,21634.1933,15.7793,37922.632
20190816,002862.SZ,12.6583,12.8915,12.525,12.6783,12.6583,0.019999999999999574,0.158,10865.0,20729.656,3.4868,0.88,12.6743,12041.534,12.7356,11420.95,12.9012,11579.9385,13.1634,12504.2314,13.653,20816.401,13.9413,21404.739,15.7388,37012.8685
20190819,002862.SZ,12.6783,13.1113,12.6783,13.0447,12.6783,0.3664000000000005,2.89,13554.51,26340.391,4.35,1.13,12.7649,13363.576,12.7049,11997.801,12.8607,11231.2215,13.1247,12028.3033,13.5741,18828.7673,13.9101,21282.1143,15.6934,36062.9076
20190820,002862.SZ,13.0913,13.2912,12.9381,13.1713,13.0447,0.12659999999999982,0.9705,11933.51,23598.385,3.8298,0.89,12.8861,13773.878,12.7496,11960.969,12.8346,11557.1069,13.1269,11741.661,13.5188,16830.067,13.8766,20904.3232,15.6631,35354.2951
20190821,002862.SZ,13.1846,13.2446,13.058,13.1313,13.1713,-0.040000000000000924,-0.3037,7557.43,14931.499,2.4254,0.55,12.9368,11214.672,12.7762,11482.912,12.8233,11327.3038,13.1177,11629.8443,13.4747,15769.8533,13.8397,20404.2348,15.6439,34797.3657
20190822,002862.SZ,13.118,13.2579,13.0714,13.0913,13.1313,-0.03999999999999915,-0.3046,7704.13,15203.381,2.4724,0.69,13.0234,10322.916,12.8155,11311.325,12.8033,11321.0062,13.0993,11418.4695,13.4207,14864.5017,13.8059,20132.6037,15.6232,34539.4154
20190823,002862.SZ,13.2246,13.2246,12.8448,12.8915,13.0913,-0.19979999999999976,-1.5262,7332.43,14309.001,2.3532,0.71,13.066,9616.402,12.8701,10828.968,12.8161,10938.7446,13.0672,11232.2319,13.3476,13489.4087,13.7762,19790.13,15.5982,34247.961
20190826,002862.SZ,12.605,12.8715,12.4851,12.7316,12.8915,-0.15990000000000038,-1.2404,7283.0,13907.328,2.3373,0.76,13.0034,8362.1,12.8841,10862.838,12.8059,10549.8985,13.0266,11258.851,13.2768,12742.4957,13.7469,19653.8387,15.57,33756.1724
20190827,002862.SZ,12.8049,13.1646,12.7649,13.078,12.7316,0.34639999999999915,2.7208,10831.0,21161.618,3.4759,1.3,12.9847,8141.598,12.9354,10957.738,12.8351,10658.4369,12.9981,11413.24,13.2253,12278.8623,13.7252,19603.4412,15.5423,33320.8608
20190828,002862.SZ,13.0847,13.1979,12.9914,13.058,13.078,-0.019999999999999574,-0.1529,8147.13,15981.382,2.6146,1.0,12.9701,8259.538,12.9534,9737.105,12.8899,10350.0623,12.9483,10708.6829,13.166,11857.9667,13.7171,19457.7317,15.5112,32772.3423
20190829,002862.SZ,13.118,13.4111,13.0647,13.1313,13.058,0.0732999999999997,0.5613,15480.0,30827.239,4.9679,1.87,12.9781,9814.712,13.0007,10068.814,12.9314,11006.6546,12.9273,10584.5005,13.1253,11747.0667,13.6877,19111.715,15.4666,32021.1562
20190830,002862.SZ,13.1446,13.5177,12.8582,12.8582,13.1313,-0.27309999999999945,-2.0798,20092.0,39851.162,6.448,2.05,12.9714,12366.626,13.0187,10991.514,12.954,11792.0392,12.8962,11174.7386,13.092,11631.8333,13.6689,18887.9483,15.4044,30960.3575
20190902,002862.SZ,12.6783,13.3045,12.6783,13.2512,12.8582,0.3930000000000007,3.0564,15615.69,30665.328,5.0115,1.26,13.0753,14033.164,13.0394,11197.632,12.9827,11427.5954,12.895,11416.2062,13.0962,11553.923,13.6574,18803.2932,15.3285,29729.4942
20190903,002862.SZ,13.2512,13.3045,13.1247,13.1913,13.2512,-0.05990000000000073,-0.452,9421.57,18682.714,3.0236,0.67,13.098,13751.278,13.0414,10946.438,13.0237,11216.7231,12.8873,11494.0905,13.0918,11537.7893,13.6378,18600.5527,15.2431,28512.1409
20190904,002862.SZ,13.1713,13.4444,13.1513,13.2312,13.1913,0.03989999999999938,0.3025,10287.87,20468.905,3.3016,0.75,13.1326,14179.426,13.0514,11219.482,13.0662,11172.3285,12.9115,11398.1876,13.0836,11475.9517,13.622,18495.2505,15.176,27490.7878
20190905,002862.SZ,13.2379,13.5577,13.2179,13.3445,13.2312,0.11330000000000062,0.8563,15637.0,31533.335,5.0183,1.1,13.1753,14210.826,13.0767,12012.769,13.0893,11332.52,12.9343,11555.2829,13.0762,11622.4043,13.6088,18535.3172,15.1178,26737.0723
20190906,002862.SZ,13.4311,13.7043,13.3179,13.591,13.3445,0.24649999999999928,1.8472,23504.19,47790.776,7.5431,1.65,13.3218,14893.264,13.1466,13629.945,13.1216,12222.5723,12.9768,12225.9586,13.0765,12181.744,13.6034,18490.3703,15.0692,26111.9971
20190909,002862.SZ,13.6576,13.7842,13.5244,13.7576,13.591,0.16660000000000075,1.2258,18893.19,38746.049,6.0633,1.27,13.4231,15548.764,13.2492,14790.964,13.1697,13094.5538,13.0441,12546.7771,13.0791,12558.556,13.6068,18541.8568,15.0133,25501.206
20190910,002862.SZ,13.8242,14.3372,13.631,14.1506,13.7576,0.3930000000000007,2.8566,29505.0,61845.764,9.4689,1.9,13.615,19565.45,13.3565,16658.364,13.2512,14771.5438,13.1183,13621.0962,13.0807,12777.295,13.6181,18890.8143,14.9666,25265.2366
20190911,002862.SZ,14.1373,14.1373,13.6843,13.7909,14.1506,-0.35970000000000013,-2.5419,19413.05,40431.248,6.2301,0.99,13.7269,21390.486,13.4298,17784.956,13.3204,15700.8223,13.1767,14074.9557,13.088,12821.469,13.6193,18896.1818,14.9184,25063.6797
20190912,002862.SZ,13.7509,13.8575,13.651,13.7576,13.7909,-0.03330000000000055,-0.2415,14261.71,29451.709,4.5769,0.67,13.8095,21115.428,13.4924,17663.127,13.3993,16237.6462,13.2186,13784.8724,13.0962,13040.2927,13.6175,18879.6345,14.8678,24754.3132
20190916,002862.SZ,13.7576,13.9841,13.7576,13.8042,13.7576,0.04659999999999975,0.3387,9634.78,20032.236,3.092,0.46,13.8522,18341.546,13.587,16617.405,13.4552,16145.6292,13.2731,13664.4852,13.1138,13009.9563,13.6125,18672.1308,14.8038,24061.2912
20190917,002862.SZ,13.7509,13.8642,13.5311,13.6576,13.8042,-0.1465999999999994,-1.062,12088.43,24820.771,3.8795,0.66,13.8322,16980.594,13.6276,16264.679,13.5013,16448.8062,13.3198,13722.7438,13.124,13153.3707,13.602,18423.7622,14.7461,23530.3706
20190918,002862.SZ,13.7376,13.9574,13.6576,13.8109,13.6576,0.15329999999999977,1.1225,13329.0,27749.919,4.2776,0.78,13.7642,13745.394,13.6896,16655.422,13.5536,16283.3446,13.3562,13712.0052,13.1602,13187.6097,13.6018,18348.3288,14.7068,23057.6171
20190919,002862.SZ,13.8109,14.0574,13.7309,13.9308,13.8109,0.11989999999999945,0.8682,15983.9,33383.214,5.1296,1.16,13.7922,13059.564,13.7596,17225.025,13.6361,15967.3369,13.3924,13904.881,13.1957,13309.1397,13.6022,18406.7272,14.6727,22774.0848
20190920,002862.SZ,13.9708,13.9907,13.611,13.7909,13.9308,-0.13989999999999903,-1.0042,12218.0,25318.116,3.9211,0.94,13.7989,12650.822,13.8042,16883.125,13.6776,15705.9762,13.4238,14126.8129,13.2321,13402.4063,13.5997,18425.9272,14.6325,22421.6053
20190923,002862.SZ,13.7376,13.7842,13.3045,13.651,13.7909,-0.1399000000000008,-1.0144,9289.0,18961.0,2.9811,0.73,13.7682,12581.666,13.8102,15461.606,13.713,15695.7785,13.4505,14202.2829,13.2757,13306.8397,13.5961,18415.641,14.5932,22129.0242
20190924,002862.SZ,13.7243,13.8975,13.5111,13.5577,13.651,-0.09329999999999927,-0.6835,9931.0,20427.582,3.1871,0.79,13.7483,12150.18,13.7902,14565.387,13.7381,15668.3269,13.4822,14326.0243,13.3079,13406.3963,13.5857,18357.734,14.5493,21833.2573
20190925,002862.SZ,13.5577,13.6776,13.1913,13.1913,13.5577,-0.3664000000000005,-2.7025,11248.0,22661.161,3.6098,0.93,13.6243,11733.98,13.6943,12739.687,13.7263,15330.7115,13.5041,14514.8338,13.3287,13451.9297,13.5573,17575.6202,14.4953,21413.0113
20190926,002862.SZ,13.3179,13.3778,12.6849,12.7849,13.1913,-0.40639999999999965,-3.0808,12416.0,24096.652,3.9846,1.06,13.3952,11020.4,13.5937,12039.982,13.6643,14477.7738,13.4901,14590.31,13.3256,13187.3477,13.5325,17212.3563,14.4448,21054.3465
20190927,002862.SZ,12.9181,13.058,12.7516,12.8781,12.7849,0.0931999999999995,0.729,11418.73,22108.3,3.6645,1.04,13.2126,10860.546,13.5057,11755.684,13.5967,13902.8154,13.4816,14746.1005,13.333,13162.5417,13.5151,17012.238,14.4009,20800.2403
20190930,002862.SZ,12.9514,13.0181,12.7382,12.8781,12.8781,0.0,0.0,7787.0,15082.352,2.499,0.72,13.058,10560.146,13.4131,11570.906,13.4988,12232.2,13.4695,14379.7671,13.3396,13059.9417,13.4963,16938.1713,14.3542,20571.9279
20191008,002862.SZ,12.8315,13.0847,12.8315,12.9381,12.8781,0.0600000000000005,0.4659,6976.7,13610.837,2.239,0.66,12.9341,9969.286,13.3412,11059.733,13.4332,11275.5577,13.4733,13755.229,13.3361,12840.6813,13.4551,15834.7243,14.302,20163.2613
20191009,002862.SZ,12.9514,13.1247,12.8382,13.0913,12.9381,0.1532,1.1841,6168.7,12069.042,1.9797,0.62,12.9141,8953.426,13.2692,10343.703,13.3819,10653.0185,13.4657,13305.3724,13.3334,12648.521,13.4261,14739.294,14.258,19898.1379
20191010,002862.SZ,13.1913,13.2979,12.9981,13.2113,13.0913,0.11999999999999922,0.9166,8219.0,16265.29,2.6377,0.92,12.9994,8114.026,13.1973,9567.213,13.3363,10544.1123,13.4666,13248.1071,13.3361,12670.5733,13.4054,14220.2133,14.2166,19764.167
20191011,002862.SZ,13.2312,13.3112,13.098,13.2046,13.2113,-0.006700000000000372,-0.0507,6599.0,13082.905,2.1178,0.81,13.0647,7150.08,13.1386,9005.313,13.3015,10121.8485,13.4654,13072.4467,13.3398,12633.7357,13.3803,13749.1187,14.1792,19638.4253
20191014,002862.SZ,13.2379,13.5044,13.2379,13.2979,13.2046,0.09330000000000105,0.7066,9007.0,18094.028,2.8906,1.26,13.1486,7394.08,13.1033,8977.113,13.262,9789.3869,13.4632,12756.7324,13.3534,12689.5547,13.3505,13089.4817,14.1442,19554.7734
20191015,002862.SZ,13.3045,13.3712,13.0714,13.2712,13.2979,-0.026699999999999946,-0.2008,7209.12,14272.316,2.3136,0.97,13.2153,7440.564,13.0747,8704.925,13.2113,9114.4038,13.4479,11980.7767,13.3714,12687.092,13.3241,12714.7938,14.1056,19424.7078
20191016,002862.SZ,13.2579,13.2579,13.0114,13.0514,13.2712,-0.2198000000000011,-1.6562,5972.87,11761.339,1.9168,0.8,13.2073,7401.398,13.0607,8177.412,13.1544,8634.0092,13.4143,11365.5233,13.3705,12525.1543,13.2979,12402.0083,14.0647,19298.5817
20191017,002862.SZ,13.2179,13.6043,12.9914,13.2779,13.0514,0.22650000000000148,1.7354,17536.0,35129.807,5.6277,2.37,13.2206,9264.798,13.11,8689.412,13.1257,9268.3938,13.3727,10795.571,13.3778,12838.1167,13.2719,12348.0417,14.0284,19271.2233
20191018,002862.SZ,13.1913,13.2246,12.5917,12.7449,13.2779,-0.5330000000000013,-4.0142,17923.0,34763.071,5.7519,1.93,13.1287,11529.598,13.0967,9339.839,13.0632,9883.1631,13.3229,10724.6162,13.3649,12919.55,13.2451,12333.3083,13.9854,19266.0942
20191021,002862.SZ,12.7649,12.9514,12.3585,12.8182,12.7449,0.0732999999999997,0.5751,9244.7,17677.093,2.9668,0.8,13.0327,11577.138,13.0907,9485.609,13.0345,9729.0631,13.2782,10485.711,13.3636,12557.9733,13.2278,12094.9033,13.9444,19185.6583
20191022,002862.SZ,12.8582,13.2246,12.6583,13.118,12.8182,0.2998000000000012,2.3389,10712.12,20941.021,3.4378,0.93,13.0021,12277.738,13.1087,9859.151,13.0601,9597.9954,13.2455,10537.0129,13.3592,12394.521,13.2277,11974.222,13.9067,19114.6296
20191023,002862.SZ,13.0847,13.2979,12.9314,13.0847,13.118,-0.03330000000000055,-0.2538,7543.0,14935.198,2.4207,0.61,13.0087,12591.764,13.108,9996.581,13.076,9299.8623,13.2182,10320.5638,13.3556,12331.902,13.2237,11934.8457,13.8638,18859.1157
20191024,002862.SZ,13.1513,13.4245,13.0647,13.1247,13.0847,0.040000000000000924,0.3057,8347.84,16571.207,2.679,0.66,12.9781,10754.132,13.0993,10009.465,13.0949,9343.0038,13.1856,10083.3657,13.3521,12267.2343,13.2178,11871.593,13.824,18591.4915
20191025,002862.SZ,13.0514,13.2712,12.9781,13.1646,13.1247,0.03989999999999938,0.304,9027.0,17788.085,2.897,0.84,13.062,8974.932,13.0953,10252.265,13.1124,9500.7192,13.1491,9752.0848,13.3461,12046.901,13.2112,11834.6527,13.7964,18433.2977
20191028,002862.SZ,13.2579,13.4444,13.0314,13.4111,13.1646,0.24649999999999928,1.8724,12504.0,24989.805,4.0128,1.39,13.1806,9626.792,13.1067,10601.965,13.137,9988.05,13.131,9765.7038,13.3401,11680.228,13.2083,11930.986,13.7846,18310.3977
20191029,002862.SZ,13.3578,13.8309,13.2046,13.2312,13.4111,-0.17989999999999995,-1.3414,19950.0,40204.393,6.4024,2.07,13.2033,11474.368,13.1027,11876.053,13.1385,10890.4346,13.111,10273.3705,13.3225,11715.455,13.2008,12137.0055,13.7756,18313.4377
20191030,002862.SZ,13.178,13.6443,13.0714,13.4511,13.2312,0.21990000000000087,1.662,21867.0,44275.142,7.0177,1.91,13.2765,14339.168,13.1426,13465.466,13.1575,12064.8962,13.1059,10841.7514,13.2992,11460.855,13.1899,12119.075,13.7789,18299.9857
20191031,002862.SZ,13.4444,14.2972,13.2246,13.7243,13.4511,0.2731999999999992,2.0311,41655.63,85845.278,13.3683,2.91,13.3965,21000.726,13.1873,15877.429,13.1903,14576.3292,13.1313,12289.7338,13.297,12202.2743,13.1925,12511.8717,13.7737,18394.8785
20191101,002862.SZ,13.7109,13.9108,13.4711,13.8309,13.7243,0.10660000000000025,0.7767,27741.33,56744.398,8.9029,1.32,13.5297,24743.592,13.2959,16859.262,13.2333,16155.73,13.1811,13019.5114,13.2994,12651.595,13.1978,12845.9438,13.7643,18258.8625
20191104,002862.SZ,13.6243,13.8309,13.6243,13.6643,13.8309,-0.16659999999999897,-1.2045,20907.09,43062.671,6.7096,0.84,13.5804,26424.21,13.3805,18025.501,13.2805,17304.5162,13.2186,13471.3381,13.2948,13027.3387,13.2043,13018.6475,13.7605,18223.3216
20191105,002862.SZ,13.6643,13.8042,13.4578,13.7776,13.6643,0.11329999999999885,0.8292,17454.09,35735.429,5.6014,0.66,13.6896,25925.028,13.4464,18699.698,13.3189,17298.2154,13.2614,13931.6757,13.2988,13206.194,13.2114,13179.7823,13.7523,18123.1889
20191106,002862.SZ,13.7243,13.7975,13.4444,13.4911,13.7776,-0.2865000000000002,-2.0795,17177.0,35084.34,5.5125,0.66,13.6976,24987.028,13.4871,19663.098,13.3763,17240.8308,13.2877,14417.4043,13.2881,13334.4607,13.2241,13261.0352,13.7383,18019.0221
20191107,002862.SZ,13.4977,13.7043,13.4178,13.5644,13.4911,0.0732999999999997,0.5433,14940.0,30493.443,4.7946,0.6,13.6657,19643.902,13.5311,20322.314,13.4337,17678.9308,13.3103,14835.0852,13.2759,13299.664,13.2358,13304.4018,13.7263,17989.5368
20191108,002862.SZ,13.5843,13.8309,13.5444,13.551,13.5644,-0.013399999999998968,-0.0988,13058.15,26813.459,4.1907,0.66,13.6097,16707.266,13.5697,20725.429,13.467,17859.3946,13.3264,15065.521,13.2679,13327.669,13.25,13365.0377,13.7124,17938.1656
20191111,002862.SZ,13.4578,13.6043,13.3578,13.4245,13.551,-0.12650000000000006,-0.9335,10132.63,20462.27,3.2518,0.61,13.5617,14552.374,13.571,20488.292,13.4931,18058.5969,13.3369,15233.789,13.2603,13355.79,13.268,13331.3148,13.6946,17812.9856
20191112,002862.SZ,13.4178,13.6976,13.3778,13.6776,13.4245,0.2530999999999999,1.8854,16460.99,33552.253,5.2827,1.13,13.5417,14353.754,13.6157,20139.391,13.5357,18682.6854,13.355,15588.741,13.2643,13573.4563,13.2861,13489.9263,13.6863,17736.7308
20191113,002862.SZ,13.6843,14.0907,13.611,13.7243,13.6776,0.04669999999999952,0.3414,38177.1,79242.651,12.252,2.66,13.5884,18553.774,13.643,21770.401,13.5787,20925.0008,13.3766,17063.4067,13.2821,14471.093,13.3054,13961.5113,13.6792,17892.9853
20191114,002862.SZ,13.7109,14.0174,13.3778,13.9308,13.7243,0.20650000000000013,1.5046,34877.64,72203.149,11.1931,1.88,13.6616,22541.302,13.6636,21092.602,13.6187,22646.05,13.4184,18439.8243,13.3203,15219.8143,13.323,14203.581,13.6702,17989.9713
20191115,002862.SZ,13.9441,14.1773,13.5244,13.5311,13.9308,-0.3996999999999993,-2.8692,31831.0,65978.159,10.2153,1.41,13.6577,26295.872,13.6337,21501.569,13.6418,23559.9731,13.4305,19120.5386,13.3421,15900.2233,13.3375,14531.3825,13.6587,18082.7879
20191118,002862.SZ,13.5244,14.7169,13.3911,14.3772,13.5311,0.8460999999999999,6.253,59621.11,126820.341,19.1339,2.27,13.8482,36193.568,13.705,25372.971,13.713,26464.1354,13.5082,21106.1629,13.392,17628.027,13.3658,15343.9843,13.6536,18374.3617
20191119,002862.SZ,14.2373,14.8435,14.1706,14.5904,14.3772,0.2132000000000005,1.4829,56218.73,123140.785,18.042,1.55,14.0308,44145.116,13.7862,29249.435,13.7796,27584.3738,13.5926,23343.0214,13.4471,19269.428,13.3916,16055.0547,13.6508,18668.5845
20191120,002862.SZ,14.557,15.643,14.3772,15.3099,14.5904,0.7195,4.9313,72228.07,164942.781,23.1797,1.64,14.3479,50955.31,13.9681,34754.542,13.8934,31006.4308,13.697,26272.3524,13.5211,21471.407,13.4272,17059.964,13.6519,18982.1436
20191121,002862.SZ,15.0967,16.1027,14.7902,15.603,15.3099,0.29309999999999903,1.9144,69523.69,159963.839,22.3118,1.36,14.6823,57884.52,14.172,40212.911,14.0425,34746.1692,13.8169,29223.8138,13.6008,23514.8967,13.4684,18092.735,13.6541,19248.4849
20191122,002862.SZ,15.3765,17.0954,15.3765,16.3692,15.603,0.7661999999999995,4.9106,89957.32,220247.473,28.8695,1.55,15.2499,69509.784,14.4538,47902.828,14.2419,40323.3408,13.9714,33109.9795,13.7063,26293.5073,13.5231,19463.6215,13.6645,19798.1126
20191125,002862.SZ,16.1893,16.8955,15.603,15.7562,16.3692,-0.6129999999999995,-3.7448,67122.78,163204.254,21.5413,0.97,15.5257,71010.118,14.687,53601.843,14.4161,44165.3238,14.0948,35876.4452,13.7882,28230.7,13.5708,20460.1273,13.6735,20125.1287
20191126,002862.SZ,15.7229,16.4225,14.8902,16.3758,15.7562,0.6196000000000019,3.9324,53124.88,126906.168,17.0491,0.75,15.8828,70391.348,14.9568,57268.232,14.6324,47102.6223,14.236,37810.7729,13.8917,29761.2253,13.6315,21224.1587,13.6892,20438.9987
20191127,002862.SZ,16.0827,16.5024,15.7229,16.1227,16.3758,-0.25310000000000343,-1.5456,46526.7,112778.253,14.9315,0.66,16.0454,65251.074,15.1966,58103.192,14.8302,49677.1262,14.3737,39076.33,13.9941,31113.0197,13.6823,21819.087,13.7037,20711.2641
20191128,002862.SZ,16.0227,16.2226,15.3232,15.3232,16.1227,-0.7994999999999983,-4.9588,33672.16,79190.143,10.8062,0.52,15.9894,58080.768,15.3359,57982.644,14.9763,51487.8592,14.4628,39638.4805,14.0623,31650.8917,13.72,22244.5042,13.7186,20851.1179
20191129,002862.SZ,15.4231,15.5897,15.19,15.4298,15.3232,0.10660000000000025,0.6957,33570.0,77788.385,10.7734,0.58,15.8015,46803.304,15.5257,58156.544,15.111,52803.9369,14.544,39253.4505,14.1518,32172.4583,13.7584,22546.0042,13.723,20828.8596
20191202,002862.SZ,15.643,15.6896,15.1566,15.4564,15.4298,0.02660000000000018,0.1724,31001.0,71395.889,9.949,0.66,15.7416,39578.948,15.6337,55294.533,15.2443,52251.9292,14.6215,39408.6729,14.2397,32897.6683,13.8017,22727.8208,13.7353,20807.8846
20191203,002862.SZ,15.3232,15.5097,14.9301,15.3965,15.4564,-0.05990000000000073,-0.3875,26978.0,61562.689,8.6579,0.68,15.5457,34349.572,15.7143,52370.46,15.357,51644.2646,14.7039,39697.7638,14.3157,33439.8643,13.8374,22917.1927,13.7474,20860.2429
20191204,002862.SZ,15.3299,15.7163,15.19,15.5097,15.3965,0.11320000000000086,0.7352,26929.0,62681.204,8.6422,0.78,15.4231,30430.032,15.7342,47840.553,15.5092,51267.1877,14.7864,40148.95,14.3965,34086.0643,13.876,23208.9832,13.7569,20904.7679
20191205,002862.SZ,15.5497,15.5897,15.19,15.2899,15.5097,-0.2198000000000011,-1.4172,23246.12,53365.925,7.4602,0.76,15.4165,28344.824,15.7029,43212.796,15.5794,48469.1115,14.8721,40437.9557,14.4687,34582.6737,13.9104,23424.954,13.7662,20960.1022
20191206,002862.SZ,15.3232,15.643,15.0634,15.5164,15.2899,0.22650000000000148,1.4814,28199.12,65298.774,9.0498,0.99,15.4338,27270.648,15.6177,37036.976,15.6507,46313.7569,14.965,41069.3424,14.5471,35221.7443,13.9466,23634.3227,13.7777,21084.8199
20191209,002862.SZ,15.5564,15.5897,15.1833,15.4031,15.5164,-0.11330000000000062,-0.7302,21728.21,49956.013,6.9731,0.8,15.4231,25416.09,15.5823,32497.519,15.6578,42429.1523,15.0532,41482.2024,14.6135,35529.218,13.9768,23604.723,13.7901,21047.5467
20191210,002862.SZ,15.4365,15.4365,14.8902,15.1566,15.4031,-0.24650000000000105,-1.6003,23520.12,53382.961,7.5482,0.93,15.3751,24724.514,15.4604,29537.043,15.6235,38890.4162,15.1357,42119.7019,14.6776,35648.222,14.0001,23681.8385,13.8034,21111.8477
20191211,002862.SZ,15.1433,15.2899,14.3838,15.2433,15.1566,0.08670000000000044,0.572,42008.0,93677.549,13.4814,1.7,15.3219,27740.314,15.3725,29085.173,15.5369,35202.0069,15.2103,43336.2262,14.7374,36319.5887,14.0183,23890.2218,13.8182,21390.5181
20191212,002862.SZ,14.9901,16.136,14.9301,15.6963,15.2433,0.4530000000000012,2.9718,46679.0,109897.834,14.9804,1.68,15.4031,32426.89,15.4098,30385.857,15.5323,33629.4085,15.3042,43741.0786,14.8031,36487.0343,14.05,24344.6543,13.8347,21620.4181
20191213,002862.SZ,15.6963,15.9428,15.3232,15.4564,15.6963,-0.23990000000000045,-1.5284,26006.0,60796.76,8.346,0.8,15.3911,31988.266,15.4125,29629.457,15.4616,31543.3408,15.3768,43318.6195,14.8573,36429.19,14.0784,24540.3925,13.8479,21710.0135
20191216,002862.SZ,15.5031,15.5764,15.07,15.4764,15.4564,0.019999999999999574,0.1294,27421.57,62934.345,8.8002,0.86,15.4058,33126.938,15.4145,29271.514,15.4118,30073.7154,15.4694,43108.6467,14.9177,36646.3393,14.1062,24836.839,13.8594,21754.4849
20191217,002862.SZ,15.3299,15.5564,15.2099,15.3099,15.4764,-0.1664999999999992,-1.0758,22490.0,51801.94,7.2176,0.68,15.4365,32920.914,15.4058,28822.714,15.4108,29213.5492,15.5139,41340.4986,14.9688,36814.203,14.1338,25010.1985,13.8679,21716.9803
20191218,002862.SZ,15.19,15.3832,15.19,15.2632,15.3099,-0.046700000000001296,-0.305,14231.09,32612.164,4.5671,0.43,15.4404,27365.532,15.3811,27552.923,15.398,27725.9408,15.5459,39341.0871,15.0278,36716.006,14.158,25025.2333,13.8799,21686.7811
20191219,002862.SZ,15.2766,15.7762,15.2033,15.6563,15.2632,0.39310000000000045,2.5755,26531.11,62014.563,8.5145,0.97,15.4324,23335.954,15.4178,27881.422,15.4134,27382.1031,15.5624,37165.0414,15.0976,37102.3763,14.1867,25201.0202,13.8945,21803.8737
20191220,002862.SZ,15.6097,15.9161,15.0034,15.07,15.6563,-0.5862999999999996,-3.7448,25036.0,58056.799,8.0347,1.07,15.3552,23141.954,15.3731,27565.11,15.3883,27232.7185,15.537,35046.58,15.1482,37501.638,14.208,25414.6535,13.9039,21920.2903
20191223,002862.SZ,15.0567,15.2366,14.7569,15.0101,15.07,-0.05990000000000073,-0.3975,13180.09,29800.719,4.2298,0.57,15.2619,20293.658,15.3338,26710.298,15.3498,26175.11,15.4723,31390.5214,15.2011,37603.22,14.2307,25479.505,13.9134,21947.573
20191224,002862.SZ,15.09,15.09,14.5637,14.9701,15.0101,-0.03999999999999915,-0.2665,14000.09,31166.618,4.493,0.69,15.1939,18595.676,15.3152,25758.295,15.3252,25463.8769,15.4349,28860.8695,15.2441,37521.19,14.2542,25547.3232,13.92,21952.5286
20191225,002862.SZ,14.9768,15.1367,14.8502,15.0301,14.9701,0.05999999999999872,0.4008,10322.0,23181.64,3.3126,0.56,15.1473,17813.858,15.2939,22589.695,15.2878,24088.7138,15.3708,26822.6371,15.2877,36592.6867,14.2849,25531.8898,13.9211,21553.755
20191226,002862.SZ,15.0567,15.2965,14.8635,15.1367,15.0301,0.10660000000000025,0.7092,13248.0,30091.777,4.2516,0.74,15.0434,15157.236,15.2379,19246.595,15.2673,23436.39,15.3238,25237.9371,15.3279,35871.6987,14.3241,25545.7565,13.9283,21379.0564
20191227,002862.SZ,15.1566,15.2699,14.7969,14.8102,15.1367,-0.32649999999999935,-2.157,12023.15,27030.799,3.8585,0.79,14.9914,12554.666,15.1733,17848.31,15.2407,22552.0077,15.2994,24207.0319,15.3705,35211.437,14.3563,25555.8302,13.9357,21284.0341
20191230,002862.SZ,14.6703,14.9568,14.6703,14.7369,14.8102,-0.0732999999999997,-0.4949,7544.0,16753.007,2.4211,0.6,14.9368,11427.448,15.0993,15860.553,15.2017,19900.9308,15.2664,22967.6986,15.3825,33475.5333,14.3873,25551.7802,13.9418,21244.9757
20191231,002862.SZ,14.677,14.9834,14.6636,14.7969,14.7369,0.0600000000000005,0.4071,6671.0,14832.891,2.1409,0.58,14.9022,9961.63,15.048,14278.653,15.1326,16823.3923,15.235,21809.1271,15.3894,31823.9423,14.4182,25546.6852,13.9367,20690.7047
20200102,002862.SZ,14.9368,15.1233,14.7902,15.05,14.7969,0.2530999999999999,1.7105,10784.54,24224.456,3.461,1.08,14.9061,10054.138,15.0267,13933.998,15.1013,15652.5108,15.2185,21038.01,15.3807,29775.8247,14.4509,25623.6158,13.9385,20181.4549
20200103,002862.SZ,15.07,15.1233,14.9568,15.0034,15.05,-0.04660000000000153,-0.3096,8140.93,18370.321,2.6126,0.81,14.8795,9032.724,14.9614,12094.98,15.0649,14169.3846,15.1944,20143.34,15.3607,27729.7327,14.4808,25622.3147,13.9431,19921.264
20200106,002862.SZ,14.8302,15.2832,14.5237,15.2699,15.0034,0.2665000000000006,1.7763,14039.54,31879.9,4.5056,1.55,14.9714,9436.002,14.9814,10995.334,15.0618,13519.3492,15.1934,19704.9314,15.3241,25199.14,14.5152,25746.3237,13.9477,19747.7212
20200107,002862.SZ,15.19,15.603,15.19,15.5764,15.2699,0.3064999999999998,2.0072,17245.44,40095.56,5.5345,1.83,15.1393,11376.29,15.0381,11401.869,15.0859,13751.2223,15.1963,19183.3276,15.3181,23536.562,14.5532,25883.631,13.9518,19486.5563
20200108,002862.SZ,15.7896,15.7896,15.3832,15.4031,15.5764,-0.17329999999999934,-1.1126,16736.0,38948.973,5.371,1.47,15.2606,13389.29,15.0814,11675.46,15.0664,12997.7523,15.1963,18945.6033,15.2857,22323.5993,14.5887,26042.4123,13.9564,19378.6031
20200109,002862.SZ,15.6563,15.7629,15.3365,15.4498,15.4031,0.04669999999999952,0.3032,9952.54,23104.989,3.194,0.74,15.3405,13222.89,15.1233,11638.514,15.0957,11837.4862,15.2103,18299.5281,15.2632,21104.4607,14.6287,26108.7402,13.9633,19255.3742
20200110,002862.SZ,15.3232,15.6563,15.2699,15.6363,15.4498,0.18650000000000055,1.2071,12312.0,28640.069,3.9512,0.93,15.4671,14057.104,15.1733,11544.914,15.1438,11770.71,15.229,16885.4329,15.2737,20392.4553,14.668,26021.6735,13.9699,19184.8576
20200113,002862.SZ,15.6363,15.7163,15.3232,15.5897,15.6363,-0.04659999999999975,-0.298,9978.99,23262.627,3.2025,0.71,15.5311,13244.994,15.2512,11340.498,15.1915,11461.3946,15.2239,15137.8133,15.279,19606.0883,14.7154,25889.2733,13.9803,19111.2908
20200114,002862.SZ,15.5364,15.8562,15.3898,15.4165,15.5897,-0.17320000000000135,-1.111,11427.99,26638.252,3.6675,0.86,15.4991,12081.504,15.3192,11728.897,15.2212,11546.4708,15.222,14443.6224,15.2777,18953.6547,14.7587,25925.6615,13.9932,19010.2824
20200115,002862.SZ,15.3632,15.6563,15.2033,15.563,15.4165,0.1465000000000014,0.9503,13983.0,32376.99,4.4875,1.16,15.5311,11530.904,15.3958,12460.097,15.254,11603.0092,15.2261,13803.6905,15.2832,18520.488,14.7994,25980.1762,14.0136,18977.1991
20200116,002862.SZ,16.0094,16.5224,15.5964,15.6163,15.563,0.053300000000000125,0.3425,34283.64,82038.064,11.0025,2.97,15.5644,16397.124,15.4524,14810.007,15.316,13315.3546,15.2407,14365.2924,15.2868,18765.6427,14.8416,26425.8535,14.0327,19180.3496
20200117,002862.SZ,15.2899,15.4831,15.09,15.1367,15.6163,-0.47960000000000136,-3.0712,16479.65,37709.824,5.2887,1.01,15.4644,17230.654,15.4658,15643.879,15.3468,14002.7123,15.2347,14472.3667,15.2817,18540.0937,14.8752,26561.3837,14.0465,19216.4883
20200120,002862.SZ,15.0034,15.2366,14.9901,15.15,15.1367,0.013300000000000978,0.0879,6516.99,14799.847,2.0915,0.38,15.3765,16538.254,15.4538,14891.624,15.3739,13990.8654,15.2106,13519.3133,15.2695,17817.356,14.9083,26519.5502,14.0597,19177.1014
20200121,002862.SZ,15.1233,15.1233,14.7569,14.7969,15.15,-0.3530999999999995,-2.3307,8798.0,19789.929,2.8235,0.53,15.2526,16012.256,15.3758,14046.88,15.3545,13838.0546,15.1976,12746.0752,15.2492,17386.349,14.9313,26457.7835,14.0698,19194.3848
20200122,002862.SZ,15.3165,15.3165,14.7103,14.9035,14.7969,0.10659999999999847,0.7204,7286.99,16392.115,2.3386,0.46,15.1207,14673.054,15.3259,13101.979,15.3468,13772.3669,15.1925,12465.4514,15.2408,16845.2447,14.9592,26246.7333,14.08,19191.8694
20200123,002862.SZ,14.8568,14.9701,13.9108,14.1373,14.9035,-0.7661999999999995,-5.1411,13836.92,30049.096,4.4406,0.94,14.8249,10583.71,15.1946,13490.417,15.2597,13756.7808,15.1528,12457.6814,15.2039,15906.2087,14.9707,26112.8987,14.0803,19115.9868
20200203,002862.SZ,12.7249,12.7249,12.7249,12.7249,14.1373,-1.4123999999999999,-9.9906,907.0,1732.37,0.2911,0.09,14.3425,7469.18,14.9035,12349.917,15.0403,12499.9777,15.0431,12009.3481,15.1049,14380.4753,14.954,25433.7548,14.0732,18972.8133
20200204,002862.SZ,11.4524,13.1913,11.4524,13.058,12.7249,0.33309999999999995,2.6177,56934.32,102125.682,18.2716,7.62,13.9241,17552.646,14.6503,17045.45,14.8599,15592.1562,14.9441,14089.649,15.025,15411.4193,14.9411,25920.3047,14.0695,19383.1243
20200205,002862.SZ,12.6716,13.138,12.6716,13.0514,13.058,-0.006600000000000605,-0.0505,22177.0,43136.221,7.1171,1.26,13.575,20228.446,14.4138,18120.351,14.6754,16532.4992,14.8603,14573.1657,14.9441,15236.6003,14.9309,25941.4698,14.0676,19480.0587
20200206,002862.SZ,12.9981,13.178,12.6916,12.8915,13.0514,-0.1598999999999986,-1.2252,20362.0,39700.608,6.5347,1.01,13.1726,22843.448,14.1466,18758.251,14.4643,17151.73,14.7725,15183.5467,14.8635,15165.667,14.9161,25989.935,14.0638,19584.8587
20200207,002862.SZ,12.8315,12.9581,12.7049,12.7982,12.8915,-0.09330000000000105,-0.7237,15474.95,29805.254,4.9663,0.68,12.9048,23171.054,13.8648,16877.382,14.2496,17574.4962,14.6773,15602.7824,14.7813,15207.129,14.9046,25961.5675,14.0644,19611.3013
20200210,002862.SZ,12.8182,13.5577,12.6916,13.4311,12.7982,0.6329000000000011,4.9452,22183.3,43833.533,7.1192,0.96,13.046,27426.314,13.6943,17447.747,14.0968,18401.8277,14.6002,16145.5805,14.7072,15062.202,14.9024,26082.2892,14.0691,19693.3455
20200211,002862.SZ,13.3378,13.8042,13.2779,13.5777,13.4311,0.1465999999999994,1.0915,15132.0,30697.521,4.8562,0.55,13.15,19065.85,13.537,18309.248,13.9441,18490.2123,14.5323,16478.4886,14.6574,14732.0687,14.9028,26116.8533,14.0764,19740.9455
20200212,002862.SZ,13.591,13.7442,13.4644,13.6443,13.5777,0.06659999999999933,0.4905,6819.0,13984.623,2.1884,0.36,13.2686,15994.25,13.4218,18111.348,13.7924,16377.5477,14.4549,16134.6533,14.6119,14520.0323,14.9065,26061.6262,14.0872,19696.4705
20200213,002862.SZ,13.5444,13.7109,13.4045,13.4444,13.6443,-0.19989999999999952,-1.4651,7535.0,15325.921,2.4182,0.47,13.3791,13428.85,13.2759,18136.149,13.6622,15689.4977,14.3534,15672.2514,14.561,14304.5293,14.9026,25912.8597,14.0943,19701.393
20200214,002862.SZ,13.3911,13.5244,13.2579,13.3245,13.4444,-0.11989999999999945,-0.8918,6196.0,12447.145,1.9884,0.46,13.4844,11573.06,13.1946,17372.057,13.5218,15664.8062,14.2544,15170.3467,14.5042,14166.996,14.8959,25379.8413,14.1007,19670.6763
20200217,002862.SZ,13.3312,13.7709,13.3312,13.6843,13.3245,0.3597999999999999,2.7003,8931.99,18347.846,2.8665,0.77,13.535,8922.798,13.2905,18174.556,13.4362,15675.1131,14.1703,15121.749,14.4558,14023.129,14.8918,24947.4138,14.1074,19575.4974
20200218,002862.SZ,13.3911,13.8375,13.3911,13.7309,13.6843,0.04659999999999975,0.3405,8500.88,17478.647,2.7281,0.95,13.5657,7596.574,13.3578,13331.212,13.346,15768.4892,14.0796,14940.2671,14.4198,13905.72,14.8951,24558.5785,14.1163,19544.9805
20200219,002862.SZ,13.8375,13.8842,13.591,13.6976,13.7309,-0.03330000000000055,-0.2425,8477.45,17428.588,2.7206,1.12,13.5763,7928.264,13.4224,11961.257,13.3122,15356.2223,13.9895,14868.7652,14.3852,13936.835,14.8838,23706.1842,14.1248,19525.0843
20200220,002862.SZ,13.7642,14.0907,13.6043,14.0107,13.6976,0.3131000000000004,2.2858,13471.0,27930.902,4.3232,1.7,13.6896,9115.464,13.5344,11272.157,13.4111,16322.6838,13.9225,14966.0514,14.3589,14163.5017,14.8742,22993.722,14.1329,19524.3883
20200221,002862.SZ,14.0107,14.0707,13.8575,13.8908,14.0107,-0.11989999999999945,-0.8558,10495.45,21959.72,3.3682,1.15,13.8029,9975.354,13.6436,10774.207,13.4752,12750.4631,13.8429,14799.9776,14.3203,14153.8653,14.8505,21964.845,14.1389,19512.4045
20200224,002862.SZ,13.9241,14.657,13.7442,14.5637,13.8908,0.6729000000000003,4.8442,18787.45,40198.759,6.0293,1.88,13.9787,11946.446,13.7569,10434.622,13.5915,12489.7285,13.7928,14062.0638,14.3056,14508.7493,14.8332,21119.241,14.1508,19605.988
20200225,002862.SZ,14.3239,14.9634,14.2639,14.9168,14.5637,0.3530999999999995,2.4245,19984.0,44108.814,6.4134,1.67,14.2159,14243.07,13.8908,10919.822,13.7473,12460.6515,13.7823,14228.9376,14.2939,14706.898,14.809,19953.019,14.166,19708.3203
20200226,002862.SZ,14.4638,15.05,14.4638,14.5437,14.9168,-0.3731000000000009,-2.5012,11861.16,26282.728,3.8065,0.83,14.3851,14919.812,13.9807,11424.038,13.8816,12182.6677,13.7534,14483.4219,14.2595,14527.422,14.7888,19031.992,14.1798,19746.0597
20200227,002862.SZ,14.6969,15.0567,14.5237,14.9101,14.5437,0.3664000000000005,2.5193,12191.2,27150.185,3.9125,0.82,14.565,14663.852,14.1273,11889.658,13.9953,11414.0446,13.7588,14645.0029,14.243,14375.9287,14.7643,18349.764,14.1979,19786.9613
20200228,002862.SZ,14.7236,14.9967,14.5237,14.5904,14.9101,-0.3196999999999992,-2.1442,13901.0,30799.807,4.4612,0.95,14.7049,15344.962,14.2539,12660.158,14.0732,11319.3523,13.7439,14959.9557,14.2144,14507.544,14.7388,17806.0023,14.2105,19812.5447
20200302,002862.SZ,14.5304,14.9834,14.5304,14.6436,14.5904,0.05319999999999858,0.3646,12366.8,27488.152,3.9688,0.81,14.7209,14060.832,14.3498,13003.639,14.1501,11746.1062,13.768,14889.95,14.1813,14509.3707,14.7275,17450.913,14.2238,19847.7086
20200303,002862.SZ,14.8435,15.2299,14.617,14.7303,14.6436,0.08670000000000044,0.5921,13133.09,29237.748,4.2147,0.93,14.6836,12690.65,14.4498,13466.86,14.249,12176.7285,13.8635,15472.1448,14.1526,14614.5073,14.7158,17110.2978,14.2371,19828.151
20200304,002862.SZ,14.5304,14.8702,14.5237,14.7103,14.7303,-0.019999999999999574,-0.1358,7264.9,16032.759,2.3315,0.57,14.7169,11771.398,14.551,13345.605,14.3556,12258.9515,13.9422,13106.9343,14.1291,14475.7377,14.7034,16714.6962,14.2525,19721.2585
20200305,002862.SZ,14.7902,15.6563,14.7569,15.1833,14.7103,0.472999999999999,3.2154,18530.39,42176.771,5.9469,1.57,14.7716,13039.236,14.6683,13851.544,14.4709,12997.29,14.0437,12933.2862,14.1164,14627.3173,14.6998,16573.9027,14.2686,19745.5477
20200306,002862.SZ,15.1833,15.9761,14.8902,15.5164,15.1833,0.33310000000000173,2.1939,26723.3,62617.689,8.5762,2.05,14.9568,15603.696,14.8309,15474.329,14.6083,14399.0146,14.1687,13236.2052,14.1131,14375.306,14.6999,16570.4743,14.288,19889.7288
20200309,002862.SZ,15.2233,15.9761,15.2233,15.8495,15.5164,0.33309999999999995,2.1468,20114.01,47500.081,6.4551,1.29,15.198,17153.138,14.9594,15606.985,14.7738,15294.1346,14.314,13457.1129,14.1369,14496.4513,14.7093,16518.2725,14.3098,19971.6133
20200310,002862.SZ,15.663,15.8962,15.3365,15.7363,15.8495,-0.11320000000000086,-0.7142,16102.81,37829.138,5.1678,0.94,15.3992,17747.082,15.0414,15218.866,14.9066,15496.5815,14.4238,13167.5657,14.1564,14815.9787,14.7129,16316.6673,14.3297,19975.495
20200311,002862.SZ,15.6696,16.0227,15.4698,15.9095,15.7363,0.17319999999999958,1.1006,16298.8,38536.406,5.2307,0.92,15.639,19553.862,15.178,15662.63,15.0618,15942.9931,14.5348,13223.1276,14.1935,15066.0053,14.7214,16226.1772,14.3491,19915.4501
20200312,002862.SZ,15.9095,16.3758,15.5431,15.623,15.9095,-0.2865000000000002,-1.8008,15458.02,36751.623,4.9609,0.79,15.7269,18939.388,15.2493,15989.312,15.1433,15686.8831,14.6291,13634.5095,14.2175,15338.373,14.7291,16091.8088,14.3646,19886.8237
20200313,002862.SZ,14.7303,15.8429,14.7303,15.7296,15.623,0.10660000000000025,0.6823,15521.0,36065.178,4.9811,0.82,15.7696,16698.928,15.3632,16151.312,15.2058,15343.5754,14.7379,14014.7952,14.2706,15394.509,14.7373,15650.3588,14.3778,19770.2903
20200316,002862.SZ,15.6696,16.1893,15.17,15.2499,15.7296,-0.47969999999999935,-3.0497,14676.0,34296.372,4.7099,0.88,15.6497,15611.326,15.4238,16382.232,15.2602,15560.1015,14.8296,14418.6048,14.3547,15853.4757,14.7298,15116.9755,14.3899,19730.8149
20200317,002862.SZ,15.0967,15.6163,14.4638,15.09,15.2499,-0.15990000000000038,-1.0485,14834.0,33618.715,4.7606,0.95,15.5204,15357.564,15.4598,16552.323,15.274,15763.3938,14.8965,14699.6529,14.4225,14450.1317,14.7237,14930.7755,14.401,19735.584
20200318,002862.SZ,15.2566,15.9095,15.1233,15.3232,15.09,0.23320000000000007,1.5454,15159.26,35187.96,4.865,0.99,15.4031,15129.656,15.5211,17341.759,15.3304,15860.1831,14.9723,15016.7186,14.4982,14216.207,14.7212,14726.4037,14.4137,19781.6213
20200319,002862.SZ,15.3232,15.8562,15.0634,15.8562,15.3232,0.5329999999999995,3.4784,16261.14,37701.049,5.2186,1.07,15.4498,15290.28,15.5884,17114.834,15.4237,16159.7477,15.0751,15387.3705,14.597,14079.5117,14.7303,14622.5893,14.432,19816.3939
20200320,002862.SZ,15.8628,17.3752,15.8628,17.0487,15.8562,1.1925000000000008,7.5207,23253.44,58019.554,7.4626,1.52,15.7136,16836.768,15.7416,16767.848,15.602,16938.2362,15.2198,15853.201,14.7387,14338.7947,14.76,14772.9618,14.459,19899.0976
20200323,002862.SZ,16.629,17.4618,16.5291,16.8888,17.0487,-0.15990000000000038,-0.9379,18701.81,47925.324,6.0019,1.11,16.0414,17641.93,15.8455,16626.628,15.7696,17817.9985,15.3625,16243.98,14.854,14222.745,14.7806,14642.4735,14.4836,19921.7468
20200324,002862.SZ,17.0154,17.4418,16.5224,17.2819,16.8888,0.39310000000000045,2.3276,27633.0,70829.378,8.8681,1.57,16.4798,20201.73,16.0001,17779.647,15.931,18518.1992,15.492,16665.1967,14.9774,14639.445,14.8174,14685.7568,14.5127,20050.2052
20200325,002862.SZ,17.1886,19.0008,17.1886,18.6876,17.2819,1.4056999999999995,8.1339,33574.78,91376.901,10.775,1.66,17.1526,23884.834,16.2779,19507.245,16.1749,19045.2362,15.6715,17312.3767,15.1455,15531.3043,14.8787,15025.6683,14.5547,20252.5867
20200326,002862.SZ,18.2546,18.5411,17.6617,17.9148,18.6876,-0.7728000000000002,-4.1354,22249.0,60384.722,7.1402,0.93,17.5644,25082.406,16.5071,20186.343,16.3338,19209.4662,15.8321,17807.0357,15.2945,16021.771,14.9278,15163.1502,14.591,20355.2367
20200327,002862.SZ,18.0547,18.9541,17.3219,17.3619,17.9148,-0.5529000000000011,-3.0863,23836.48,64257.866,7.6497,0.95,17.627,25199.014,16.6703,21017.891,16.4589,19804.3638,15.9488,18361.5729,15.4291,16609.787,14.9667,15388.3915,14.6258,20460.1407
20200330,002862.SZ,17.655,17.8615,17.1886,17.6217,17.3619,0.25980000000000203,1.4964,25559.0,67549.335,8.2025,1.01,17.7736,26570.452,16.9075,22106.191,16.5906,20516.6869,16.0932,18916.7157,15.5604,17164.0207,15.0081,15593.5748,14.6661,20569.6657
20200331,002862.SZ,17.9881,18.0414,17.2553,17.4085,17.6217,-0.2132000000000005,-1.2099,15565.0,41505.552,4.9952,0.59,17.7989,24156.852,17.1393,22179.291,16.7279,20524.9162,16.2248,19069.011,15.683,17399.4913,15.0514,15652.6057,14.7038,20604.2179
20200401,002862.SZ,17.615,17.7483,17.162,17.6084,17.4085,0.19989999999999952,1.1483,10292.0,27080.286,3.303,0.43,17.5831,19500.296,17.3678,21692.565,16.8724,20122.6854,16.3619,18933.721,15.8133,17459.9763,15.0992,15698.4057,14.7433,20625.0929
20200402,002862.SZ,17.5217,17.8016,17.3352,17.4285,17.6084,-0.17989999999999995,-1.0217,12392.0,32558.018,3.9769,0.64,17.4858,17528.896,17.5251,21305.651,17.04,19946.9931,16.4913,19177.8686,15.9272,17424.0097,15.1431,15793.7557,14.7807,20670.2204
20200403,002862.SZ,17.4151,18.2479,17.3419,17.9015,17.4285,0.472999999999999,2.7139,13925.0,37119.364,4.4689,0.79,17.5937,15546.6,17.6104,20372.807,17.2563,19877.07,16.6208,18958.5643,16.0609,17538.328,15.1906,15846.0967,14.8208,20734.8563
20200407,002862.SZ,17.6084,18.3012,17.6084,18.208,17.9015,0.3064999999999998,1.7121,12509.0,33921.819,4.0144,0.8,17.711,12936.6,17.7423,19753.526,17.4782,19673.2038,16.7489,18281.6929,16.1824,17329.0463,15.244,15918.8978,14.8624,20770.6063
20200408,002862.SZ,18.1547,18.5877,18.0081,18.2613,18.208,0.053300000000000125,0.2927,12755.0,35029.173,4.0934,0.99,17.8815,12374.6,17.8402,18265.726,17.6632,19403.5008,16.8638,17931.2638,16.2939,17088.0797,15.2939,15897.4888,14.9045,20821.9063
20200409,002862.SZ,18.2613,19.4538,18.108,19.1207,18.2613,0.8594000000000008,4.7061,23957.0,67597.506,7.6884,1.94,18.184,15107.6,17.8835,17303.948,17.8226,19457.6208,17.0249,18305.2729,16.4465,17491.2743,15.353,16009.3482,14.9531,20946.4896
20200410,002862.SZ,18.7676,19.0341,17.3219,18.2146,19.1207,-0.9060999999999986,-4.7388,32515.0,88719.838,10.4349,2.15,18.3412,19132.2,17.9135,18330.548,17.9246,20520.1738,17.1347,19077.4729,16.5566,18168.7343,15.3998,16272.3315,14.9943,21157.3719
20200413,002862.SZ,18.3545,18.5611,17.7216,18.1946,18.2146,-0.019999999999999574,-0.1098,14507.0,39629.624,1.9215,0.76,18.3998,19248.6,17.9968,17397.6,17.9948,19510.4815,17.2572,19032.1862,16.6768,18188.9343,15.4456,16348.2392,15.0371,21228.4897
20200414,002862.SZ,17.3219,18.9208,17.3219,18.6543,18.1946,0.459699999999998,2.5266,19633.0,54679.291,2.6004,1.02,18.4891,20673.4,18.1,16805.0,17.9922,18438.0369,17.3964,19227.9957,16.8104,18431.141,15.4959,16470.2558,15.0819,21245.9647
20200415,002862.SZ,18.6343,19.1074,18.5211,18.8142,18.6543,0.15990000000000038,0.8572,15882.0,44892.654,2.1036,0.77,18.5997,21298.8,18.2406,16836.7,18.0614,17948.2677,17.5662,19285.4243,16.9466,18522.7713,15.5496,16568.6393,15.1325,21228.9563
20200416,002862.SZ,18.7876,19.3605,18.661,19.2006,18.8142,0.38640000000000185,2.0538,20843.61,59740.777,2.7607,0.98,18.6157,20676.122,18.3998,17891.861,18.2028,17718.0469,17.7619,19571.5962,17.0963,18975.395,15.6127,16725.5663,15.1857,21325.6139
20200417,002862.SZ,20.4531,20.5264,18.4678,18.8009,19.2006,-0.39970000000000283,-2.0817,31971.0,90106.733,4.2346,1.55,18.7329,20567.322,18.5371,19849.761,18.2935,18211.2777,17.9275,20372.1552,17.2168,19423.4153,15.6666,17025.3663,15.233,21502.7712
20200420,002862.SZ,18.5877,18.6743,18.1813,18.3545,18.8009,-0.446399999999997,-2.3744,19331.0,53372.381,2.5604,0.94,18.7649,21532.122,18.5824,20390.361,18.3663,18500.97,18.0465,20518.339,17.3114,19177.0053,15.7123,16776.1557,15.277,21601.0046
20200421,002862.SZ,18.2879,19.0341,18.2879,18.5877,18.3545,0.23320000000000007,1.2705,22179.0,62166.497,2.9376,1.03,18.7516,22041.322,18.6203,21357.361,18.4416,19415.3546,18.1198,20467.1752,17.4027,19245.8383,15.7698,16871.1448,15.3225,21716.2643
20200422,002862.SZ,18.3212,18.8209,17.9215,18.2279,18.5877,-0.3597999999999999,-1.9357,19192.0,52621.148,2.542,0.87,18.6343,22703.322,18.617,22001.061,18.5031,19938.4315,18.1835,20490.5176,17.4858,19348.8113,15.8211,17082.395,15.3647,21800.9726
20200423,002862.SZ,18.1547,18.4212,17.9215,18.2346,18.2279,0.006699999999998596,0.0368,14569.0,39799.241,1.9297,0.64,18.4411,21448.4,18.5284,21062.261,18.5288,19987.97,18.2289,19868.4224,17.5633,19291.1513,15.8784,17178.5783,15.4049,21818.1809
20200424,002862.SZ,18.2812,18.4545,17.8549,18.2279,18.2346,-0.006699999999998596,-0.0367,13368.0,36451.322,1.7706,0.62,18.3265,17727.8,18.5297,19147.561,18.5303,20054.0469,18.207,18906.1948,17.6501,19221.484,15.9338,17279.9285,15.4465,21763.3309
20200427,002862.SZ,18.2279,18.6477,17.8549,18.3345,18.2279,0.1065999999999967,0.5848,24400.61,66898.778,3.2319,1.38,18.3225,18741.722,18.5437,20136.922,18.5359,20949.8631,18.227,19008.6524,17.7369,19517.471,16.0037,17455.99,15.4872,21784.4443
20200428,002862.SZ,18.5744,18.5744,17.8615,18.1547,18.3345,-0.17980000000000018,-0.9807,17478.0,47711.602,2.315,0.93,18.2359,17801.522,18.4937,19921.422,18.4616,20451.4785,18.2647,18705.8676,17.8338,19610.871,16.0942,17732.1733,15.5241,21582.9641
20200429,002862.SZ,18.3545,18.3545,17.2419,17.5884,18.1547,-0.5662999999999982,-3.1193,21862.0,58042.209,2.8956,1.23,18.108,18335.522,18.3712,20519.422,18.4134,19632.0169,18.2632,18529.82,17.917,19845.1377,16.1697,17147.6347,15.5554,21533.9697
20200430,002862.SZ,17.7016,18.7742,17.2686,18.0547,17.5884,0.4663000000000004,2.6512,27722.93,75300.916,3.6719,1.51,18.072,20966.308,18.2566,21207.354,18.4027,20648.6269,18.2939,19108.769,18.0081,20263.9267,16.2531,17240.0668,15.592,21590.7683
20200506,002862.SZ,18.1213,18.7543,17.7283,18.7543,18.0547,0.6996000000000002,3.8749,22830.0,63340.002,3.0238,1.09,18.1773,22858.708,18.2519,20293.254,18.4104,20894.55,18.3485,19705.8167,18.1047,20482.8887,16.3508,17281.2002,15.6335,21635.5676
20200507,002862.SZ,18.7742,19.0541,18.3212,18.5877,18.7543,-0.16659999999999897,-0.8883,18704.0,52024.85,2.4774,0.82,18.228,21719.386,18.2752,20230.554,18.393,21111.6269,18.4037,20006.3881,18.156,20331.2407,16.4473,17335.0177,15.676,21648.2926
20200508,002862.SZ,18.5877,18.6144,18.3279,18.4611,18.5877,-0.12660000000000338,-0.6811,8318.0,23030.183,1.1017,0.38,18.2892,19887.386,18.2626,18844.454,18.3361,20148.1185,18.4303,19739.3881,18.2084,19985.1137,16.5312,17103.9293,15.7168,21593.1093
20200511,002862.SZ,18.3479,18.7076,18.2546,18.5944,18.4611,0.13330000000000197,0.7221,10301.0,28464.127,1.3644,0.52,18.4904,17575.186,18.2992,17955.354,18.3202,18481.1954,18.4487,19634.2452,18.2522,19407.3803,16.6148,17023.4127,15.7588,21570.133
20200512,002862.SZ,18.601,18.9075,18.4078,18.7876,18.5944,0.19320000000000093,1.039,11442.0,32020.625,1.5155,0.65,18.637,14319.0,18.3545,17642.654,18.3535,17874.3492,18.4738,19571.7214,18.2555,18669.621,16.7005,17100.4627,15.8035,21581.0444
20200513,002862.SZ,18.6543,20.1067,18.621,19.9868,18.7876,1.1991999999999976,6.3829,22202.44,64828.16,2.9407,1.55,18.8835,14193.488,18.5304,18526.098,18.4611,17876.1523,18.515,19488.171,18.3246,18668.069,16.8095,17344.92,15.8561,21628.8898
20200514,002862.SZ,19.6537,20.9195,19.6204,20.6064,19.9868,0.6196000000000019,3.1,18336.44,56154.839,2.4287,1.29,19.2873,14119.976,18.7576,17919.681,18.6441,17810.34,18.6289,18813.0014,18.4327,18484.7343,16.9309,17547.2607,15.9134,21463.551
20200515,002862.SZ,20.6197,21.0994,20.3199,20.3532,20.6064,-0.25319999999999965,-1.2287,10723.0,33078.682,1.4203,0.76,19.6657,14600.976,18.9775,17244.181,18.8071,17514.4938,18.7317,18632.811,18.5238,17990.201,17.0421,17577.1108,15.9669,21262.2623
20200518,002862.SZ,20.4598,20.6064,20.0001,20.2799,20.3532,-0.0732999999999997,-0.3601,13556.0,41294.831,1.7955,0.93,20.0028,15251.976,19.2466,16413.581,18.9649,17528.9554,18.8091,18343.43,18.6195,17923.2343,17.1512,17661.3628,16.0232,21109.9707
20200519,002862.SZ,20.0534,20.8529,20.0534,20.633,20.2799,0.35309999999999775,1.7411,15404.0,47340.572,2.0403,1.01,20.3719,16044.376,19.5044,15181.688,19.1417,16836.9085,18.8958,18320.6681,18.7203,18093.6343,17.2668,17776.8053,16.0753,20741.4948
20200520,002862.SZ,20.613,20.7863,20.4598,20.4598,20.633,-0.1731999999999978,-0.8394,11634.0,35978.782,1.5409,0.73,20.4665,13930.688,19.675,14062.088,19.319,16387.37,18.9557,17882.1152,18.8213,18068.3677,17.3743,17746.1887,16.1242,20369.9553
20200521,002862.SZ,20.3199,20.6996,20.1733,20.5198,20.4598,0.05999999999999872,0.2933,9567.75,29456.568,1.2673,0.69,20.4491,12176.95,19.8682,13148.463,19.5445,15441.6585,19.0376,16815.2938,18.9086,17923.126,17.4848,17730.727,16.1676,19847.786
20200522,002862.SZ,20.4931,21.8589,20.3332,21.7123,20.5198,1.192499999999999,5.8115,25520.91,82004.788,3.3803,2.1,20.721,15136.532,20.1933,14868.754,19.8259,15272.2723,19.1975,17110.0514,19.0254,18356.8563,17.6039,17842.9513,16.2185,19481.0962
20200525,002862.SZ,21.5657,22.3785,21.3259,21.3659,21.7123,-0.34639999999999915,-1.5954,19633.72,64159.343,4.5777,1.3,20.9382,16352.076,20.4705,15802.026,20.0268,15026.4046,19.3298,16988.8476,19.1289,18586.147,17.7114,17837.1133,16.2602,18895.0662
20200526,002862.SZ,21.3925,21.9255,21.3925,21.5657,21.3659,0.19979999999999976,0.9351,12726.0,41334.03,2.9671,0.78,21.1247,15816.476,20.7483,15930.426,20.2558,14566.5585,19.4887,16680.9429,19.2104,18211.7803,17.8284,17851.5273,16.3086,18441.7597
20200527,002862.SZ,21.5857,21.9122,21.4392,21.5324,21.5657,-0.03330000000000055,-0.1544,13419.0,43553.39,3.1287,0.85,21.3392,16173.476,20.9028,15052.082,20.4921,14958.9431,19.6457,16626.181,19.321,17575.247,17.9388,17871.9907,16.3516,18110.8773
20200528,002862.SZ,21.5191,21.8189,21.1194,21.3792,21.5324,-0.15319999999999823,-0.7115,13494.03,43412.967,3.1462,0.83,21.5111,16958.732,20.9801,14567.841,20.7063,15204.5608,19.7958,16632.1824,19.4271,17541.4813,18.0519,17865.2078,16.3954,17835.6051
20200529,002862.SZ,21.03,21.73,20.44,21.56,21.38,0.17999999999999972,0.8419,21269.5,45230.955,3.306,1.25,21.4806,16108.45,21.1008,15622.491,20.9196,15960.5223,19.9494,16483.0819,19.524,17596.0313,18.1672,18013.5862,16.4473,17732.2496
20200601,002862.SZ,21.3,21.91,20.7,21.59,21.56,0.030000000000001137,0.1391,29857.0,63773.746,4.6408,1.85,21.5255,18153.106,21.2318,17252.591,21.0429,16549.3346,20.113,17072.5581,19.6165,18061.8647,18.2816,18292.318,16.4987,17701.3079
20200602,002862.SZ,21.37,21.99,21.0,21.06,21.59,-0.5300000000000011,-2.4548,16236.5,34601.968,2.5237,0.89,21.4243,18855.206,21.2745,17335.841,21.0778,16387.8008,20.2783,16804.6771,19.6785,17908.2943,18.3874,18441.8447,16.5454,17578.2704
20200603,002862.SZ,20.91,22.15,20.85,21.79,21.06,0.7300000000000004,3.4663,18765.86,40586.392,2.9169,1.0,21.4758,19924.578,21.4075,18049.027,21.1883,17006.4823,20.4562,16378.15,19.7781,17468.123,18.4975,18445.7692,16.5987,17509.8359
20200604,002862.SZ,21.71,22.15,21.3,21.49,21.79,-0.3000000000000007,-1.3768,17963.67,38964.678,2.7922,0.9,21.498,20818.506,21.5045,18888.619,21.2814,17345.5338,20.5864,16146.42,19.8827,17422.5453,18.5971,18299.7753,16.6485,17435.1248
20200605,002862.SZ,20.91,22.21,20.91,21.85,21.49,0.360000000000003,1.6752,28013.97,61009.181,4.3544,1.35,21.556,22167.4,21.5183,19137.925,21.375,18315.5315,20.7418,16589.7519,19.9914,17617.0443,18.6971,18431.4413,16.7032,17474.8569
20200608,002862.SZ,21.51,22.0,21.3,21.46,21.85,-0.39000000000000057,-1.7849,19751.61,42770.975,3.0701,0.89,21.53,20146.322,21.5277,19149.714,21.4519,18939.9631,20.8846,17134.2095,20.0991,17635.698,18.7925,18492.2547,16.7527,17404.461
20200609,002862.SZ,21.36,21.64,20.8,21.04,21.46,-0.4200000000000017,-1.9571,17185.0,36274.27,2.6712,0.85,21.526,20336.022,21.4752,19595.614,21.492,19525.9054,21.001,17462.019,20.1927,17722.898,18.878,18507.0247,16.7997,17366.6009
20200610,002862.SZ,21.12,21.3,20.5,20.77,21.04,-0.2699999999999996,-1.2833,13781.5,28623.649,2.1421,0.68,21.322,19339.15,21.3989,19631.864,21.4195,18622.8738,21.0954,17573.4238,20.2774,17736.6813,18.9637,18479.0827,16.8464,17285.4458
20200611,002862.SZ,20.77,21.14,20.4,20.46,20.77,-0.3099999999999987,-1.4925,21595.36,44877.564,3.3567,1.12,21.116,20065.488,21.307,20441.997,21.3498,18773.7692,21.118,17544.5152,20.3482,17643.173,19.0426,18580.322,16.8899,17115.3404
20200612,002862.SZ,20.0,20.5,20.0,20.26,20.46,-0.1999999999999993,-0.9775,15511.0,31486.362,2.411,0.77,20.798,17564.894,21.177,19866.147,21.2494,18988.0,21.1015,17409.9705,20.4184,17577.6063,19.1261,18594.2387,16.9279,16855.6071
20200615,002862.SZ,20.11,20.95,19.46,19.52,20.26,-0.740000000000002,-3.6525,22331.5,44555.681,3.4711,1.27,20.41,18080.872,20.97,19113.597,21.0946,19673.5769,21.0618,17962.7562,20.4828,17593.2563,19.1999,18719.197,16.9618,16824.9863
20200616,002862.SZ,19.5,21.18,19.49,20.23,19.52,0.7100000000000009,3.6373,30154.0,61794.305,4.687,1.67,20.248,20674.672,20.887,20505.347,21.0062,20955.1131,21.0594,18753.1371,20.5553,17674.292,19.2817,18969.1093,17.0014,16847.7565
20200617,002862.SZ,20.42,20.85,20.21,20.37,20.23,0.14000000000000057,0.692,18217.5,37309.406,2.8316,0.88,20.168,21561.872,20.745,20450.511,20.9146,20720.3438,21.0469,18887.1133,20.6092,17520.542,19.3569,19001.7153,17.0436,16812.1523
20200618,002862.SZ,20.37,20.76,19.88,20.0,20.37,-0.370000000000001,-1.8164,12754.82,25580.477,1.9825,0.59,20.076,19793.764,20.596,19929.626,20.7923,19404.7915,21.025,18940.4857,20.6563,17322.236,19.4061,18826.7383,17.0831,16799.8501
20200619,002862.SZ,19.8,20.6,19.8,20.57,20.0,0.5700000000000003,2.85,20503.0,41590.563,3.1869,1.04,20.138,20792.164,20.468,19178.529,20.7546,19732.9838,21.0274,19461.2119,20.7265,17728.4027,19.4675,18856.7582,17.124,16749.6158
20200622,002862.SZ,20.29,20.68,19.77,19.89,20.57,-0.6799999999999997,-3.3058,24319.67,48949.202,3.7801,1.17,20.212,21189.798,20.311,19635.335,20.6085,20160.2,20.9406,19404.01,20.7697,18195.6917,19.5109,18801.536,17.1642,16743.6464
20200623,002862.SZ,19.8,19.98,19.0,19.35,19.89,-0.5399999999999991,-2.7149,24803.87,48574.845,3.8554,1.17,20.036,20119.772,20.142,20397.222,20.4438,20686.3692,20.8446,19650.2076,20.7885,18641.0873,19.522,18655.3542,17.2003,16840.5113
20200624,002862.SZ,19.0,19.61,19.0,19.04,19.35,-0.3100000000000023,-1.6021,24905.5,47830.909,3.8712,1.24,19.77,21457.372,19.969,21509.622,20.2277,20447.2562,20.7244,20230.1838,20.7569,18731.1893,19.5407,18699.6292,17.2343,16931.3897
20200629,002862.SZ,19.3,19.3,18.3,18.66,19.04,-0.379999999999999,-1.9958,32081.5,60148.841,4.9866,1.5,19.502,25322.708,19.789,22558.236,20.0123,21395.7092,20.5876,21118.8743,20.692,19189.358,19.5624,18837.0462,17.2645,17112.7188
20200630,002862.SZ,18.67,19.55,18.52,19.44,18.66,0.7800000000000011,4.1801,18243.5,34922.675,2.8357,0.72,19.276,24870.808,19.707,22831.486,19.8892,21477.1323,20.4952,21345.0395,20.6616,19440.0413,19.5927,18715.1212,17.3004,17154.348
20200701,002862.SZ,19.78,19.78,19.26,19.51,19.44,0.07000000000000028,0.3601,12691.0,24702.257,1.9726,0.51,19.2,22545.074,19.706,21867.436,19.7923,21393.2477,20.3976,20936.5395,20.6359,19411.208,19.6277,18667.2212,17.3395,17159.9134
20200702,002862.SZ,19.31,19.94,19.31,19.82,19.51,0.3099999999999987,1.5889,27913.0,54840.697,4.3387,1.24,19.294,23166.9,19.665,21643.336,19.7431,21879.22,20.3133,20843.9681,20.6088,19828.1747,19.6646,18960.9045,17.3819,17329.6551
20200703,002862.SZ,19.75,20.56,19.75,20.1,19.82,0.28000000000000114,1.4127,16551.5,33459.101,2.5727,0.71,19.506,21496.1,19.638,21476.736,19.7308,21959.2585,20.2676,20858.9681,20.5968,19992.0913,19.7091,19030.2295,17.4261,17411.9926
20200706,002862.SZ,20.02,20.27,19.57,19.98,20.1,-0.120000000000001,-0.597,31186.5,61968.962,4.8475,1.45,19.77,21317.1,19.636,23319.904,19.7662,22640.4123,20.1814,21450.4271,20.5789,20712.7163,19.7437,19317.9212,17.4672,17582.0089
20200707,002862.SZ,19.94,20.85,19.94,20.25,19.98,0.2699999999999996,1.3514,27921.43,56865.122,4.34,1.31,19.932,23252.686,19.604,24061.747,19.7677,22468.6762,20.1224,21924.6062,20.5301,20792.7337,19.7778,19574.795,17.5109,17746.8464
20200708,002862.SZ,18.4,20.1,18.4,19.94,20.25,-0.3099999999999987,-1.5309,58362.69,112251.265,9.0716,2.51,20.018,32387.024,19.609,27466.049,19.7346,25556.7677,20.0314,23369.7833,20.4826,22083.6993,19.8057,20334.9232,17.5498,18116.206
20200709,002862.SZ,19.79,21.93,19.79,21.55,19.94,1.6099999999999994,8.0742,84217.64,177788.202,13.0904,2.6,20.364,43647.952,19.829,33407.426,19.8538,31053.9077,20.0357,26439.5943,20.4821,24466.754,19.8462,21339.2672,17.5996,18674.3077
20200710,002862.SZ,21.56,21.69,20.7,20.7,21.55,-0.8500000000000014,-3.9443,37077.5,78064.127,5.7632,0.85,20.484,47753.152,19.995,34624.626,19.8638,32328.8692,20.0195,27386.8562,20.4543,25255.3707,19.8876,21415.3088,17.6437,18843.8202
20200713,002862.SZ,20.9,21.06,19.82,20.3,20.7,-0.3999999999999986,-1.9324,58813.42,118895.764,9.1417,1.23,20.548,53278.536,20.159,37297.818,19.8954,34982.2346,19.9971,29531.2333,20.4183,26766.017,19.9227,22153.7492,17.6842,19250.9942
20200714,002862.SZ,20.25,20.25,19.2,19.52,20.3,-0.7800000000000011,-3.8424,54657.5,107580.437,8.4957,1.03,20.402,58625.75,20.167,40939.218,19.9085,37278.6677,19.9524,31105.621,20.3503,27878.9503,19.9372,22737.4908,17.7165,19603.8733
20200715,002862.SZ,19.52,19.68,18.6,18.62,19.52,-0.8999999999999986,-4.6107,31468.0,59932.991,4.8912,0.54,20.138,53246.812,20.078,42816.918,19.8762,37783.4754,19.8743,31865.4781,20.2513,27932.6503,19.9339,22997.2575,17.7418,19782.9484
20200716,002862.SZ,18.3,18.97,17.72,17.85,18.62,-0.7699999999999996,-4.1353,34499.42,63028.743,5.3624,0.65,19.398,43303.168,19.881,43475.56,19.8138,37969.4692,19.7948,32444.9029,20.1443,28541.4143,19.9114,23224.8543,17.762,19975.2103
20200717,002862.SZ,17.88,17.98,16.8,17.08,17.85,-0.7700000000000031,-4.3137,23255.42,40104.973,3.6147,0.54,18.674,40538.752,19.579,44145.952,19.6323,38355.0015,19.6448,32116.399,19.9873,28691.0663,19.8827,23079.5947,17.7747,20052.4805
20200720,002862.SZ,17.08,17.6,17.08,17.56,17.08,0.4800000000000004,2.8103,20633.79,35978.282,3.2072,0.51,18.126,32902.826,19.337,43090.681,19.4823,38965.9854,19.511,32231.4605,19.8563,28780.0703,19.8695,23101.3078,17.7909,19938.7317
20200721,002862.SZ,17.35,17.66,17.35,17.6,17.56,0.0400000000000027,0.2278,13351.5,23425.098,2.0753,0.41,17.742,24641.626,19.072,41633.688,19.3115,37845.87,19.3967,32259.8738,19.7147,28291.3213,19.853,22954.1828,17.8114,19912.6638
20200722,002862.SZ,17.45,17.67,17.42,17.5,17.6,-0.10000000000000142,-0.5682,13854.0,24299.466,2.1534,0.56,17.518,21118.826,18.828,37182.819,19.1115,37638.37,19.2505,31943.2548,19.5827,28094.7343,19.8409,22865.2162,17.831,19973.8056
20200723,002862.SZ,17.27,18.13,16.69,17.74,17.5,0.23999999999999844,1.3714,21876.5,38154.122,3.4004,1.04,17.496,18594.242,18.447,30948.705,18.9392,36922.2162,19.1481,31826.9133,19.4727,28251.1177,19.8327,22987.0078,17.8555,20082.7931
20200724,002862.SZ,17.82,17.82,16.78,16.81,17.74,-0.9299999999999997,-5.2424,14896.74,25581.4,2.3155,0.8,17.442,16922.506,18.058,28730.629,18.6746,35920.3169,19.0271,31355.1452,19.3407,28288.2923,19.809,23012.4868,17.8714,20146.2077
20200727,002862.SZ,16.81,16.95,16.19,16.36,16.81,-0.4499999999999993,-2.677,16225.5,26706.563,2.522,0.96,17.202,16040.848,17.664,24471.837,18.3992,32678.9946,18.8995,30941.8119,19.204,28109.297,19.7761,22876.235,17.8899,20166.1125
20200728,002862.SZ,16.45,16.75,16.4,16.55,16.36,0.19000000000000128,1.1614,5307.0,8788.21,0.8249,0.33,16.992,14431.948,17.367,19536.787,18.0146,26608.9454,18.799,29666.8357,19.0803,27769.1637,19.7494,22673.385,17.9218,20202.7792
20200729,002862.SZ,16.43,17.91,16.34,17.77,16.55,1.2199999999999989,7.3716,24111.5,41370.621,3.7478,1.67,17.046,16483.448,17.282,18801.137,17.7892,25611.5608,18.7195,29946.2643,19.022,27828.497,19.7524,22710.8767,17.9611,19929.2557
20200730,002862.SZ,17.77,18.62,17.62,18.29,17.77,0.5199999999999996,2.9263,29846.86,54496.418,4.6393,1.81,17.156,18077.52,17.326,18335.881,17.6346,23383.3638,18.6614,30763.21,18.9573,27818.259,19.7563,22746.2755,18.0047,19993.1712
20200731,002862.SZ,18.3,18.5,18.0,18.36,18.29,0.07000000000000028,0.3827,19023.92,34720.421,2.957,1.05,17.466,18902.956,17.454,17912.731,17.5454,20642.3192,18.5919,30339.9205,18.8903,27845.1397,19.7498,22682.8408,18.0503,19982.0205
20200803,002862.SZ,18.37,19.35,18.37,19.02,18.36,0.6600000000000001,3.5948,27375.0,51922.987,4.255,1.45,17.998,21132.856,17.6,18586.852,17.5762,20327.4731,18.5405,30855.3252,18.8577,28332.479,19.757,22827.3575,18.1021,20081.1876
20200804,002862.SZ,19.39,19.6,18.88,19.32,19.02,0.3000000000000007,1.5773,30630.0,58907.944,4.761,1.45,18.552,26197.456,17.772,20314.702,17.6892,20029.8254,18.509,30828.8252,18.816,28670.0457,19.7713,23199.2242,18.1512,20151.5768
20200805,002862.SZ,19.87,21.12,19.01,20.22,19.32,0.8999999999999986,4.6584,53831.42,108572.274,8.3673,2.05,19.042,32141.44,18.044,24312.444,17.9308,22381.8254,18.5076,32062.6343,18.827,29653.7707,19.7984,23924.7312,18.2066,20474.0719
20200806,002862.SZ,20.0,20.55,19.58,19.91,20.22,-0.3099999999999987,-1.5331,25515.0,50867.081,3.9659,0.79,19.366,31275.068,18.261,24676.294,18.1115,22757.3031,18.5062,30498.4586,18.8457,29677.475,19.8171,24159.2812,18.2588,20629.8719
20200807,002862.SZ,20.0,20.3,19.7,19.92,19.91,0.010000000000001563,0.0502,20229.32,40486.904,3.1444,0.65,19.678,31516.148,18.572,25209.552,18.29,23286.3662,18.4286,27451.3957,18.875,29521.6023,19.816,24126.3958,18.3128,20735.6579
20200810,002862.SZ,19.92,21.17,19.65,20.64,19.92,0.7199999999999989,3.6145,36783.0,75059.294,5.7174,1.17,20.002,33397.748,19.0,27265.302,18.5315,25050.1354,18.4257,27437.3719,18.941,29678.319,19.8165,24433.8385,18.3737,20990.5496
20200811,002862.SZ,20.64,20.79,20.2,20.36,20.64,-0.28000000000000114,-1.3566,22352.5,45678.086,3.4744,0.67,20.21,31742.248,19.381,28969.852,18.7331,25086.7508,18.4286,25701.1376,18.9717,29815.2857,19.8166,24627.6635,18.4293,21102.3872
20200812,002862.SZ,20.1,20.67,19.91,20.48,20.36,0.120000000000001,0.5894,17383.76,35342.529,2.702,0.55,20.262,24452.716,19.652,28297.078,19.0154,25278.06,18.4743,23926.1976,19.004,29971.711,19.82,24691.4595,18.4856,21176.4112
20200813,002862.SZ,20.54,20.91,20.11,20.53,20.48,0.05000000000000071,0.2441,9953.0,20534.385,1.547,0.41,20.386,21340.316,19.876,26307.692,19.3362,24795.56,18.5652,22901.6738,19.0277,29373.0443,19.8183,24600.6095,18.5425,21188.7074
20200814,002862.SZ,20.53,21.18,20.16,20.98,20.53,0.4499999999999993,2.1919,24588.5,51223.529,3.8219,1.15,20.598,22212.152,20.138,26864.15,19.6769,26278.7523,18.7143,22429.7252,19.057,29640.9443,19.8269,24816.5178,18.6006,21281.3532
20200817,002862.SZ,20.51,22.46,20.49,21.38,20.98,0.3999999999999986,1.9066,45029.0,97304.262,6.9991,2.03,20.746,23861.352,20.374,28629.55,19.9546,27887.7908,18.919,23466.5624,19.1037,30102.361,19.8413,25407.5387,18.663,21569.1328
20200818,002862.SZ,21.81,23.38,21.13,22.88,21.38,1.5,7.0159,47946.5,105271.467,7.4526,2.01,21.25,28980.152,20.73,30361.2,20.3077,29280.0708,19.1724,24767.1676,19.1913,30769.8633,19.8607,25781.2985,18.7323,21812.1249
20200819,002862.SZ,22.62,23.65,22.3,23.56,22.88,0.6799999999999997,2.972,36497.5,84298.896,3.2227,1.26,21.866,32802.9,21.064,28627.808,20.7077,30624.1923,19.4562,25869.3581,19.312,30041.0237,19.8973,26062.3615,18.8043,21949.7374
20200820,002862.SZ,23.35,23.97,22.3,22.78,23.56,-0.7799999999999976,-3.3107,37873.0,88445.292,3.3442,1.15,22.316,38386.9,21.351,29863.608,20.9969,31431.7308,19.7076,27013.12,19.353,28496.2023,19.9175,26481.4782,18.873,22166.5027
20200821,002862.SZ,22.99,23.78,22.04,22.34,22.78,-0.4400000000000013,-1.9315,31748.5,71502.718,2.8034,0.83,22.588,39818.9,21.593,31015.526,21.2292,31517.7692,19.9267,27483.2152,19.4077,28318.569,19.931,26786.9698,18.9349,22329.4802
20200824,002862.SZ,22.34,22.66,22.13,22.31,22.34,-0.030000000000001137,-0.1343,26559.5,59343.96,2.3452,0.67,22.774,36125.0,21.76,29993.176,21.39,29419.9292,20.1886,28038.5848,19.4747,27243.4383,19.9465,27004.7277,18.9992,22434.9677
20200825,002862.SZ,22.31,24.47,21.81,24.28,22.31,1.9700000000000024,8.8301,47061.36,110064.218,4.1555,1.3,23.054,35947.972,22.152,32464.062,21.7262,31077.3415,20.5657,29506.959,19.6333,26990.2337,19.9918,27434.592,19.0795,22724.0891
20200826,002862.SZ,24.22,25.19,23.29,23.43,24.28,-0.8500000000000014,-3.5008,36496.5,87076.981,3.2226,1.02,23.028,35947.772,22.447,34375.336,21.9962,32328.6631,20.8933,30992.1733,19.7937,27157.8503,20.0225,27545.2503,19.152,22918.7842
20200827,002862.SZ,23.58,24.09,23.18,23.63,23.43,0.1999999999999993,0.8536,26804.5,63037.795,2.3668,0.75,23.198,33734.072,22.757,36060.486,22.2262,31561.0862,21.1724,31120.4114,19.9863,26901.353,20.0653,27721.3837,19.2264,23081.6142
20200828,002862.SZ,23.63,24.47,23.35,24.12,23.63,0.490000000000002,2.0736,23754.0,57308.456,2.0975,0.7,23.554,32135.172,23.071,35977.036,22.5154,31668.8938,21.45,30830.2752,20.221,26917.9723,20.1042,27804.5193,19.3008,23125.1442
20200831,002862.SZ,24.12,24.65,23.2,23.39,24.12,-0.7300000000000004,-3.0265,41009.62,97457.03,3.6212,1.28,23.77,35025.196,23.272,35575.098,22.7392,33486.2677,21.6895,31877.2133,20.4153,27597.1667,20.1358,28188.6185,19.3664,23244.1969
20200901,002862.SZ,23.33,23.39,22.5,22.74,23.39,-0.6500000000000021,-2.779,27812.5,63558.144,2.4558,0.79,23.462,31175.424,23.258,33561.698,22.9092,34860.0754,21.8667,31898.0467,20.5867,28079.2,20.1507,28185.2607,19.4239,23308.351
20200902,002862.SZ,22.65,23.9,22.26,23.55,22.74,0.8100000000000023,3.562,37035.5,85211.954,3.2702,1.19,23.486,31283.224,23.257,33615.498,23.1069,35817.5369,22.0681,32203.0705,20.7883,28851.9167,20.1855,28473.3255,19.489,23482.7901
20200903,002862.SZ,23.21,23.98,23.21,23.51,23.55,-0.03999999999999915,-0.1699,19318.5,45483.635,1.7058,0.62,23.462,29786.024,23.33,31760.048,23.2708,33839.8062,22.2248,30559.5981,20.9807,28766.65,20.2267,28508.8838,19.5523,23507.9542
20200904,002862.SZ,23.27,24.2,22.96,23.89,23.51,0.379999999999999,1.6163,26202.5,62198.373,2.3137,0.88,23.416,30275.724,23.485,31205.448,23.3485,32167.1908,22.4143,30592.3362,21.2167,29143.5087,20.2787,28715.9005,19.6212,23597.4916
20200907,002862.SZ,23.89,24.2,23.52,23.89,23.89,0.0,0.0,28615.5,68358.522,2.5268,0.95,23.516,27796.9,23.643,31411.048,23.3738,31560.8831,22.6033,30991.6781,21.4677,29556.5087,20.3358,28832.9028,19.6892,23706.6124
20200908,002862.SZ,23.74,23.76,22.78,22.9,23.89,-0.990000000000002,-4.144,22132.0,51246.062,1.9543,0.8,23.548,26660.8,23.505,28918.112,23.3831,30350.0369,22.711,30294.0114,21.6793,30117.342,20.3798,28943.2528,19.753,23768.7457
20200909,002862.SZ,22.6,22.89,21.54,21.9,22.9,-1.0,-4.3668,18611.0,41039.469,1.6434,0.7,23.218,22975.9,23.352,27129.562,23.3492,29339.46,22.7843,30115.8448,21.817,29933.992,20.4195,28881.2445,19.8097,23800.2207
20200910,002862.SZ,21.99,22.37,20.74,20.76,21.9,-1.139999999999997,-5.2055,39943.0,84385.417,3.527,1.74,22.668,27100.8,23.065,28443.412,23.23,30368.96,22.7976,31190.0943,21.8993,30270.53,20.4283,29044.3945,19.855,24006.7519
20200911,002862.SZ,21.0,22.8,20.5,22.28,20.76,1.5199999999999996,7.3218,37236.5,81585.943,3.288,1.37,22.346,29307.6,22.881,29791.662,23.0762,29613.2015,22.881,32489.3086,22.03,30877.616,20.4602,29361.3778,19.9085,24181.5466
20200914,002862.SZ,22.6,22.66,21.09,21.32,22.28,-0.9600000000000009,-4.3088,36838.0,79422.465,3.2528,1.26,21.832,30952.1,22.674,29374.5,22.9138,29639.4708,22.8971,33072.6181,22.1067,31193.0493,20.4822,29762.7642,19.9441,24294.7512
20200915,002862.SZ,21.38,21.38,20.35,20.88,21.32,-0.4400000000000013,-2.0638,20432.5,42287.817,1.8042,0.66,21.428,30612.2,22.488,28636.5,22.7023,29149.3169,22.8733,31901.3562,22.1587,30853.1327,20.4873,29761.5892,19.9774,24309.1737
20200916,002862.SZ,20.87,21.93,20.14,20.9,20.88,0.019999999999999574,0.0958,17301.0,35827.201,1.5277,0.57,21.228,30350.2,22.223,26663.05,22.4546,28652.9323,22.779,30442.0467,22.1813,29635.452,20.5042,29644.6113,20.0076,24223.0737
20200917,002862.SZ,20.55,20.85,20.11,20.8,20.9,-0.09999999999999787,-0.4785,11425.32,23465.41,1.0089,0.38,21.236,24646.664,21.952,25873.732,22.2554,26377.2169,22.6476,29248.1333,22.211,29165.796,20.5283,29421.6355,20.0252,24038.4948
20200918,002862.SZ,20.38,21.07,20.38,20.9,20.8,0.09999999999999787,0.4808,14708.5,30418.328,1.2324,0.57,20.96,20141.064,21.653,24724.332,22.1138,25369.2169,22.5581,28145.0619,22.2437,28981.7687,20.5593,29251.6855,20.05,23975.6573
20200921,002862.SZ,20.8,21.08,20.65,20.9,20.9,0.0,0.0,14678.5,30567.938,1.2961,0.73,20.876,15709.164,21.354,23330.632,21.91,23649.4477,22.4895,27332.2048,22.2523,28244.952,20.5967,28961.6355,20.0795,23899.3408
20200922,002862.SZ,20.53,20.79,20.15,20.61,20.9,-0.28999999999999915,-1.3876,13412.0,27376.901,1.1843,0.85,20.822,14305.064,21.125,22458.632,21.6869,23195.1015,22.4086,26706.1333,22.2607,27946.9353,20.6162,28881.1105,20.1044,23798.1158
20200923,002862.SZ,20.32,22.1,20.22,21.82,20.61,1.2100000000000009,5.8709,33518.5,72269.243,2.9597,2.34,21.006,17548.564,21.117,23949.382,21.5277,23757.8708,22.2914,26061.2352,22.3053,28484.76,20.6547,29228.2355,20.1412,23947.7283
20200924,002862.SZ,22.04,22.19,21.21,21.35,21.82,-0.46999999999999886,-2.154,27889.5,60580.044,2.4626,1.59,21.116,20841.4,21.176,22744.032,21.3323,23702.0246,22.1924,25651.3781,22.3327,29082.6433,20.6802,29227.8438,20.1724,24094.3742
20200925,002862.SZ,21.01,21.58,20.51,20.71,21.35,-0.6400000000000006,-2.9977,21664.0,45147.163,1.9129,1.04,21.078,22232.5,21.019,21186.782,21.1638,23666.0246,22.0533,25406.5924,22.3237,28985.16,20.6903,29313.0522,20.1997,24171.6408
20200928,002862.SZ,20.71,20.71,19.88,20.04,20.71,-0.6700000000000017,-3.2352,21648.74,43688.176,1.9116,0.97,20.906,23626.548,20.891,19667.856,21.0208,23899.6969,21.859,25306.3419,22.279,28205.818,20.6913,29154.0895,20.2175,24236.0053
20200929,002862.SZ,18.05,21.58,18.05,20.7,20.04,0.6600000000000001,3.2934,43217.5,89418.269,3.8161,1.83,20.924,29587.648,20.873,21946.356,21.0162,24151.5815,21.731,25411.479,22.2063,28048.1847,20.6988,29409.024,20.2383,24491.9095
20200930,002862.SZ,20.98,20.98,19.55,19.99,20.7,-0.7100000000000009,-3.43,25696.12,51295.827,2.269,0.87,20.558,28023.172,20.782,22785.868,20.84,23263.86,21.6,25310.699,22.0873,27688.1387,20.6997,28864.5812,20.2527,24599.7522
20201009,002862.SZ,19.89,21.77,19.89,21.37,19.99,1.3800000000000026,6.9035,30598.0,65033.589,2.7018,1.09,20.562,28564.872,20.839,24703.136,20.8438,22783.86,21.4962,25004.1514,22.0403,27445.6387,20.6967,27970.9205,20.2714,24655.0938
20201012,002862.SZ,21.89,21.89,21.21,21.38,21.37,0.00999999999999801,0.0468,19998.0,43061.441,1.7658,0.7,20.696,28231.672,20.887,25232.086,20.8823,22750.4369,21.3948,25036.5086,22.0083,27053.9553,20.708,27686.2622,20.2978,24550.7855
20201013,002862.SZ,21.4,22.24,21.12,21.95,21.38,0.5700000000000003,2.666,22738.0,49685.406,2.0078,0.81,21.078,28449.524,20.992,26038.036,20.9631,23168.6677,21.3024,24871.5324,21.9963,26926.572,20.7355,27085.0052,20.3291,24619.3772
20201014,002862.SZ,22.1,22.36,21.54,21.91,21.95,-0.03999999999999915,-0.1822,11156.0,24342.999,0.9851,0.39,21.32,22037.224,21.122,25812.436,21.0485,23147.9508,21.2081,24040.1276,21.9173,25729.7267,20.7753,26359.9802,20.3563,24548.7355
20201015,002862.SZ,21.91,22.2,21.46,21.93,21.91,0.019999999999999574,0.0913,19970.0,43515.982,1.7634,0.91,21.708,20892.0,21.133,24457.586,21.1277,23552.6815,21.1619,23937.1752,21.8673,25178.8433,20.8305,26168.3468,20.3822,24582.8022
20201016,002862.SZ,21.99,22.17,21.41,21.96,21.93,0.030000000000001137,0.1368,20367.5,44752.679,1.7985,0.97,21.826,18845.9,21.194,23705.386,21.2092,23990.2969,21.1648,24020.8181,21.8117,24964.2767,20.899,25932.8148,20.4052,24578.8346
20201019,002862.SZ,22.0,22.19,21.42,21.63,21.96,-0.33000000000000185,-1.5027,15939.5,34518.052,1.4075,0.85,21.876,18034.2,21.286,23132.936,21.2877,24184.72,21.2062,22877.7943,21.7287,24703.7933,20.9748,25810.8828,20.4288,24445.2388
20201020,002862.SZ,21.8,22.07,21.31,21.7,21.63,0.07000000000000028,0.3236,15763.24,34152.257,1.3919,0.87,21.826,16639.248,21.452,22544.386,21.2785,22818.9308,21.1786,21855.2581,21.6723,23862.2473,21.0438,25729.707,20.4567,24415.5074
20201021,002862.SZ,21.52,21.9,21.41,21.79,21.7,0.08999999999999986,0.4147,12682.5,27419.943,1.1199,0.76,21.802,16944.548,21.561,19490.886,21.3123,21649.1615,21.201,20704.9962,21.6407,23357.914,21.1137,25718.557,20.4834,24336.3699
20201022,002862.SZ,21.79,21.97,21.06,21.79,21.79,0.0,0.0,12872.0,27860.402,1.1366,0.76,21.774,15524.948,21.741,18208.474,21.3954,20972.8538,21.2443,20344.9724,21.582,22552.464,21.1852,25702.1903,20.513,24283.7033
20201023,002862.SZ,21.8,21.8,21.41,21.59,21.79,-0.1999999999999993,-0.9179,7049.0,15182.289,0.6224,0.45,21.7,12861.248,21.763,15853.574,21.5146,19849.7969,21.2771,19856.7819,21.518,22143.4807,21.2493,25455.0653,20.541,24221.0366
20201026,002862.SZ,21.5,21.62,20.56,21.36,21.59,-0.23000000000000043,-1.0653,21073.5,44947.62,1.8608,1.64,21.646,13888.048,21.761,15961.124,21.5654,18146.4123,21.3038,20316.219,21.4337,21972.514,21.3252,25558.0113,20.5671,24285.2491
20201027,002862.SZ,21.46,21.46,20.6,20.98,21.36,-0.379999999999999,-1.779,8880.5,18565.877,0.7842,0.64,21.502,12511.5,21.664,14575.374,21.6415,16852.9031,21.3076,20038.6952,21.3367,21314.6807,21.4022,25435.5947,20.5891,24155.9148
20201028,002862.SZ,20.7,21.34,20.5,21.09,20.98,0.10999999999999943,0.5243,12783.0,26910.653,1.1287,1.02,21.362,12531.6,21.582,14738.074,21.62,15482.5185,21.3167,19948.4333,21.2763,21003.0473,21.4778,25560.1947,20.6136,24116.7898
20201029,002862.SZ,21.1,21.6,20.52,21.25,21.09,0.16000000000000014,0.7587,9985.0,21238.492,0.8817,0.8,21.254,11954.2,21.514,13739.574,21.61,14712.2877,21.3471,19785.2429,21.2547,20715.514,21.5358,25324.753,20.6441,24017.8148
20201030,002862.SZ,21.4,21.4,20.35,20.48,21.25,-0.7699999999999996,-3.6235,16585.42,34268.247,1.4645,1.39,21.032,13861.484,21.366,13361.366,21.4969,14239.0123,21.2833,18978.9057,21.2453,19936.928,21.5723,25103.729,20.6643,23925.0023
20201102,002862.SZ,19.97,21.17,19.96,20.0,20.48,-0.4800000000000004,-2.3438,9607.5,19357.459,0.8483,0.69,20.76,11568.284,21.203,12728.166,21.35,14119.8969,21.219,18108.3343,21.1693,19015.9613,21.5997,24946.7887,20.6747,23814.8148
20201103,002862.SZ,20.02,22.0,19.89,21.91,20.0,1.9100000000000001,9.55,40573.0,87238.212,3.5826,3.51,20.946,17906.784,21.224,15209.142,21.3485,15704.7431,21.2762,19008.7629,21.189,19140.4613,21.6478,25166.7553,20.7024,23997.0564
20201104,002862.SZ,21.74,21.95,21.23,21.51,21.91,-0.3999999999999986,-1.8257,17421.0,37546.898,1.5383,0.97,21.03,18834.384,21.196,15682.992,21.3138,15478.0892,21.3462,18807.4419,21.21,19040.078,21.6843,24946.6053,20.7278,24072.9147
20201105,002862.SZ,21.59,21.96,21.39,21.5,21.51,-0.010000000000001563,-0.0465,15797.0,34112.236,1.3949,0.84,21.08,19996.784,21.167,15975.492,21.3038,15467.1277,21.3843,17501.7038,21.23,18989.9447,21.7057,24312.6983,20.752,24118.7147
20201106,002862.SZ,21.69,21.69,21.0,21.05,21.5,-0.4499999999999993,-2.093,13677.42,28977.983,1.2077,0.68,21.194,19415.184,21.113,16638.334,21.2538,15306.68,21.4348,16929.3848,21.2383,19065.0147,21.7247,24115.4053,20.7709,24137.3432
20201109,002862.SZ,21.31,22.18,21.19,21.85,21.05,0.8000000000000007,3.8005,44358.0,96898.808,3.9168,2.28,21.564,26365.284,21.162,18966.784,21.2585,17743.2569,21.4576,17584.6229,21.27,20053.3313,21.7568,24517.55,20.7864,24321.9729
20201110,002862.SZ,22.16,22.16,21.54,21.92,21.85,0.07000000000000028,0.3204,27205.0,59449.979,2.4022,1.03,21.566,23691.684,21.256,20799.234,21.2685,18845.7954,21.4833,17927.8133,21.304,20470.8813,21.7782,24357.9167,20.7973,24395.8776
20201111,002862.SZ,21.95,22.08,20.85,21.0,21.92,-0.9200000000000017,-4.1971,18119.5,38662.908,1.6,0.76,21.464,23831.384,21.247,21332.884,21.2231,19697.3723,21.4381,17707.8848,21.317,20627.798,21.7888,24287.3667,20.8027,24457.5151
20201112,002862.SZ,21.01,21.31,20.4,20.9,21.0,-0.10000000000000142,-0.4762,16773.5,34682.676,1.4811,0.7,21.344,24026.684,21.212,22011.734,21.1877,19366.6031,21.39,17975.3848,21.2863,20069.6313,21.7958,24277.1957,20.8079,24484.3276
20201113,002862.SZ,20.66,21.6,20.61,21.15,20.9,0.25,1.1962,23935.5,50723.02,2.1135,1.0,21.364,26078.3,21.279,22746.742,21.2008,20524.68,21.3529,18164.2181,21.2797,19937.8313,21.8062,24510.2373,20.8122,24555.4234
20201116,002862.SZ,21.27,22.0,20.64,21.28,21.15,0.13000000000000256,0.6147,12117.91,25844.974,1.07,0.46,21.25,19630.282,21.407,22997.783,21.2154,20473.5192,21.3205,17771.3805,21.2987,19619.6283,21.8112,24302.3942,20.819,24559.456
20201117,002862.SZ,21.5,21.56,20.71,20.83,21.28,-0.45000000000000284,-2.1147,9920.0,20717.334,0.8759,0.51,21.032,16173.282,21.299,19932.483,21.1831,20468.5192,21.2824,17484.7376,21.325,19228.6703,21.802,23717.2442,20.8216,24562.3914
20201118,002862.SZ,20.72,20.99,20.51,20.66,20.83,-0.16999999999999815,-0.8161,8661.0,17861.57,0.7648,0.54,20.964,14281.582,21.214,19056.483,21.1969,19858.9485,21.2329,17146.5357,21.3237,18076.787,21.765,23062.4858,20.8129,24421.8922
20201119,002862.SZ,20.66,20.7,20.15,20.2,20.66,-0.46000000000000085,-2.2265,17556.0,35704.571,1.5502,1.23,20.824,14438.082,21.084,19232.383,21.2123,20470.3715,21.1571,17378.6071,21.3307,17805.4497,21.709,22746.7942,20.8031,24404.5778
20201120,002862.SZ,20.63,20.63,19.97,20.31,20.2,0.10999999999999943,0.5446,20919.31,42348.791,1.8472,1.45,20.656,13834.844,21.01,19956.572,21.0892,18958.5492,21.0867,17761.8124,21.2953,17482.8267,21.6678,22464.2327,20.7927,24472.8554
20201123,002862.SZ,20.31,20.39,19.98,20.32,20.31,0.010000000000001563,0.0492,11269.0,22734.633,0.9951,0.81,20.464,13665.062,20.857,16647.672,20.9977,18485.3185,21.0262,17962.7648,21.26,17191.86,21.6342,22122.9077,20.7826,24454.9387
20201124,002862.SZ,20.32,20.58,19.95,19.95,20.32,-0.370000000000001,-1.8209,27068.5,54506.274,2.3902,1.98,20.288,17094.762,20.66,16634.022,20.8785,19352.3569,20.959,18248.241,21.1933,17336.21,21.5948,22131.391,20.7707,24568.0593
20201125,002862.SZ,20.35,21.92,19.52,21.88,19.95,1.9299999999999997,9.6742,41148.5,86693.598,3.6334,2.41,20.532,23592.262,20.748,18936.922,20.9423,21465.5169,21.0019,19784.8124,21.1923,18335.96,21.5548,22032.8433,20.7733,24733.7177
20201126,002862.SZ,22.0,24.07,21.03,24.07,21.88,2.1900000000000013,10.0091,92231.05,215767.037,8.144,3.91,21.306,38527.272,21.065,26482.677,21.1131,25148.0592,21.1438,23568.0529,21.2637,20744.6617,21.5655,22961.7525,20.794,25253.5014
20201127,002862.SZ,24.25,26.48,21.66,21.66,24.07,-2.41,-10.0125,99105.39,243691.177,8.751,2.57,21.576,54164.488,21.116,33999.666,21.0931,30678.8585,21.1633,27811.881,21.2537,23369.258,21.5327,24166.7673,20.799,25944.0755
20201130,002862.SZ,19.49,22.81,19.49,22.81,21.66,1.1499999999999986,5.3093,130577.89,272665.048,11.5301,2.41,22.074,78026.266,21.269,45845.664,21.2323,39329.5038,21.2743,33240.0938,21.293,27190.5377,21.5108,25947.1655,20.8075,26875.8424
